sport,league,game_date,game_id,odds_last_update,game_time,home_team,away_team,home_spread,away_spread,total,home_dk_moneyline_american,away_dk_moneyline_american,home_dk_spread_american,away_dk_spread_american,dk_total_over_american,dk_total_under_american,home_dk_moneyline_decimal,away_dk_moneyline_decimal,home_dk_spread_decimal,away_dk_spread_decimal,dk_total_over_decimal,dk_total_under_decimal,home_prob,away_prob,home_projected_points,away_projected_points,total_projected_points,bias_applied,source_file,away_decimal,home_decimal,away_implied_prob,home_implied_prob,away_market_prob,home_market_prob,home_model_prob,away_model_prob,away_fair,home_fair,away_acceptable_decimal_moneyline,home_acceptable_decimal_moneyline,away_acceptable_american_moneyline,home_acceptable_american_moneyline,home_ml_ev,home_ml_edge_vs_market,home_ml_kelly,home_ml_ev_pct,home_ml_edge_vs_market_pct,away_ml_ev,away_ml_edge_vs_market,away_ml_kelly,away_ml_ev_pct,away_ml_edge_vs_market_pct,bet_side,bet_line,bet_odds_american,bet_ev,bet_kelly,bet_model_prob,bet_edge_vs_market,bet_stake_pct,market_type,league_lower,home_spread_model_prob,away_spread_model_prob,fair_home_spread_decimal,fair_away_spread_decimal,home_acceptable_spread_decimal,away_acceptable_spread_decimal,home_acceptable_spread_american,away_acceptable_spread_american,home_spread_implied_prob,away_spread_implied_prob,home_spread_market_prob,away_spread_market_prob,home_spread_ev,home_spread_edge_vs_market,home_spread_kelly,home_spread_ev_pct,home_spread_edge_vs_market_pct,away_spread_ev,away_spread_edge_vs_market,away_spread_kelly,away_spread_ev_pct,away_spread_edge_vs_market_pct,over_model_prob,under_model_prob,fair_over,fair_under,acceptable_over,acceptable_under,over_implied_prob,under_implied_prob,over_market_prob,under_market_prob,over_ev,over_edge_vs_market,over_kelly,over_ev_pct,over_edge_vs_market_pct,under_ev,under_edge_vs_market,under_kelly,under_ev_pct,under_edge_vs_market_pct
Basketball,NBA,2025_10_22,NBA_2025_10_22_Chicago_Bulls_Detroit_Pistons,2026_04_17,08:10 PM,Chicago Bulls,Detroit Pistons,2.0,-2.0,234.0,115,-135,-110,-110,-110,-110,2.15,1.740741,1.909091,1.909091,1.909091,1.909091,0.405,0.595,116.2,119.9,236.1,1,2025_NBA,1.7407407407407407,2.15,0.574468085106383,0.46511627906976744,0.552594002855783,0.447405997144217,0.405,0.595,1.680672268907563,2.4691358024691357,1.7142857142857144,2.5185185185185186,-139,+151,-0.12924999999999998,-0.042405997144217,0.0,-12.924999999999997,-4.2405997144217,0.035740894999999995,0.042405997144217,0.04825019136243301,3.5740894999999995,4.2405997144217,away,-135.0,-135.0,0.035740894999999995,0.04825019136243301,0.595,4.2405997144217,0.012062547840608253,moneyline,nba,,,,,,,,,,,,,,,,,,,,,,,,,,,,,,,,,,,,,,,,,,
Basketball,NBA,2025_10_22,NBA_2025_10_22_Memphis_Grizzlies_New_Orleans_Pelicans,2026_04_17,08:10 PM,Memphis Grizzlies,New Orleans Pelicans,-3.5,3.5,235.5,-160,140,-115,-105,-115,-105,1.625,2.4,1.869565,1.952381,1.869565,1.952381,0.697,0.303,119.8,114.2,234.0,1,2025_NBA,2.4,1.625,0.4166666666666667,0.6153846153846154,0.40372670807453415,0.5962732919254659,0.697,0.303,3.3003300330033003,1.4347202295552368,3.366336633663366,1.4634146341463417,+236,-215,0.132625,0.1007267080745341,0.2121999999999999,13.2625,10.07267080745341,-0.27280000000000004,-0.10072670807453415,0.0,-27.280000000000005,-10.072670807453415,home,-160.0,-160.0,0.132625,0.2121999999999999,0.697,10.07267080745341,0.05,moneyline,nba,,,,,,,,,,,,,,,,,,,,,,,,,,,,,,,,,,,,,,,,,,
Basketball,NBA,2025_10_22,NBA_2025_10_22_New_York_Knicks_Cleveland_Cavaliers,2026_04_17,07:12 PM,New York Knicks,Cleveland Cavaliers,-4.0,4.0,229.5,-165,145,-110,-110,-110,-110,1.606061,2.45,1.909091,1.909091,1.909091,1.909091,0.497,0.503,115.3,115.7,231.0,1,2025_NBA,2.45,1.606060606060606,0.4081632653061224,0.6226415094339623,0.3959656331714605,0.6040343668285394,0.497,0.503,1.9880715705765408,2.0120724346076457,2.0278330019880717,2.0523138832997985,+102,+105,-0.20178768300000005,-0.1070343668285394,0.0,-20.178768300000005,-10.70343668285394,0.23235000000000006,0.1070343668285395,0.16024137931034485,23.235000000000007,10.703436682853951,away,145.0,145.0,0.23235000000000006,0.16024137931034485,0.503,10.703436682853951,0.04006034482758621,moneyline,nba,,,,,,,,,,,,,,,,,,,,,,,,,,,,,,,,,,,,,,,,,,
Basketball,NBA,2025_10_22,NBA_2025_10_22_Phoenix_Suns_Sacramento_Kings,2026_04_17,10:10 PM,Phoenix Suns,Sacramento Kings,-1.5,1.5,228.5,-165,145,-115,-105,-110,-110,1.606061,2.45,1.869565,1.952381,1.909091,1.909091,0.648,0.352,116.7,112.2,228.9,1,2025_NBA,2.45,1.606060606060606,0.4081632653061224,0.6226415094339623,0.3959656331714605,0.6040343668285394,0.648,0.352,2.8409090909090913,1.5432098765432098,2.897727272727273,1.5740740740740742,+189,-174,0.0407275279999999,0.04396563317146063,0.06720037751975463,4.07275279999999,4.396563317146063,-0.13759999999999994,-0.043965633171460516,0.0,-13.759999999999994,-4.396563317146052,home,-165.0,-165.0,0.0407275279999999,0.06720037751975463,0.648,4.396563317146063,0.01680009437993866,moneyline,nba,,,,,,,,,,,,,,,,,,,,,,,,,,,,,,,,,,,,,,,,,,
Basketball,NBA,2025_10_22,NBA_2025_10_22_Portland_Trail_Blazers_Minnesota_Timberwolves,2026_04_17,10:10 PM,Portland Trail Blazers,Minnesota Timberwolves,3.0,-3.0,219.5,140,-160,-110,-110,-110,-110,2.4,1.625,1.909091,1.909091,1.909091,1.909091,0.286,0.714,108.7,115.6,224.3,1,2025_NBA,1.625,2.4,0.6153846153846154,0.4166666666666667,0.5962732919254659,0.40372670807453415,0.286,0.714,1.400560224089636,3.4965034965034967,1.4285714285714288,3.5664335664335667,-233,+256,-0.3136000000000001,-0.11772670807453417,0.0,-31.36000000000001,-11.772670807453418,0.16025,0.11772670807453411,0.2563999999999999,16.025,11.772670807453412,away,-160.0,-160.0,0.16025,0.2563999999999999,0.714,11.772670807453412,0.05,moneyline,nba,,,,,,,,,,,,,,,,,,,,,,,,,,,,,,,,,,,,,,,,,,
Basketball,NBA,2025_10_23,NBA_2025_10_23_Golden_State_Warriors_Denver_Nuggets,2026_04_17,10:10 PM,Golden State Warriors,Denver Nuggets,1.5,-1.5,233.5,-135,115,-110,-110,-105,-115,1.740741,2.15,1.909091,1.909091,1.952381,1.869565,0.445,0.555,115.8,118.3,234.1,1,2025_NBA,2.15,1.7407407407407407,0.46511627906976744,0.574468085106383,0.447405997144217,0.552594002855783,0.445,0.555,1.8018018018018016,2.247191011235955,1.8378378378378377,2.2921348314606744,-119,+129,-0.22537025499999996,-0.10759400285578297,0.0,-22.537025499999995,-10.759400285578296,0.19325000000000014,0.10759400285578302,0.1680434782608696,19.325000000000014,10.759400285578302,away,115.0,115.0,0.19325000000000014,0.1680434782608696,0.555,10.759400285578302,0.0420108695652174,moneyline,nba,,,,,,,,,,,,,,,,,,,,,,,,,,,,,,,,,,,,,,,,,,
Basketball,NBA,2025_10_24,NBA_2025_10_24_Los_Angeles_Lakers_Minnesota_Timberwolves,2026_04_17,10:10 PM,Los Angeles Lakers,Minnesota Timberwolves,2.5,-2.5,225.0,120,-140,-115,-105,-110,-110,2.2,1.714286,1.869565,1.952381,1.909091,1.909091,0.389,0.611,109.5,113.7,223.2,1,2025_NBA,1.7142857142857144,2.2,0.5833333333333333,0.45454545454545453,0.5620437956204379,0.43795620437956206,0.389,0.611,1.6366612111292962,2.570694087403599,1.6693944353518821,2.622107969151671,-149,+162,-0.14419999999999988,-0.04895620437956205,0.0,-14.419999999999987,-4.895620437956206,0.04742874600000002,0.04895620437956205,0.06640021783991282,4.742874600000002,4.895620437956206,away,-140.0,-140.0,0.04742874600000002,0.06640021783991282,0.611,4.895620437956206,0.016600054459978204,moneyline,nba,,,,,,,,,,,,,,,,,,,,,,,,,,,,,,,,,,,,,,,,,,
Basketball,NBA,2025_10_24,NBA_2025_10_24_Memphis_Grizzlies_Miami_Heat,2026_04_17,08:10 PM,Memphis Grizzlies,Miami Heat,-4.0,4.0,231.5,-165,145,-110,-110,-115,-105,1.606061,2.45,1.909091,1.909091,1.869565,1.952381,0.66,0.34,116.3,111.7,228.0,1,2025_NBA,2.45,1.606060606060606,0.4081632653061224,0.6226415094339623,0.3959656331714605,0.6040343668285394,0.66,0.34,2.941176470588235,1.5151515151515151,3.0,1.5454545454545454,+200,-183,0.06000026000000003,0.05596563317146064,0.09900036464976303,6.000026000000003,5.596563317146064,-0.16699999999999993,-0.05596563317146047,0.0,-16.699999999999992,-5.596563317146047,home,-165.0,-165.0,0.06000026000000003,0.09900036464976303,0.66,5.596563317146064,0.024750091162440757,moneyline,nba,,,,,,,,,,,,,,,,,,,,,,,,,,,,,,,,,,,,,,,,,,
Basketball,NBA,2025_10_24,NBA_2025_10_24_Portland_Trail_Blazers_Golden_State_Warriors,2026_04_17,10:10 PM,Portland Trail Blazers,Golden State Warriors,2.5,-2.5,228.0,-125,105,-110,-110,-105,-115,1.8,2.05,1.909091,1.909091,1.952381,1.869565,0.449,0.551,110.8,113.3,224.1,1,2025_NBA,2.05,1.8,0.48780487804878053,0.5555555555555556,0.4675324675324676,0.5324675324675325,0.449,0.551,1.8148820326678765,2.2271714922048997,1.851179673321234,2.271714922048998,-117,+127,-0.19179999999999997,-0.08346753246753252,0.0,-19.179999999999996,-8.346753246753252,0.12955000000000005,0.08346753246753247,0.12338095238095234,12.955000000000005,8.346753246753247,away,105.0,105.0,0.12955000000000005,0.12338095238095234,0.551,8.346753246753247,0.030845238095238085,moneyline,nba,,,,,,,,,,,,,,,,,,,,,,,,,,,,,,,,,,,,,,,,,,
Basketball,NBA,2025_10_25,NBA_2025_10_25_Memphis_Grizzlies_Indiana_Pacers,2026_04_17,08:10 PM,Memphis Grizzlies,Indiana Pacers,1.5,-1.5,236.5,115,-135,-110,-110,-110,-110,2.15,1.740741,1.909091,1.909091,1.909091,1.909091,0.525,0.475,118.9,118.1,237.0,1,2025_NBA,1.7407407407407407,2.15,0.574468085106383,0.46511627906976744,0.552594002855783,0.447405997144217,0.525,0.475,2.1052631578947367,1.9047619047619047,2.1473684210526316,1.9428571428571428,+114,-106,0.12874999999999992,0.077594002855783,0.11195652173913047,12.874999999999993,7.7594002855783,-0.17314802500000004,-0.077594002855783,0.0,-17.314802500000003,-7.7594002855783,home,115.0,115.0,0.12874999999999992,0.11195652173913047,0.525,7.7594002855783,0.027989130434782617,moneyline,nba,,,,,,,,,,,,,,,,,,,,,,,,,,,,,,,,,,,,,,,,,,
Basketball,NBA,2025_10_25,NBA_2025_10_25_Philadelphia_76ers_Charlotte_Hornets,2026_04_17,07:40 PM,Philadelphia 76ers,Charlotte Hornets,-6.5,6.5,232.5,-240,200,-110,-110,-110,-110,1.416667,3.0,1.909091,1.909091,1.909091,1.909091,0.735,0.265,116.3,109.3,225.6,1,2025_NBA,3.0,1.4166666666666667,0.3333333333333333,0.7058823529411764,0.3207547169811321,0.679245283018868,0.735,0.265,3.773584905660377,1.3605442176870748,3.8490566037735845,1.3877551020408163,+284,-257,0.04125024499999985,0.05575471698113199,0.09900050879959277,4.125024499999985,5.5754716981131995,-0.20499999999999996,-0.0557547169811321,0.0,-20.499999999999996,-5.57547169811321,home,-240.0,-240.0,0.04125024499999985,0.09900050879959277,0.735,5.5754716981131995,0.024750127199898192,moneyline,nba,,,,,,,,,,,,,,,,,,,,,,,,,,,,,,,,,,,,,,,,,,
Basketball,NBA,2025_10_26,NBA_2025_10_26_Cleveland_Cavaliers_Milwaukee_Bucks,2026_04_17,06:10 PM,Cleveland Cavaliers,Milwaukee Bucks,-8.0,8.0,233.5,-250,207,-110,-110,-110,-110,1.4,3.07,1.909091,1.909091,1.909091,1.909091,0.758,0.242,120.7,113.1,233.8,1,2025_NBA,3.07,1.4,0.32573289902280134,0.7142857142857143,0.3131991051454139,0.6868008948545861,0.758,0.242,4.132231404958678,1.3192612137203166,4.214876033057852,1.3456464379947228,+321,-289,0.06119999999999992,0.07119910514541394,0.15299999999999983,6.119999999999992,7.119910514541394,-0.25706000000000007,-0.07119910514541389,0.0,-25.706000000000007,-7.119910514541389,home,-250.0,-250.0,0.06119999999999992,0.15299999999999983,0.758,7.119910514541394,0.03824999999999996,moneyline,nba,,,,,,,,,,,,,,,,,,,,,,,,,,,,,,,,,,,,,,,,,,
Basketball,NBA,2025_10_26,NBA_2025_10_26_Los_Angeles_Clippers_Portland_Trail_Blazers,2026_04_17,09:10 PM,Los Angeles Clippers,Portland Trail Blazers,-8.5,8.5,225.0,-295,241,-110,-110,-110,-110,1.338983,3.41,1.909091,1.909091,1.909091,1.909091,0.774,0.226,113.9,106.1,220.0,1,2025_NBA,3.41,1.3389830508474576,0.29325513196480935,0.7468354430379747,0.28195153288839714,0.7180484671116029,0.774,0.226,4.424778761061947,1.2919896640826873,4.513274336283185,1.3178294573643412,+351,-314,0.036372842000000016,0.05595153288839716,0.1072998999949852,3.6372842000000016,5.595153288839716,-0.22934,-0.05595153288839713,0.0,-22.933999999999997,-5.595153288839713,home,-295.0,-295.0,0.036372842000000016,0.1072998999949852,0.774,5.595153288839716,0.0268249749987463,moneyline,nba,,,,,,,,,,,,,,,,,,,,,,,,,,,,,,,,,,,,,,,,,,
Basketball,NBA,2025_10_26,NBA_2025_10_26_Miami_Heat_New_York_Knicks,2026_04_17,06:10 PM,Miami Heat,New York Knicks,2.5,-2.5,227.5,120,-140,-110,-110,-110,-110,2.2,1.714286,1.909091,1.909091,1.909091,1.909091,0.357,0.643,108.3,113.4,221.7,1,2025_NBA,1.7142857142857144,2.2,0.5833333333333333,0.45454545454545453,0.5620437956204379,0.43795620437956206,0.357,0.643,1.5552099533437014,2.801120448179272,1.5863141524105755,2.8571428571428577,-170,+185,-0.2146,-0.08095620437956208,0.0,-21.46,-8.095620437956208,0.1022858980000001,0.08095620437956208,0.14320019991992003,10.228589800000009,8.095620437956208,away,-140.0,-140.0,0.1022858980000001,0.14320019991992003,0.643,8.095620437956208,0.03580004997998001,moneyline,nba,,,,,,,,,,,,,,,,,,,,,,,,,,,,,,,,,,,,,,,,,,
Basketball,NBA,2025_10_26,NBA_2025_10_26_Sacramento_Kings_Los_Angeles_Lakers,2026_04_17,09:10 PM,Sacramento Kings,Los Angeles Lakers,1.5,-1.5,230.0,102,-122,-110,-110,-110,-110,2.02,1.819672,1.909091,1.909091,1.909091,1.909091,0.574,0.426,114.0,111.6,225.6,1,2025_NBA,1.819672131147541,2.02,0.5495495495495495,0.49504950495049505,0.5260865852617197,0.47391341473828025,0.574,0.426,2.347417840375587,1.7421602787456447,2.394366197183099,1.7770034843205575,+139,-128,0.15947999999999984,0.10008658526171971,0.15635294117647053,15.947999999999984,10.00865852617197,-0.22481972800000005,-0.10008658526171971,0.0,-22.481972800000005,-10.00865852617197,home,102.0,102.0,0.15947999999999984,0.15635294117647053,0.574,10.00865852617197,0.03908823529411763,moneyline,nba,,,,,,,,,,,,,,,,,,,,,,,,,,,,,,,,,,,,,,,,,,
Basketball,NBA,2025_10_26,NBA_2025_10_26_Washington_Wizards_Charlotte_Hornets,2026_04_17,06:10 PM,Washington Wizards,Charlotte Hornets,-1.0,1.0,234.5,-120,100,-110,-110,-110,-110,1.833333,2.0,1.909091,1.909091,1.909091,1.909091,0.563,0.437,112.3,110.1,222.4,1,2025_NBA,2.0,1.8333333333333335,0.5,0.5454545454545454,0.4782608695652174,0.5217391304347826,0.563,0.437,2.288329519450801,1.7761989342806397,2.334096109839817,1.8117229129662524,+133,-123,0.032166479000000026,0.04126086956521735,0.038599790239916054,3.2166479000000026,4.1260869565217355,-0.126,-0.041260869565217406,0.0,-12.6,-4.126086956521741,home,-120.0,-120.0,0.032166479000000026,0.038599790239916054,0.563,4.1260869565217355,0.009649947559979014,moneyline,nba,,,,,,,,,,,,,,,,,,,,,,,,,,,,,,,,,,,,,,,,,,
Basketball,NBA,2025_10_27,NBA_2025_10_27_Chicago_Bulls_Atlanta_Hawks,2026_04_17,08:10 PM,Chicago Bulls,Atlanta Hawks,-1.0,1.0,239.0,-105,-115,-110,-110,-110,-110,1.952381,1.869565,1.909091,1.909091,1.909091,1.909091,0.433,0.567,118.7,121.6,240.3,1,2025_NBA,1.8695652173913042,1.9523809523809523,0.5348837209302326,0.5121951219512195,0.5108342361863489,0.4891657638136511,0.433,0.567,1.7636684303350971,2.3094688221709005,1.798941798941799,2.355658198614319,-125,+135,-0.15461902700000008,-0.056165763813651126,0.0,-15.461902700000007,-5.616576381365112,0.06004335499999991,0.056165763813651015,0.06904987551246872,6.004335499999991,5.6165763813651015,away,-115.0,-115.0,0.06004335499999991,0.06904987551246872,0.567,5.6165763813651015,0.01726246887811718,moneyline,nba,,,,,,,,,,,,,,,,,,,,,,,,,,,,,,,,,,,,,,,,,,
Basketball,NBA,2025_10_27,NBA_2025_10_27_Dallas_Mavericks_Oklahoma_City_Thunder,2026_04_17,08:40 PM,Dallas Mavericks,Oklahoma City Thunder,7.5,-7.5,228.5,245,-300,-110,-110,-110,-110,3.45,1.333333,1.909091,1.909091,1.909091,1.909091,0.205,0.795,110.1,119.3,229.4,1,2025_NBA,1.3333333333333333,3.45,0.75,0.2898550724637681,0.7212543554006969,0.2787456445993032,0.205,0.795,1.2578616352201257,4.878048780487805,1.2830188679245282,4.975609756097561,-353,+397,-0.29274999999999995,-0.07374564459930319,0.0,-29.274999999999995,-7.374564459930319,0.05999973500000011,0.0737456445993031,0.17999938499938528,5.999973500000011,7.37456445993031,away,-300.0,-300.0,0.05999973500000011,0.17999938499938528,0.795,7.37456445993031,0.04499984624984632,moneyline,nba,,,,,,,,,,,,,,,,,,,,,,,,,,,,,,,,,,,,,,,,,,
Basketball,NBA,2025_10_27,NBA_2025_10_27_Detroit_Pistons_Cleveland_Cavaliers,2026_04_17,07:10 PM,Detroit Pistons,Cleveland Cavaliers,4.0,-4.0,232.0,115,-135,-110,-110,-110,-110,2.15,1.740741,1.909091,1.909091,1.909091,1.909091,0.4,0.6,114.9,118.7,233.6,1,2025_NBA,1.7407407407407407,2.15,0.574468085106383,0.46511627906976744,0.552594002855783,0.447405997144217,0.4,0.6,1.6666666666666667,2.5,1.7000000000000002,2.55,-142,+154,-0.14,-0.047405997144217005,0.0,-14.000000000000002,-4.7405997144217,0.044444600000000056,0.047405997144217005,0.06000018899993384,4.444460000000006,4.7405997144217,away,-135.0,-135.0,0.044444600000000056,0.06000018899993384,0.6,4.7405997144217,0.01500004724998346,moneyline,nba,,,,,,,,,,,,,,,,,,,,,,,,,,,,,,,,,,,,,,,,,,
Basketball,NBA,2025_10_27,NBA_2025_10_27_Los_Angeles_Lakers_Portland_Trail_Blazers,2026_04_17,10:40 PM,Los Angeles Lakers,Portland Trail Blazers,3.0,-3.0,222.0,-103,-117,100,-120,-110,-110,1.970874,1.854701,2.0,1.833333,1.909091,1.909091,0.527,0.473,111.4,110.7,222.1,1,2025_NBA,1.8547008547008548,1.970873786407767,0.5391705069124424,0.5073891625615764,0.5151837230488916,0.48481627695110846,0.527,0.473,2.1141649048625792,1.8975332068311195,2.156448202959831,1.935483870967742,+115,-106,0.038650598000000036,0.042183723048891564,0.03981010718177646,3.8650598000000036,4.218372304889156,-0.12272642700000003,-0.04218372304889162,0.0,-12.272642700000002,-4.2183723048891615,home,-103.0,-103.0,0.038650598000000036,0.03981010718177646,0.527,4.218372304889156,0.009952526795444115,moneyline,nba,,,,,,,,,,,,,,,,,,,,,,,,,,,,,,,,,,,,,,,,,,
Basketball,NBA,2025_10_27,NBA_2025_10_27_Minnesota_Timberwolves_Denver_Nuggets,2026_04_17,09:40 PM,Minnesota Timberwolves,Denver Nuggets,6.0,-6.0,232.0,157,-180,-107,-113,-110,-110,2.57,1.555556,1.934579,1.884956,1.909091,1.909091,0.317,0.683,113.2,119.2,232.4,1,2025_NBA,1.5555555555555556,2.5700000000000003,0.6428571428571428,0.3891050583657587,0.6229464045246431,0.37705359547535683,0.317,0.683,1.4641288433382136,3.1545741324921135,1.493411420204978,3.217665615141956,-202,+221,-0.18531000000000009,-0.060053595475356825,0.0,-18.53100000000001,-6.005359547535683,0.062444748000000105,0.060053595475356936,0.11240045647963492,6.2444748000000105,6.005359547535694,away,-180.0,-180.0,0.062444748000000105,0.11240045647963492,0.683,6.005359547535694,0.02810011411990873,moneyline,nba,,,,,,,,,,,,,,,,,,,,,,,,,,,,,,,,,,,,,,,,,,
Basketball,NBA,2025_10_27,NBA_2025_10_27_New_Orleans_Pelicans_Boston_Celtics,2026_04_17,08:10 PM,New Orleans Pelicans,Boston Celtics,-2.0,2.0,233.5,-130,110,-110,-110,-110,-110,1.769231,2.1,1.909091,1.909091,1.909091,1.909091,0.421,0.579,109.0,112.4,221.4,1,2025_NBA,2.1,1.7692307692307692,0.47619047619047616,0.5652173913043479,0.4572564612326044,0.5427435387673957,0.421,0.579,1.7271157167530227,2.375296912114014,1.7616580310880832,2.4228028503562946,-131,+142,-0.255153749,-0.12174353876739569,0.0,-25.515374899999998,-12.174353876739568,0.21589999999999998,0.12174353876739558,0.19627272727272724,21.589999999999996,12.174353876739557,away,110.0,110.0,0.21589999999999998,0.19627272727272724,0.579,12.174353876739557,0.04906818181818181,moneyline,nba,,,,,,,,,,,,,,,,,,,,,,,,,,,,,,,,,,,,,,,,,,
Basketball,NBA,2025_10_27,NBA_2025_10_27_Philadelphia_76ers_Orlando_Magic,2026_04_17,07:10 PM,Philadelphia 76ers,Orlando Magic,4.5,-4.5,225.5,135,-155,-110,-110,-110,-110,2.35,1.645161,1.909091,1.909091,1.909091,1.909091,0.377,0.623,108.7,113.1,221.8,1,2025_NBA,1.6451612903225805,2.35,0.607843137254902,0.425531914893617,0.5882115462252726,0.4117884537747275,0.377,0.623,1.6051364365971108,2.6525198938992043,1.637239165329053,2.7055702917771884,-156,+170,-0.11404999999999998,-0.0347884537747275,0.0,-11.404999999999998,-3.47884537747275,0.02493530300000013,0.03478845377472739,0.03864973704238178,2.493530300000013,3.478845377472739,away,-155.0,-155.0,0.02493530300000013,0.03864973704238178,0.623,3.478845377472739,0.009662434260595446,moneyline,nba,,,,,,,,,,,,,,,,,,,,,,,,,,,,,,,,,,,,,,,,,,
Basketball,NBA,2025_10_28,NBA_2025_10_28_Golden_State_Warriors_Los_Angeles_Clippers,2026_04_17,11:10 PM,Golden State Warriors,Los Angeles Clippers,1.5,-1.5,227.0,-105,-115,-103,-117,-110,-110,1.952381,1.869565,1.970874,1.854701,1.909091,1.909091,0.525,0.475,111.4,110.6,222.0,1,2025_NBA,1.8695652173913042,1.9523809523809523,0.5348837209302326,0.5121951219512195,0.5108342361863489,0.4891657638136511,0.525,0.475,2.1052631578947367,1.9047619047619047,2.1473684210526316,1.9428571428571428,+114,-106,0.02500002499999998,0.0358342361863489,0.026250024937498735,2.500002499999998,3.58342361863489,-0.11195662500000003,-0.035834236186348956,0.0,-11.195662500000003,-3.5834236186348956,home,-105.0,-105.0,0.02500002499999998,0.026250024937498735,0.525,3.58342361863489,0.006562506234374684,moneyline,nba,,,,,,,,,,,,,,,,,,,,,,,,,,,,,,,,,,,,,,,,,,
Basketball,NBA,2025_10_28,NBA_2025_10_28_Milwaukee_Bucks_New_York_Knicks,2026_04_17,08:10 PM,Milwaukee Bucks,New York Knicks,1.0,-1.0,232.0,-102,-118,-110,-110,-110,-110,1.980392,1.847458,1.909091,1.909091,1.909091,1.909091,0.416,0.584,112.7,116.1,228.8,1,2025_NBA,1.847457627118644,1.9803921568627452,0.5412844036697247,0.504950495049505,0.5173641257162701,0.4826358742837298,0.416,0.584,1.7123287671232879,2.4038461538461537,1.7465753424657537,2.4519230769230766,-133,+145,-0.17615692800000005,-0.0666358742837298,0.0,-17.615692800000005,-6.66358742837298,0.07891547200000004,0.06663587428372986,0.09312021598710495,7.891547200000004,6.663587428372986,away,-118.0,-118.0,0.07891547200000004,0.09312021598710495,0.584,6.663587428372986,0.023280053996776236,moneyline,nba,,,,,,,,,,,,,,,,,,,,,,,,,,,,,,,,,,,,,,,,,,
Basketball,NBA,2025_10_30,NBA_2025_10_30_Charlotte_Hornets_Orlando_Magic,2026_04_17,07:10 PM,Charlotte Hornets,Orlando Magic,4.0,-4.0,239.0,125,-145,-105,-115,-110,-110,2.25,1.689655,1.952381,1.869565,1.909091,1.909091,0.393,0.607,106.2,110.0,216.2,1,2025_NBA,1.6896551724137931,2.25,0.5918367346938775,0.4444444444444444,0.5711159737417943,0.42888402625820565,0.393,0.607,1.6474464579901154,2.544529262086514,1.6803953871499178,2.5954198473282446,-146,+159,-0.11575000000000002,-0.03588402625820564,0.0,-11.575000000000003,-3.5884026258205637,0.025620584999999974,0.03588402625820564,0.03714985753746427,2.5620584999999974,3.5884026258205637,away,-145.0,-145.0,0.025620584999999974,0.03714985753746427,0.607,3.5884026258205637,0.009287464384366067,moneyline,nba,,,,,,,,,,,,,,,,,,,,,,,,,,,,,,,,,,,,,,,,,,
Basketball,NBA,2025_10_30,NBA_2025_10_30_Milwaukee_Bucks_Golden_State_Warriors,2026_04_17,08:10 PM,Milwaukee Bucks,Golden State Warriors,2.0,-2.0,231.0,113,-133,-115,-105,-110,-110,2.13,1.75188,1.869565,1.952381,1.909091,1.909091,0.291,0.709,110.7,117.4,228.1,1,2025_NBA,1.7518796992481203,2.13,0.5708154506437768,0.4694835680751174,0.5487032481744757,0.4512967518255245,0.291,0.709,1.4104372355430184,3.436426116838488,1.4386459802538787,3.505154639175258,-227,+250,-0.3801700000000001,-0.1602967518255245,0.0,-38.01700000000001,-16.02967518255245,0.2420829200000001,0.16029675182552428,0.321970154811938,24.208292000000007,16.029675182552428,away,-133.0,-133.0,0.2420829200000001,0.321970154811938,0.709,16.029675182552428,0.05,moneyline,nba,,,,,,,,,,,,,,,,,,,,,,,,,,,,,,,,,,,,,,,,,,
Basketball,NBA,2025_10_31,NBA_2025_10_31_Chicago_Bulls_New_York_Knicks,2026_04_17,08:10 PM,Chicago Bulls,New York Knicks,3.5,-3.5,236.5,153,-175,-105,-115,-110,-110,2.53,1.571429,1.952381,1.869565,1.909091,1.909091,0.344,0.656,113.4,118.7,232.1,1,2025_NBA,1.5714285714285714,2.5300000000000002,0.6363636363636364,0.39525691699604737,0.6168582375478928,0.3831417624521073,0.344,0.656,1.524390243902439,2.906976744186047,1.5548780487804879,2.965116279069768,-180,+196,-0.12968000000000013,-0.03914176245210732,0.0,-12.968000000000012,-3.914176245210732,0.03085742399999991,0.03914176245210721,0.054000451499661414,3.085742399999991,3.914176245210721,away,-175.0,-175.0,0.03085742399999991,0.054000451499661414,0.656,3.914176245210721,0.013500112874915354,moneyline,nba,,,,,,,,,,,,,,,,,,,,,,,,,,,,,,,,,,,,,,,,,,
Basketball,NBA,2025_10_31,NBA_2025_10_31_Philadelphia_76ers_Boston_Celtics,2026_04_17,07:10 PM,Philadelphia 76ers,Boston Celtics,-3.5,3.5,234.5,-138,118,-110,-110,-110,-110,1.724638,2.18,1.909091,1.909091,1.909091,1.909091,0.477,0.523,115.0,116.5,231.5,1,2025_NBA,2.1799999999999997,1.7246376811594204,0.4587155963302753,0.5798319327731092,0.44168955534110316,0.5583104446588968,0.477,0.523,1.9120458891013383,2.0964360587002098,1.9502868068833652,2.138364779874214,-105,+113,-0.17734767400000007,-0.08131044465889681,0.0,-17.734767400000006,-8.13104446588968,0.14014000000000015,0.08131044465889686,0.1187627118644069,14.014000000000015,8.131044465889687,away,118.0,118.0,0.14014000000000015,0.1187627118644069,0.523,8.131044465889687,0.029690677966101725,moneyline,nba,,,,,,,,,,,,,,,,,,,,,,,,,,,,,,,,,,,,,,,,,,
Basketball,NBA,2025_10_31,NBA_2025_10_31_Phoenix_Suns_Utah_Jazz,2026_04_17,10:10 PM,Phoenix Suns,Utah Jazz,-4.5,4.5,232.0,-145,125,-110,-110,-105,-115,1.689655,2.25,1.909091,1.909091,1.952381,1.869565,0.624,0.376,117.4,113.7,231.1,1,2025_NBA,2.25,1.6896551724137931,0.4444444444444444,0.5918367346938775,0.42888402625820565,0.5711159737417943,0.624,0.376,2.6595744680851063,1.6025641025641026,2.7127659574468086,1.6346153846153848,+171,-157,0.05434472000000001,0.05288402625820565,0.07879986369996587,5.434472000000001,5.288402625820565,-0.15400000000000003,-0.05288402625820565,0.0,-15.400000000000002,-5.288402625820565,home,-145.0,-145.0,0.05434472000000001,0.07879986369996587,0.624,5.288402625820565,0.01969996592499147,moneyline,nba,,,,,,,,,,,,,,,,,,,,,,,,,,,,,,,,,,,,,,,,,,
Basketball,NBA,2025_10_31,NBA_2025_10_31_Portland_Trail_Blazers_Denver_Nuggets,2026_04_17,10:10 PM,Portland Trail Blazers,Denver Nuggets,5.5,-5.5,236.5,161,-185,-115,-105,-110,-110,2.61,1.540541,1.869565,1.952381,1.909091,1.909091,0.246,0.754,112.0,120.4,232.4,1,2025_NBA,1.5405405405405406,2.6100000000000003,0.6491228070175439,0.38314176245210724,0.6288337565930846,0.3711662434069154,0.246,0.754,1.3262599469496021,4.065040650406504,1.3527851458885942,4.146341463414634,-283,+314,-0.35794000000000004,-0.1251662434069154,0.0,-35.794000000000004,-12.51662434069154,0.16156791399999992,0.1251662434069154,0.2989003868346712,16.156791399999992,12.51662434069154,away,-185.0,-185.0,0.16156791399999992,0.2989003868346712,0.754,12.51662434069154,0.05,moneyline,nba,,,,,,,,,,,,,,,,,,,,,,,,,,,,,,,,,,,,,,,,,,
Basketball,NBA,2025_11_01,NBA_2025_11_01_Charlotte_Hornets_Minnesota_Timberwolves,2026_04_17,06:10 PM,Charlotte Hornets,Minnesota Timberwolves,3.0,-3.0,232.5,174,-200,105,-125,-110,-110,2.74,1.5,2.05,1.8,1.909091,1.909091,0.315,0.685,112.6,118.7,231.3,1,2025_NBA,1.5,2.74,0.6666666666666666,0.36496350364963503,0.6462264150943395,0.35377358490566035,0.315,0.685,1.4598540145985401,3.1746031746031744,1.489051094890511,3.238095238095238,-204,+223,-0.1368999999999999,-0.03877358490566035,0.0,-13.68999999999999,-3.877358490566035,0.02750000000000008,0.03877358490566052,0.05500000000000016,2.750000000000008,3.877358490566052,away,-200.0,-200.0,0.02750000000000008,0.05500000000000016,0.685,3.877358490566052,0.01375000000000004,moneyline,nba,,,,,,,,,,,,,,,,,,,,,,,,,,,,,,,,,,,,,,,,,,
Basketball,NBA,2025_11_02,NBA_2025_11_02_New_York_Knicks_Chicago_Bulls,2026_04_17,08:10 PM,New York Knicks,Chicago Bulls,-8.0,8.0,237.5,-255,211,-110,-110,-110,-110,1.392157,3.11,1.909091,1.909091,1.909091,1.909091,0.759,0.241,120.0,112.4,232.4,1,2025_NBA,3.11,1.392156862745098,0.3215434083601286,0.7183098591549296,0.30921998170811377,0.6907800182918863,0.759,0.241,4.149377593360996,1.3175230566534915,4.232365145228216,1.3438735177865613,+323,-290,0.056647163000000056,0.06821998170811372,0.14445021509242484,5.664716300000006,6.821998170811372,-0.2504900000000001,-0.06821998170811377,0.0,-25.04900000000001,-6.821998170811377,home,-255.0,-255.0,0.056647163000000056,0.14445021509242484,0.759,6.821998170811372,0.03611255377310621,moneyline,nba,,,,,,,,,,,,,,,,,,,,,,,,,,,,,,,,,,,,,,,,,,
Basketball,NBA,2025_11_03,NBA_2025_11_03_Boston_Celtics_Utah_Jazz,2026_04_17,08:40 PM,Boston Celtics,Utah Jazz,-8.5,8.5,232.5,-415,327,-110,-110,-110,-110,1.240964,4.27,1.909091,1.909091,1.909091,1.909091,0.835,0.165,121.6,111.8,233.4,1,2025_NBA,4.27,1.2409638554216866,0.234192037470726,0.8058252427184467,0.2251809099057738,0.7748190900942262,0.835,0.165,6.0606060606060606,1.1976047904191618,6.181818181818182,1.221556886227545,+518,-451,0.03620493999999996,0.06018090990577374,0.15025041084975313,3.6204939999999963,6.018090990577374,-0.29545,-0.060180909905773794,0.0,-29.544999999999998,-6.018090990577379,home,-415.0,-415.0,0.03620493999999996,0.15025041084975313,0.835,6.018090990577374,0.03756260271243828,moneyline,nba,,,,,,,,,,,,,,,,,,,,,,,,,,,,,,,,,,,,,,,,,,
Basketball,NBA,2025_11_03,NBA_2025_11_03_Brooklyn_Nets_Minnesota_Timberwolves,2026_04_17,08:10 PM,Brooklyn Nets,Minnesota Timberwolves,9.0,-9.0,230.0,306,-385,-110,-110,-110,-110,4.06,1.25974,1.909091,1.909091,1.909091,1.909091,0.161,0.839,106.6,117.5,224.1,1,2025_NBA,1.2597402597402598,4.0600000000000005,0.7938144329896907,0.2463054187192118,0.7631951564864996,0.23680484351350028,0.161,0.839,1.1918951132300357,6.211180124223603,1.2157330154946364,6.3354037267080745,-463,+533,-0.3463400000000001,-0.07580484351350028,0.0,-34.63400000000001,-7.580484351350028,0.0569218600000001,0.07580484351350036,0.21914938014938015,5.69218600000001,7.580484351350036,away,-385.0,-385.0,0.0569218600000001,0.21914938014938015,0.839,7.580484351350036,0.05,moneyline,nba,,,,,,,,,,,,,,,,,,,,,,,,,,,,,,,,,,,,,,,,,,
Basketball,NBA,2025_11_03,NBA_2025_11_03_Los_Angeles_Clippers_Miami_Heat,2026_04_17,11:40 PM,Los Angeles Clippers,Miami Heat,-7.5,7.5,230.5,-300,245,-110,-110,-110,-110,1.333333,3.45,1.909091,1.909091,1.909091,1.909091,0.767,0.233,116.3,108.5,224.8,1,2025_NBA,3.45,1.3333333333333333,0.2898550724637681,0.75,0.2787456445993032,0.7212543554006969,0.767,0.233,4.291845493562231,1.303780964797914,4.377682403433476,1.3298565840938723,+337,-303,0.02266641100000011,0.04574564459930308,0.06799930099930131,2.266641100000011,4.574564459930308,-0.19614999999999994,-0.045745644599303165,0.0,-19.614999999999995,-4.574564459930317,home,-300.0,-300.0,0.02266641100000011,0.06799930099930131,0.767,4.574564459930308,0.016999825249825327,moneyline,nba,,,,,,,,,,,,,,,,,,,,,,,,,,,,,,,,,,,,,,,,,,
Basketball,NBA,2025_11_03,NBA_2025_11_03_Memphis_Grizzlies_Detroit_Pistons,2026_04_17,09:10 PM,Memphis Grizzlies,Detroit Pistons,3.0,-3.0,238.0,145,-165,-110,-110,-110,-110,2.45,1.606061,1.909091,1.909091,1.909091,1.909091,0.353,0.647,115.6,120.7,236.3,1,2025_NBA,1.606060606060606,2.45,0.6226415094339623,0.4081632653061224,0.6040343668285394,0.3959656331714605,0.353,0.647,1.5455950540958268,2.8328611898017,1.5765069551777433,2.889518413597734,-173,+188,-0.13515,-0.042965633171460516,0.0,-13.514999999999999,-4.2965633171460516,0.039121466999999965,0.04296563317146063,0.06455037859225396,3.9121466999999965,4.296563317146063,away,-165.0,-165.0,0.039121466999999965,0.06455037859225396,0.647,4.296563317146063,0.01613759464806349,moneyline,nba,,,,,,,,,,,,,,,,,,,,,,,,,,,,,,,,,,,,,,,,,,
Basketball,NBA,2025_11_03,NBA_2025_11_03_Portland_Trail_Blazers_Los_Angeles_Lakers,2026_04_17,11:10 PM,Portland Trail Blazers,Los Angeles Lakers,-9.5,9.5,231.5,-165,145,-115,-105,-110,-110,1.606061,2.45,1.869565,1.952381,1.909091,1.909091,0.711,0.289,116.5,110.5,227.0,1,2025_NBA,2.45,1.606060606060606,0.4081632653061224,0.6226415094339623,0.3959656331714605,0.6040343668285394,0.711,0.289,3.4602076124567476,1.4064697609001406,3.5294117647058827,1.4345991561181435,+252,-230,0.1419093709999999,0.10696563317146057,0.23415030995229838,14.190937099999989,10.696563317146058,-0.29195000000000004,-0.10696563317146052,0.0,-29.195000000000004,-10.696563317146051,home,-165.0,-165.0,0.1419093709999999,0.23415030995229838,0.711,10.696563317146058,0.05,moneyline,nba,,,,,,,,,,,,,,,,,,,,,,,,,,,,,,,,,,,,,,,,,,
Basketball,NBA,2025_11_05,NBA_2025_11_05_Cleveland_Cavaliers_Philadelphia_76ers,2026_04_17,08:10 PM,Cleveland Cavaliers,Philadelphia 76ers,-9.5,9.5,233.5,-430,337,-110,-110,-110,-110,1.232558,4.37,1.909091,1.909091,1.909091,1.909091,0.832,0.168,121.3,111.4,232.7,1,2025_NBA,4.37,1.2325581395348837,0.22883295194508008,0.8113207547169812,0.21999916981445353,0.7800008301855466,0.832,0.168,5.952380952380952,1.2019230769230769,6.071428571428571,1.2259615384615383,+507,-442,0.025488256000000042,0.051999169814453405,0.10959956655973986,2.5488256000000042,5.199916981445341,-0.26583999999999997,-0.051999169814453516,0.0,-26.583999999999996,-5.199916981445352,home,-430.0,-430.0,0.025488256000000042,0.10959956655973986,0.832,5.199916981445341,0.027399891639934965,moneyline,nba,,,,,,,,,,,,,,,,,,,,,,,,,,,,,,,,,,,,,,,,,,
Basketball,NBA,2025_11_05,NBA_2025_11_05_Los_Angeles_Lakers_San_Antonio_Spurs,2026_04_17,11:10 PM,Los Angeles Lakers,San Antonio Spurs,-3.5,3.5,230.5,-133,113,-110,-110,-110,-110,1.75188,2.13,1.909091,1.909091,1.909091,1.909091,0.483,0.517,113.7,114.9,228.6,1,2025_NBA,2.13,1.7518796992481203,0.4694835680751174,0.5708154506437768,0.4512967518255245,0.5487032481744757,0.483,0.517,1.9342359767891681,2.070393374741201,1.9729206963249515,2.111801242236025,-102,+111,-0.15384195999999994,-0.0657032481744757,0.0,-15.384195999999994,-6.57032481744757,0.10121000000000002,0.06570324817447554,0.08956637168141596,10.121000000000002,6.5703248174475535,away,113.0,113.0,0.10121000000000002,0.08956637168141596,0.517,6.5703248174475535,0.02239159292035399,moneyline,nba,,,,,,,,,,,,,,,,,,,,,,,,,,,,,,,,,,,,,,,,,,
Basketball,NBA,2025_11_07,NBA_2025_11_07_Milwaukee_Bucks_Chicago_Bulls,2026_04_17,09:10 PM,Milwaukee Bucks,Chicago Bulls,-4.0,4.0,242.0,-165,145,-110,-110,-110,-110,1.606061,2.45,1.909091,1.909091,1.909091,1.909091,0.636,0.364,120.4,116.3,236.7,1,2025_NBA,2.45,1.606060606060606,0.4081632653061224,0.6226415094339623,0.3959656331714605,0.6040343668285394,0.636,0.364,2.7472527472527473,1.572327044025157,2.8021978021978025,1.6037735849056602,+180,-165,0.021454795999999998,0.03196563317146062,0.035400390389746246,2.1454796,3.1965633171460617,-0.10819999999999996,-0.031965633171460506,0.0,-10.819999999999997,-3.1965633171460506,home,-165.0,-165.0,0.021454795999999998,0.035400390389746246,0.636,3.1965633171460617,0.008850097597436562,moneyline,nba,,,,,,,,,,,,,,,,,,,,,,,,,,,,,,,,,,,,,,,,,,
Basketball,NBA,2025_11_08,NBA_2025_11_08_Atlanta_Hawks_Los_Angeles_Lakers,2026_04_17,09:10 PM,Atlanta Hawks,Los Angeles Lakers,2.0,-2.0,231.0,130,-150,-110,-110,-110,-110,2.3,1.666667,1.909091,1.909091,1.909091,1.909091,0.318,0.682,111.3,117.2,228.5,1,2025_NBA,1.6666666666666665,2.3,0.6000000000000001,0.4347826086956522,0.5798319327731092,0.4201680672268907,0.318,0.682,1.4662756598240467,3.144654088050314,1.4956011730205276,3.2075471698113205,-201,+220,-0.26860000000000006,-0.1021680672268907,0.0,-26.860000000000007,-10.21680672268907,0.13666689399999998,0.10216806722689087,0.20500023849988083,13.6666894,10.216806722689087,away,-150.0,-150.0,0.13666689399999998,0.20500023849988083,0.682,10.216806722689087,0.05,moneyline,nba,,,,,,,,,,,,,,,,,,,,,,,,,,,,,,,,,,,,,,,,,,
Basketball,NBA,2025_11_09,NBA_2025_11_09_Philadelphia_76ers_Detroit_Pistons,2026_04_17,08:40 PM,Philadelphia 76ers,Detroit Pistons,2.5,-2.5,232.5,137,-157,-105,-115,-110,-110,2.37,1.636943,1.952381,1.869565,1.909091,1.909091,0.355,0.645,112.5,117.6,230.1,1,2025_NBA,1.6369426751592355,2.37,0.6108949416342413,0.42194092827004215,0.5914733980829453,0.40852660191705475,0.355,0.645,1.5503875968992247,2.8169014084507045,1.5813953488372092,2.8732394366197185,-172,+187,-0.15864999999999996,-0.05352660191705477,0.0,-15.864999999999995,-5.3526601917054775,0.055828235000000115,0.05352660191705472,0.08765028424835512,5.5828235000000115,5.352660191705471,away,-157.0,-157.0,0.055828235000000115,0.08765028424835512,0.645,5.352660191705471,0.02191257106208878,moneyline,nba,,,,,,,,,,,,,,,,,,,,,,,,,,,,,,,,,,,,,,,,,,
Basketball,NBA,2025_11_10,NBA_2025_11_10_Chicago_Bulls_San_Antonio_Spurs,2026_04_17,09:10 PM,Chicago Bulls,San Antonio Spurs,1.0,-1.0,234.5,145,-165,-110,-110,-110,-110,2.45,1.606061,1.909091,1.909091,1.909091,1.909091,0.36,0.64,113.7,118.6,232.3,1,2025_NBA,1.606060606060606,2.45,0.6226415094339623,0.4081632653061224,0.6040343668285394,0.3959656331714605,0.36,0.64,1.5625,2.7777777777777777,1.59375,2.8333333333333335,-168,+183,-0.118,-0.03596563317146051,0.0,-11.799999999999999,-3.596563317146051,0.027879039999999966,0.03596563317146062,0.046000386099749074,2.7879039999999966,3.596563317146062,away,-165.0,-165.0,0.027879039999999966,0.046000386099749074,0.64,3.596563317146062,0.011500096524937269,moneyline,nba,,,,,,,,,,,,,,,,,,,,,,,,,,,,,,,,,,,,,,,,,,
Basketball,NBA,2025_11_10,NBA_2025_11_10_Los_Angeles_Clippers_Atlanta_Hawks,2026_04_17,11:40 PM,Los Angeles Clippers,Atlanta Hawks,-4.5,4.5,225.5,-170,149,-110,-110,-110,-110,1.588235,2.49,1.909091,1.909091,1.909091,1.909091,0.674,0.326,114.7,109.5,224.2,1,2025_NBA,2.49,1.5882352941176472,0.4016064257028112,0.6296296296296295,0.38944180008654267,0.6105581999134574,0.674,0.326,3.067484662576687,1.4836795252225519,3.128834355828221,1.5133531157270028,+212,-194,0.0704703900000001,0.06344180008654265,0.11979972289986161,7.0470390000000105,6.3441800086542655,-0.18825999999999987,-0.06344180008654265,0.0,-18.825999999999986,-6.3441800086542655,home,-170.0,-170.0,0.0704703900000001,0.11979972289986161,0.674,6.3441800086542655,0.029949930724965403,moneyline,nba,,,,,,,,,,,,,,,,,,,,,,,,,,,,,,,,,,,,,,,,,,
Basketball,NBA,2025_11_10,NBA_2025_11_10_Orlando_Magic_Portland_Trail_Blazers,2026_04_17,08:10 PM,Orlando Magic,Portland Trail Blazers,-2.5,2.5,236.0,-135,115,-105,-115,-110,-110,1.740741,2.15,1.952381,1.869565,1.909091,1.909091,0.616,0.384,117.2,113.8,231.0,1,2025_NBA,2.15,1.7407407407407407,0.46511627906976744,0.574468085106383,0.447405997144217,0.552594002855783,0.616,0.384,2.6041666666666665,1.6233766233766234,2.65625,1.655844155844156,+165,-152,0.07229645600000012,0.06340599714421702,0.09760018143993657,7.229645600000012,6.3405997144217014,-0.1744,-0.06340599714421702,0.0,-17.44,-6.3405997144217014,home,-135.0,-135.0,0.07229645600000012,0.09760018143993657,0.616,6.3405997144217014,0.024400045359984142,moneyline,nba,,,,,,,,,,,,,,,,,,,,,,,,,,,,,,,,,,,,,,,,,,
Basketball,NBA,2025_11_11,NBA_2025_11_11_Philadelphia_76ers_Boston_Celtics,2026_04_17,09:10 PM,Philadelphia 76ers,Boston Celtics,-1.5,1.5,233.0,-130,110,-110,-110,-110,-110,1.769231,2.1,1.909091,1.909091,1.909091,1.909091,0.448,0.552,113.7,116.3,230.0,1,2025_NBA,2.1,1.7692307692307692,0.47619047619047616,0.5652173913043479,0.4572564612326044,0.5427435387673957,0.448,0.552,1.8115942028985506,2.232142857142857,1.8478260869565215,2.2767857142857144,-117,+127,-0.20738451199999997,-0.09474353876739566,0.0,-20.738451199999997,-9.474353876739567,0.15920000000000023,0.09474353876739566,0.14472727272727282,15.920000000000023,9.474353876739567,away,110.0,110.0,0.15920000000000023,0.14472727272727282,0.552,9.474353876739567,0.036181818181818204,moneyline,nba,,,,,,,,,,,,,,,,,,,,,,,,,,,,,,,,,,,,,,,,,,
Basketball,NBA,2025_11_11,NBA_2025_11_11_Utah_Jazz_Indiana_Pacers,2026_04_17,10:10 PM,Utah Jazz,Indiana Pacers,1.5,-1.5,229.0,100,-120,-110,-110,-105,-115,2.0,1.833333,1.909091,1.909091,1.952381,1.869565,0.411,0.589,114.8,118.4,233.2,1,2025_NBA,1.8333333333333335,2.0,0.5454545454545454,0.5,0.5217391304347826,0.4782608695652174,0.411,0.589,1.697792869269949,2.4330900243309004,1.7317487266553482,2.4817518248175183,-136,+148,-0.17800000000000005,-0.06726086956521743,0.0,-17.800000000000004,-6.726086956521743,0.07983313700000005,0.06726086956521737,0.09579980271992107,7.983313700000005,6.726086956521737,away,-120.0,-120.0,0.07983313700000005,0.09579980271992107,0.589,6.726086956521737,0.023949950679980268,moneyline,nba,,,,,,,,,,,,,,,,,,,,,,,,,,,,,,,,,,,,,,,,,,
Basketball,NBA,2025_11_12,NBA_2025_11_12_Los_Angeles_Clippers_Denver_Nuggets,2026_04_17,11:40 PM,Los Angeles Clippers,Denver Nuggets,2.0,-2.0,226.0,115,-135,-110,-110,-110,-110,2.15,1.740741,1.909091,1.909091,1.909091,1.909091,0.407,0.593,112.0,115.7,227.7,1,2025_NBA,1.7407407407407407,2.15,0.574468085106383,0.46511627906976744,0.552594002855783,0.447405997144217,0.407,0.593,1.6863406408094437,2.4570024570024573,1.7200674536256326,2.5061425061425067,-138,+150,-0.12495000000000012,-0.040405997144217054,0.0,-12.495000000000012,-4.040599714421705,0.032259413000000015,0.040405997144217,0.043550192307432706,3.2259413000000015,4.0405997144217,away,-135.0,-135.0,0.032259413000000015,0.043550192307432706,0.593,4.0405997144217,0.010887548076858176,moneyline,nba,,,,,,,,,,,,,,,,,,,,,,,,,,,,,,,,,,,,,,,,,,
Basketball,NBA,2025_11_13,NBA_2025_11_13_Phoenix_Suns_Indiana_Pacers,2026_04_17,10:10 PM,Phoenix Suns,Indiana Pacers,-4.0,4.0,234.5,-190,165,-110,-110,-110,-110,1.526316,2.65,1.909091,1.909091,1.909091,1.909091,0.5,0.5,115.4,115.8,231.2,1,2025_NBA,2.65,1.526315789473684,0.37735849056603776,0.6551724137931035,0.36546943919344677,0.6345305608065532,0.5,0.5,2.0,2.0,2.04,2.04,+104,+104,-0.236842,-0.13453056080655323,0.0,-23.6842,-13.453056080655323,0.32499999999999996,0.13453056080655323,0.19696969696969696,32.49999999999999,13.453056080655323,away,165.0,165.0,0.32499999999999996,0.19696969696969696,0.5,13.453056080655323,0.04924242424242424,moneyline,nba,,,,,,,,,,,,,,,,,,,,,,,,,,,,,,,,,,,,,,,,,,
Basketball,NBA,2025_11_13,NBA_2025_11_13_Utah_Jazz_Atlanta_Hawks,2026_04_17,10:10 PM,Utah Jazz,Atlanta Hawks,1.0,-1.0,233.5,108,-128,-110,-110,-110,-110,2.08,1.78125,1.909091,1.909091,1.909091,1.909091,0.513,0.487,117.2,117.1,234.3,1,2025_NBA,1.78125,2.08,0.5614035087719298,0.4807692307692307,0.5386856587892521,0.46131434121074777,0.513,0.487,2.053388090349076,1.949317738791423,2.0944558521560577,1.9883040935672514,+109,-101,0.06703999999999999,0.05168565878925224,0.06207407407407416,6.703999999999999,5.168565878925224,-0.13253125,-0.05168565878925213,0.0,-13.253124999999999,-5.168565878925213,home,108.0,108.0,0.06703999999999999,0.06207407407407416,0.513,5.168565878925224,0.01551851851851854,moneyline,nba,,,,,,,,,,,,,,,,,,,,,,,,,,,,,,,,,,,,,,,,,,
Basketball,NBA,2025_11_14,NBA_2025_11_14_Dallas_Mavericks_Los_Angeles_Clippers,2026_04_17,09:40 PM,Dallas Mavericks,Los Angeles Clippers,3.5,-3.5,218.5,145,-165,-110,-110,-110,-110,2.45,1.606061,1.909091,1.909091,1.909091,1.909091,0.352,0.648,108.3,113.6,221.9,1,2025_NBA,1.606060606060606,2.45,0.6226415094339623,0.4081632653061224,0.6040343668285394,0.3959656331714605,0.352,0.648,1.5432098765432098,2.8409090909090913,1.5740740740740742,2.897727272727273,-174,+189,-0.13759999999999994,-0.043965633171460516,0.0,-13.759999999999994,-4.396563317146052,0.0407275279999999,0.04396563317146063,0.06720037751975463,4.07275279999999,4.396563317146063,away,-165.0,-165.0,0.0407275279999999,0.06720037751975463,0.648,4.396563317146063,0.01680009437993866,moneyline,nba,,,,,,,,,,,,,,,,,,,,,,,,,,,,,,,,,,,,,,,,,,
Basketball,NBA,2025_11_14,NBA_2025_11_14_New_York_Knicks_Miami_Heat,2026_04_17,08:10 PM,New York Knicks,Miami Heat,-4.5,4.5,235.5,-180,157,-110,-110,-110,-110,1.555556,2.57,1.909091,1.909091,1.909091,1.909091,0.668,0.332,117.6,112.7,230.3,1,2025_NBA,2.5700000000000003,1.5555555555555556,0.3891050583657587,0.6428571428571428,0.37705359547535683,0.6229464045246431,0.668,0.332,3.012048192771084,1.497005988023952,3.0722891566265056,1.526946107784431,+207,-189,0.039111408000000125,0.04505359547535692,0.07040047807961756,3.9111408000000125,4.505359547535692,-0.14676,-0.04505359547535681,0.0,-14.676,-4.505359547535681,home,-180.0,-180.0,0.039111408000000125,0.07040047807961756,0.668,4.505359547535692,0.01760011951990439,moneyline,nba,,,,,,,,,,,,,,,,,,,,,,,,,,,,,,,,,,,,,,,,,,
Basketball,NBA,2025_11_15,NBA_2025_11_15_Milwaukee_Bucks_Los_Angeles_Lakers,2026_04_17,09:10 PM,Milwaukee Bucks,Los Angeles Lakers,-2.0,2.0,232.5,100,-120,-115,-105,-110,-110,2.0,1.833333,1.869565,1.952381,1.909091,1.909091,0.561,0.439,116.2,114.3,230.5,1,2025_NBA,1.8333333333333335,2.0,0.5454545454545454,0.5,0.5217391304347826,0.4782608695652174,0.561,0.439,2.277904328018223,1.7825311942959,2.3234624145785876,1.818181818181818,+132,-122,0.12200000000000011,0.08273913043478265,0.12200000000000011,12.20000000000001,8.273913043478265,-0.19516681299999994,-0.08273913043478259,0.0,-19.516681299999995,-8.27391304347826,home,100.0,100.0,0.12200000000000011,0.12200000000000011,0.561,8.273913043478265,0.030500000000000027,moneyline,nba,,,,,,,,,,,,,,,,,,,,,,,,,,,,,,,,,,,,,,,,,,
Basketball,NBA,2025_11_16,NBA_2025_11_16_Dallas_Mavericks_Portland_Trail_Blazers,2026_04_17,08:40 PM,Dallas Mavericks,Portland Trail Blazers,3.5,-3.5,229.5,140,-160,-110,-110,-110,-110,2.4,1.625,1.909091,1.909091,1.909091,1.909091,0.366,0.634,112.0,116.8,228.8,1,2025_NBA,1.625,2.4,0.6153846153846154,0.4166666666666667,0.5962732919254659,0.40372670807453415,0.366,0.634,1.5772870662460567,2.73224043715847,1.608832807570978,2.7868852459016393,-164,+178,-0.12160000000000004,-0.037726708074534154,0.0,-12.160000000000004,-3.7726708074534154,0.03025000000000011,0.037726708074534154,0.0484,3.025000000000011,3.7726708074534154,away,-160.0,-160.0,0.03025000000000011,0.0484,0.634,3.7726708074534154,0.0121,moneyline,nba,,,,,,,,,,,,,,,,,,,,,,,,,,,,,,,,,,,,,,,,,,
Basketball,NBA,2025_11_16,NBA_2025_11_16_Phoenix_Suns_Atlanta_Hawks,2026_04_17,09:10 PM,Phoenix Suns,Atlanta Hawks,1.0,-1.0,233.0,105,-125,-110,-110,-110,-110,2.05,1.8,1.909091,1.909091,1.909091,1.909091,0.568,0.432,116.1,113.9,230.0,1,2025_NBA,1.8,2.05,0.5555555555555556,0.48780487804878053,0.5324675324675325,0.4675324675324676,0.568,0.432,2.314814814814815,1.7605633802816902,2.361111111111111,1.795774647887324,+136,-125,0.16439999999999988,0.10046753246753237,0.1565714285714284,16.439999999999987,10.046753246753237,-0.22240000000000004,-0.10046753246753254,0.0,-22.240000000000006,-10.046753246753253,home,105.0,105.0,0.16439999999999988,0.1565714285714284,0.568,10.046753246753237,0.0391428571428571,moneyline,nba,,,,,,,,,,,,,,,,,,,,,,,,,,,,,,,,,,,,,,,,,,
Basketball,NBA,2025_11_18,NBA_2025_11_18_Atlanta_Hawks_Detroit_Pistons,2026_04_17,08:40 PM,Atlanta Hawks,Detroit Pistons,2.0,-2.0,229.5,110,-130,-110,-110,-115,-105,2.1,1.769231,1.909091,1.909091,1.869565,1.952381,0.51,0.49,114.4,114.4,228.8,1,2025_NBA,1.7692307692307692,2.1,0.5652173913043479,0.47619047619047616,0.5427435387673957,0.4572564612326044,0.51,0.49,2.0408163265306123,1.9607843137254901,2.0816326530612246,2.0,+108,+100,0.07100000000000017,0.052743538767395626,0.0645454545454546,7.100000000000017,5.274353876739562,-0.13307681000000005,-0.05274353876739568,0.0,-13.307681000000004,-5.274353876739568,home,110.0,110.0,0.07100000000000017,0.0645454545454546,0.51,5.274353876739562,0.01613636363636365,moneyline,nba,,,,,,,,,,,,,,,,,,,,,,,,,,,,,,,,,,,,,,,,,,
Basketball,NBA,2025_11_18,NBA_2025_11_18_San_Antonio_Spurs_Memphis_Grizzlies,2026_04_17,09:10 PM,San Antonio Spurs,Memphis Grizzlies,-7.0,7.0,234.5,-240,200,-110,-110,-110,-110,1.416667,3.0,1.909091,1.909091,1.909091,1.909091,0.761,0.239,120.7,113.0,233.7,1,2025_NBA,3.0,1.4166666666666667,0.3333333333333333,0.7058823529411764,0.3207547169811321,0.679245283018868,0.761,0.239,4.184100418410042,1.314060446780552,4.2677824267782425,1.340341655716163,+326,-293,0.07808358699999984,0.08175471698113201,0.18740045887963283,7.808358699999984,8.175471698113201,-0.28300000000000003,-0.08175471698113213,0.0,-28.300000000000004,-8.175471698113213,home,-240.0,-240.0,0.07808358699999984,0.18740045887963283,0.761,8.175471698113201,0.04685011471990821,moneyline,nba,,,,,,,,,,,,,,,,,,,,,,,,,,,,,,,,,,,,,,,,,,
Basketball,NBA,2025_11_19,NBA_2025_11_19_Cleveland_Cavaliers_Houston_Rockets,2026_04_17,08:10 PM,Cleveland Cavaliers,Houston Rockets,-1.0,1.0,234.5,-105,-115,-105,-115,-110,-110,1.952381,1.869565,1.952381,1.869565,1.909091,1.909091,0.53,0.47,117.1,116.1,233.2,1,2025_NBA,1.8695652173913042,1.9523809523809523,0.5348837209302326,0.5121951219512195,0.5108342361863489,0.4891657638136511,0.53,0.47,2.127659574468085,1.8867924528301885,2.1702127659574466,1.9245283018867922,+117,-108,0.03476192999999994,0.040834236186348905,0.03650002467499883,3.476192999999994,4.083423618634891,-0.12130445000000012,-0.04083423618634896,0.0,-12.130445000000012,-4.083423618634896,home,-105.0,-105.0,0.03476192999999994,0.03650002467499883,0.53,4.083423618634891,0.009125006168749707,moneyline,nba,,,,,,,,,,,,,,,,,,,,,,,,,,,,,,,,,,,,,,,,,,
Basketball,NBA,2025_11_19,NBA_2025_11_19_Dallas_Mavericks_New_York_Knicks,2026_04_17,10:45 PM,Dallas Mavericks,New York Knicks,4.5,-4.5,228.5,157,-180,-110,-110,-110,-110,2.57,1.555556,1.909091,1.909091,1.909091,1.909091,0.277,0.723,110.6,118.0,228.6,1,2025_NBA,1.5555555555555556,2.5700000000000003,0.6428571428571428,0.3891050583657587,0.6229464045246431,0.37705359547535683,0.277,0.723,1.3831258644536653,3.6101083032490973,1.4107883817427387,3.6823104693140793,-243,+268,-0.28811,-0.1000535954753568,0.0,-28.810999999999996,-10.005359547535681,0.12466698799999998,0.10005359547535686,0.22440039887968077,12.466698799999998,10.005359547535686,away,-180.0,-180.0,0.12466698799999998,0.22440039887968077,0.723,10.005359547535686,0.05,moneyline,nba,,,,,,,,,,,,,,,,,,,,,,,,,,,,,,,,,,,,,,,,,,
Basketball,NBA,2025_11_19,NBA_2025_11_19_Indiana_Pacers_Charlotte_Hornets,2026_04_17,08:10 PM,Indiana Pacers,Charlotte Hornets,1.0,-1.0,234.5,100,-120,-110,-110,-110,-110,2.0,1.833333,1.909091,1.909091,1.909091,1.909091,0.556,0.444,117.6,115.7,233.3,1,2025_NBA,1.8333333333333335,2.0,0.5454545454545454,0.5,0.5217391304347826,0.4782608695652174,0.556,0.444,2.2522522522522523,1.7985611510791366,2.2972972972972974,1.8345323741007193,+129,-119,0.1120000000000001,0.07773913043478264,0.1120000000000001,11.20000000000001,7.773913043478265,-0.18600014799999998,-0.07773913043478259,0.0,-18.600014799999997,-7.773913043478259,home,100.0,100.0,0.1120000000000001,0.1120000000000001,0.556,7.773913043478265,0.028000000000000025,moneyline,nba,,,,,,,,,,,,,,,,,,,,,,,,,,,,,,,,,,,,,,,,,,
Basketball,NBA,2025_11_19,NBA_2025_11_19_Miami_Heat_Golden_State_Warriors,2026_04_17,08:40 PM,Miami Heat,Golden State Warriors,-6.5,6.5,230.5,-235,195,-110,-110,-110,-110,1.425532,2.95,1.909091,1.909091,1.909091,1.909091,0.762,0.238,120.1,112.3,232.4,1,2025_NBA,2.95,1.425531914893617,0.3389830508474576,0.7014925373134329,0.32579625577437393,0.6742037442256261,0.762,0.238,4.201680672268908,1.3123359580052494,4.285714285714286,1.3385826771653544,+328,-295,0.08625538399999999,0.08779625577437389,0.20270011185997772,8.6255384,8.77962557743739,-0.29789999999999994,-0.08779625577437394,0.0,-29.789999999999996,-8.779625577437395,home,-235.0,-235.0,0.08625538399999999,0.20270011185997772,0.762,8.77962557743739,0.05,moneyline,nba,,,,,,,,,,,,,,,,,,,,,,,,,,,,,,,,,,,,,,,,,,
Basketball,NBA,2025_11_19,NBA_2025_11_19_Philadelphia_76ers_Toronto_Raptors,2026_04_17,08:10 PM,Philadelphia 76ers,Toronto Raptors,-1.5,1.5,236.5,-102,-118,-110,-110,-110,-110,1.980392,1.847458,1.909091,1.909091,1.909091,1.909091,0.445,0.555,115.1,117.6,232.7,1,2025_NBA,1.847457627118644,1.9803921568627452,0.5412844036697247,0.504950495049505,0.5173641257162701,0.4826358742837298,0.445,0.555,1.8018018018018016,2.247191011235955,1.8378378378378377,2.2921348314606744,-119,+129,-0.11872556000000001,-0.037635874283729776,0.0,-11.872556000000001,-3.7635874283729773,0.025339190000000178,0.03763587428372994,0.029900231043898485,2.533919000000018,3.763587428372994,away,-118.0,-118.0,0.025339190000000178,0.029900231043898485,0.555,3.763587428372994,0.007475057760974621,moneyline,nba,,,,,,,,,,,,,,,,,,,,,,,,,,,,,,,,,,,,,,,,,,
Basketball,NBA,2025_11_19,NBA_2025_11_19_Portland_Trail_Blazers_Chicago_Bulls,2026_04_17,11:10 PM,Portland Trail Blazers,Chicago Bulls,1.5,-1.5,243.5,100,-120,-110,-110,-110,-110,2.0,1.833333,1.909091,1.909091,1.909091,1.909091,0.439,0.561,118.0,120.7,238.7,1,2025_NBA,1.8333333333333335,2.0,0.5454545454545454,0.5,0.5217391304347826,0.4782608695652174,0.439,0.561,1.7825311942959,2.277904328018223,1.818181818181818,2.3234624145785876,-122,+132,-0.122,-0.039260869565217404,0.0,-12.2,-3.9260869565217407,0.028499813000000263,0.03926086956521746,0.03419978927991589,2.8499813000000263,3.926086956521746,away,-120.0,-120.0,0.028499813000000263,0.03419978927991589,0.561,3.926086956521746,0.008549947319978973,moneyline,nba,,,,,,,,,,,,,,,,,,,,,,,,,,,,,,,,,,,,,,,,,,
Basketball,NBA,2025_11_20,NBA_2025_11_20_Memphis_Grizzlies_Sacramento_Kings,2026_04_17,09:10 PM,Memphis Grizzlies,Sacramento Kings,-2.5,2.5,234.5,-145,125,-110,-110,-110,-110,1.689655,2.25,1.909091,1.909091,1.909091,1.909091,0.634,0.366,119.7,115.7,235.4,1,2025_NBA,2.25,1.6896551724137931,0.4444444444444444,0.5918367346938775,0.42888402625820565,0.5711159737417943,0.634,0.366,2.73224043715847,1.5772870662460567,2.7868852459016393,1.608832807570978,+178,-164,0.07124127000000002,0.06288402625820566,0.1032998673249668,7.124127000000002,6.2884026258205665,-0.1765,-0.06288402625820566,0.0,-17.65,-6.2884026258205665,home,-145.0,-145.0,0.07124127000000002,0.1032998673249668,0.634,6.2884026258205665,0.0258249668312417,moneyline,nba,,,,,,,,,,,,,,,,,,,,,,,,,,,,,,,,,,,,,,,,,,
Basketball,NBA,2025_11_20,NBA_2025_11_20_Milwaukee_Bucks_Philadelphia_76ers,2026_04_17,09:10 PM,Milwaukee Bucks,Philadelphia 76ers,1.0,-1.0,230.0,105,-125,-115,-105,-110,-110,2.05,1.8,1.869565,1.952381,1.909091,1.909091,0.545,0.455,116.3,114.8,231.1,1,2025_NBA,1.8,2.05,0.5555555555555556,0.48780487804878053,0.5324675324675325,0.4675324675324676,0.545,0.455,2.1978021978021975,1.8348623853211008,2.2417582417582413,1.8715596330275228,+124,-114,0.11725000000000008,0.07746753246753246,0.11166666666666665,11.725000000000009,7.746753246753246,-0.18099999999999994,-0.07746753246753252,0.0,-18.099999999999994,-7.746753246753252,home,105.0,105.0,0.11725000000000008,0.11166666666666665,0.545,7.746753246753246,0.027916666666666663,moneyline,nba,,,,,,,,,,,,,,,,,,,,,,,,,,,,,,,,,,,,,,,,,,
Basketball,NBA,2025_11_22,NBA_2025_11_22_Dallas_Mavericks_Memphis_Grizzlies,2026_04_17,09:40 PM,Dallas Mavericks,Memphis Grizzlies,-2.0,2.0,226.0,-135,115,-110,-110,-110,-110,1.740741,2.15,1.909091,1.909091,1.909091,1.909091,0.383,0.617,113.9,118.1,232.0,1,2025_NBA,2.15,1.7407407407407407,0.46511627906976744,0.574468085106383,0.447405997144217,0.552594002855783,0.383,0.617,1.6207455429497568,2.6109660574412534,1.6531604538087519,2.6631853785900788,-153,+166,-0.3332961969999999,-0.16959400285578297,0.0,-33.32961969999999,-16.959400285578297,0.3265499999999999,0.16959400285578297,0.2839565217391304,32.65499999999999,16.959400285578297,away,115.0,115.0,0.3265499999999999,0.2839565217391304,0.617,16.959400285578297,0.05,moneyline,nba,,,,,,,,,,,,,,,,,,,,,,,,,,,,,,,,,,,,,,,,,,
Basketball,NBA,2025_11_22,NBA_2025_11_22_Orlando_Magic_New_York_Knicks,2026_04_17,06:10 PM,Orlando Magic,New York Knicks,-2.0,2.0,228.5,100,-120,-108,-112,-115,-105,2.0,1.833333,1.925926,1.892857,1.869565,1.952381,0.516,0.484,115.4,115.2,230.6,1,2025_NBA,1.8333333333333335,2.0,0.5454545454545454,0.5,0.5217391304347826,0.4782608695652174,0.516,0.484,2.066115702479339,1.937984496124031,2.107438016528926,1.9767441860465116,+110,-102,0.03200000000000003,0.03773913043478261,0.03200000000000003,3.200000000000003,3.773913043478261,-0.11266682799999994,-0.03773913043478261,0.0,-11.266682799999995,-3.773913043478261,home,100.0,100.0,0.03200000000000003,0.03200000000000003,0.516,3.773913043478261,0.008000000000000007,moneyline,nba,,,,,,,,,,,,,,,,,,,,,,,,,,,,,,,,,,,,,,,,,,
Basketball,NBA,2025_11_23,NBA_2025_11_23_Boston_Celtics_Orlando_Magic,2026_04_17,07:10 PM,Boston Celtics,Orlando Magic,-4.5,4.5,222.5,-177,155,-110,-110,-105,-115,1.564972,2.55,1.909091,1.909091,1.952381,1.869565,0.687,0.313,117.0,111.6,228.6,1,2025_NBA,2.55,1.5649717514124295,0.3921568627450981,0.6389891696750902,0.3803116633486648,0.6196883366513352,0.687,0.313,3.194888178913738,1.455604075691412,3.258785942492013,1.48471615720524,+225,-206,0.0751357640000001,0.0673116633486649,0.13299024376429291,7.5135764000000105,6.73116633486649,-0.20185000000000008,-0.06731166334866479,0.0,-20.18500000000001,-6.7311663348664785,home,-177.0,-177.0,0.0751357640000001,0.13299024376429291,0.687,6.73116633486649,0.03324756094107323,moneyline,nba,,,,,,,,,,,,,,,,,,,,,,,,,,,,,,,,,,,,,,,,,,
Basketball,NBA,2025_11_23,NBA_2025_11_23_Cleveland_Cavaliers_Los_Angeles_Clippers,2026_04_17,07:10 PM,Cleveland Cavaliers,Los Angeles Clippers,-7.5,7.5,230.0,-370,296,-110,-110,-110,-110,1.27027,3.96,1.909091,1.909091,1.909091,1.909091,0.804,0.196,116.7,108.0,224.7,1,2025_NBA,3.96,1.2702702702702702,0.25252525252525254,0.7872340425531915,0.24286895411326997,0.7571310458867301,0.804,0.196,5.1020408163265305,1.243781094527363,5.204081632653061,1.2686567164179103,+420,-372,0.02129708000000008,0.04686895411326997,0.07879927479927509,2.129708000000008,4.686895411326997,-0.22383999999999993,-0.04686895411326997,0.0,-22.383999999999993,-4.686895411326997,home,-370.0,-370.0,0.02129708000000008,0.07879927479927509,0.804,4.686895411326997,0.019699818699818773,moneyline,nba,,,,,,,,,,,,,,,,,,,,,,,,,,,,,,,,,,,,,,,,,,
Basketball,NBA,2025_11_24,NBA_2025_11_24_Miami_Heat_Dallas_Mavericks,2026_04_17,08:40 PM,Miami Heat,Dallas Mavericks,-8.0,8.0,238.0,-300,245,-110,-110,-110,-110,1.333333,3.45,1.909091,1.909091,1.909091,1.909091,0.804,0.196,120.6,111.8,232.4,1,2025_NBA,3.45,1.3333333333333333,0.2898550724637681,0.75,0.2787456445993032,0.7212543554006969,0.804,0.196,5.1020408163265305,1.243781094527363,5.204081632653061,1.2686567164179103,+420,-372,0.0719997320000001,0.08274564459930311,0.2159994119994124,7.199973200000009,8.27456445993031,-0.3238,-0.08274564459930317,0.0,-32.379999999999995,-8.274564459930318,home,-300.0,-300.0,0.0719997320000001,0.2159994119994124,0.804,8.27456445993031,0.05,moneyline,nba,,,,,,,,,,,,,,,,,,,,,,,,,,,,,,,,,,,,,,,,,,
Basketball,NBA,2025_11_24,NBA_2025_11_24_New_Orleans_Pelicans_Chicago_Bulls,2026_04_17,09:10 PM,New Orleans Pelicans,Chicago Bulls,5.0,-5.0,241.5,174,-200,-110,-110,-110,-110,2.74,1.5,1.909091,1.909091,1.909091,1.909091,0.266,0.734,114.3,121.9,236.2,1,2025_NBA,1.5,2.74,0.6666666666666666,0.36496350364963503,0.6462264150943395,0.35377358490566035,0.266,0.734,1.3623978201634879,3.7593984962406015,1.3896457765667576,3.8345864661654137,-256,+283,-0.27115999999999996,-0.08777358490566034,0.0,-27.115999999999996,-8.777358490566034,0.10099999999999998,0.08777358490566045,0.20199999999999996,10.099999999999998,8.777358490566044,away,-200.0,-200.0,0.10099999999999998,0.20199999999999996,0.734,8.777358490566044,0.05,moneyline,nba,,,,,,,,,,,,,,,,,,,,,,,,,,,,,,,,,,,,,,,,,,
Basketball,NBA,2025_11_24,NBA_2025_11_24_Phoenix_Suns_Houston_Rockets,2026_04_17,10:40 PM,Phoenix Suns,Houston Rockets,7.5,-7.5,232.5,183,-215,-110,-110,-110,-110,2.83,1.465116,1.909091,1.909091,1.909091,1.909091,0.289,0.711,111.6,118.2,229.8,1,2025_NBA,1.4651162790697674,2.83,0.6825396825396826,0.35335689045936397,0.658887866154096,0.34111213384590394,0.289,0.711,1.4064697609001406,3.4602076124567476,1.4345991561181435,3.5294117647058827,-230,+252,-0.18213000000000001,-0.05211213384590396,0.0,-18.213,-5.211213384590396,0.041697475999999956,0.05211213384590396,0.08964962718977632,4.169747599999996,5.211213384590396,away,-215.0,-215.0,0.041697475999999956,0.08964962718977632,0.711,5.211213384590396,0.02241240679744408,moneyline,nba,,,,,,,,,,,,,,,,,,,,,,,,,,,,,,,,,,,,,,,,,,
Basketball,NBA,2025_11_24,NBA_2025_11_24_Toronto_Raptors_Cleveland_Cavaliers,2026_04_17,08:10 PM,Toronto Raptors,Cleveland Cavaliers,2.0,-2.0,239.0,110,-130,-110,-110,-110,-110,2.1,1.769231,1.909091,1.909091,1.909091,1.909091,0.532,0.468,117.9,117.5,235.4,1,2025_NBA,1.7692307692307692,2.1,0.5652173913043479,0.47619047619047616,0.5427435387673957,0.4572564612326044,0.532,0.468,2.1367521367521367,1.8796992481203008,2.1794871794871793,1.9172932330827068,+117,-109,0.11720000000000019,0.07474353876739565,0.10654545454545461,11.72000000000002,7.474353876739564,-0.171999892,-0.07474353876739565,0.0,-17.199989199999997,-7.474353876739564,home,110.0,110.0,0.11720000000000019,0.10654545454545461,0.532,7.474353876739564,0.026636363636363652,moneyline,nba,,,,,,,,,,,,,,,,,,,,,,,,,,,,,,,,,,,,,,,,,,
Basketball,NBA,2025_11_26,NBA_2025_11_26_Boston_Celtics_Detroit_Pistons,2026_04_17,06:12 PM,Boston Celtics,Detroit Pistons,3.0,-3.0,231.0,130,-150,-110,-110,-110,-110,2.3,1.666667,1.909091,1.909091,1.909091,1.909091,0.547,0.453,115.0,113.6,228.6,1,2025_NBA,1.6666666666666665,2.3,0.6000000000000001,0.4347826086956522,0.5798319327731092,0.4201680672268907,0.547,0.453,2.2075055187637966,1.8281535648994514,2.251655629139073,1.8647166361974403,+125,-115,0.2581,0.12683193277310933,0.19853846153846155,25.81,12.683193277310934,-0.24499984900000005,-0.12683193277310917,0.0,-24.499984900000005,-12.683193277310917,home,130.0,130.0,0.2581,0.19853846153846155,0.547,12.683193277310934,0.04963461538461539,moneyline,nba,,,,,,,,,,,,,,,,,,,,,,,,,,,,,,,,,,,,,,,,,,
Basketball,NBA,2025_11_26,NBA_2025_11_26_Miami_Heat_Milwaukee_Bucks,2026_04_17,08:40 PM,Miami Heat,Milwaukee Bucks,-8.0,8.0,231.5,-275,226,-115,-105,-110,-110,1.363636,3.26,1.869565,1.952381,1.909091,1.909091,0.752,0.248,121.3,113.8,235.1,1,2025_NBA,3.26,1.3636363636363638,0.3067484662576687,0.7333333333333333,0.29492725127801805,0.7050727487219818,0.752,0.248,4.032258064516129,1.3297872340425532,4.112903225806452,1.3563829787234043,+311,-280,0.025454271999999944,0.04692725127801822,0.06999931799931813,2.5454271999999944,4.692725127801822,-0.19152000000000002,-0.046927251278018056,0.0,-19.152,-4.692725127801806,home,-275.0,-275.0,0.025454271999999944,0.06999931799931813,0.752,4.692725127801822,0.017499829499829533,moneyline,nba,,,,,,,,,,,,,,,,,,,,,,,,,,,,,,,,,,,,,,,,,,
Basketball,NBA,2025_11_26,NBA_2025_11_26_Portland_Trail_Blazers_San_Antonio_Spurs,2026_04_17,11:10 PM,Portland Trail Blazers,San Antonio Spurs,-2.5,2.5,238.0,-135,115,-110,-110,-110,-110,1.740741,2.15,1.909091,1.909091,1.909091,1.909091,0.492,0.508,115.9,116.8,232.7,1,2025_NBA,2.15,1.7407407407407407,0.46511627906976744,0.574468085106383,0.447405997144217,0.552594002855783,0.492,0.508,1.968503937007874,2.032520325203252,2.0078740157480315,2.073170731707317,+100,+107,-0.14355542799999998,-0.06059400285578298,0.0,-14.355542799999998,-6.059400285578298,0.09220000000000006,0.06059400285578298,0.08017391304347822,9.220000000000006,6.059400285578298,away,115.0,115.0,0.09220000000000006,0.08017391304347822,0.508,6.059400285578298,0.020043478260869555,moneyline,nba,,,,,,,,,,,,,,,,,,,,,,,,,,,,,,,,,,,,,,,,,,
Basketball,NBA,2025_11_26,NBA_2025_11_26_Toronto_Raptors_Indiana_Pacers,2026_04_17,08:40 PM,Toronto Raptors,Indiana Pacers,-9.5,9.5,234.5,-400,316,-115,-105,-110,-110,1.25,4.16,1.869565,1.952381,1.909091,1.909091,0.861,0.139,121.9,111.2,233.1,1,2025_NBA,4.16,1.25,0.24038461538461536,0.8,0.23105360443622916,0.7689463955637708,0.861,0.139,7.194244604316546,1.1614401858304297,7.338129496402877,1.1846689895470384,+633,-541,0.07624999999999993,0.09205360443622923,0.30499999999999994,7.624999999999993,9.205360443622922,-0.4217599999999999,-0.09205360443622915,0.0,-42.17599999999999,-9.205360443622915,home,-400.0,-400.0,0.07624999999999993,0.30499999999999994,0.861,9.205360443622922,0.05,moneyline,nba,,,,,,,,,,,,,,,,,,,,,,,,,,,,,,,,,,,,,,,,,,
Basketball,NBA,2025_11_28,NBA_2025_11_28_Brooklyn_Nets_Philadelphia_76ers,2026_04_17,08:40 PM,Brooklyn Nets,Philadelphia 76ers,6.5,-6.5,227.5,226,-275,-110,-110,-110,-110,3.26,1.363636,1.909091,1.909091,1.909091,1.909091,0.197,0.803,109.5,119.1,228.6,1,2025_NBA,1.3636363636363638,3.26,0.7333333333333333,0.3067484662576687,0.7050727487219818,0.29492725127801805,0.197,0.803,1.2453300124533,5.0761421319796955,1.270236612702366,5.177664974619289,-370,+417,-0.35778,-0.09792725127801805,0.0,-35.778,-9.792725127801805,0.09499970800000002,0.09792725127801827,0.26124945824945855,9.499970800000002,9.792725127801827,away,-275.0,-275.0,0.09499970800000002,0.26124945824945855,0.803,9.792725127801827,0.05,moneyline,nba,,,,,,,,,,,,,,,,,,,,,,,,,,,,,,,,,,,,,,,,,,
Basketball,NBA,2025_11_28,NBA_2025_11_28_Charlotte_Hornets_Chicago_Bulls,2026_04_17,08:40 PM,Charlotte Hornets,Chicago Bulls,3.5,-3.5,247.5,135,-155,-110,-110,-110,-110,2.35,1.645161,1.909091,1.909091,1.909091,1.909091,0.367,0.633,116.6,121.4,238.0,1,2025_NBA,1.6451612903225805,2.35,0.607843137254902,0.425531914893617,0.5882115462252726,0.4117884537747275,0.367,0.633,1.5797788309636651,2.7247956403269757,1.6113744075829384,2.779291553133515,-163,+177,-0.13754999999999995,-0.04478845377472751,0.0,-13.754999999999995,-4.4788453774727515,0.04138691299999997,0.0447884537747274,0.06414974401738492,4.138691299999997,4.47884537747274,away,-155.0,-155.0,0.04138691299999997,0.06414974401738492,0.633,4.47884537747274,0.01603743600434623,moneyline,nba,,,,,,,,,,,,,,,,,,,,,,,,,,,,,,,,,,,,,,,,,,
Basketball,NBA,2025_11_28,NBA_2025_11_28_New_York_Knicks_Milwaukee_Bucks,2026_04_17,08:40 PM,New York Knicks,Milwaukee Bucks,-7.5,7.5,235.0,-300,245,-113,-107,-110,-110,1.333333,3.45,1.884956,1.934579,1.909091,1.909091,0.795,0.205,120.4,111.8,232.2,1,2025_NBA,3.45,1.3333333333333333,0.2898550724637681,0.75,0.2787456445993032,0.7212543554006969,0.795,0.205,4.878048780487805,1.2578616352201257,4.975609756097561,1.2830188679245282,+397,-353,0.05999973500000011,0.0737456445993031,0.17999938499938528,5.999973500000011,7.37456445993031,-0.29274999999999995,-0.07374564459930319,0.0,-29.274999999999995,-7.374564459930319,home,-300.0,-300.0,0.05999973500000011,0.17999938499938528,0.795,7.37456445993031,0.04499984624984632,moneyline,nba,,,,,,,,,,,,,,,,,,,,,,,,,,,,,,,,,,,,,,,,,,
Basketball,NBA,2025_11_28,NBA_2025_11_28_Utah_Jazz_Sacramento_Kings,2026_04_17,10:40 PM,Utah Jazz,Sacramento Kings,-1.0,1.0,240.5,-115,-105,-114,-106,-110,-110,1.869565,1.952381,1.877193,1.943396,1.909091,1.909091,0.596,0.404,119.0,116.2,235.2,1,2025_NBA,1.9523809523809523,1.8695652173913042,0.5121951219512195,0.5348837209302326,0.4891657638136511,0.5108342361863489,0.596,0.404,2.4752475247524752,1.6778523489932886,2.5247524752475248,1.7114093959731544,+152,-140,0.11426073999999997,0.08516576381365104,0.1313998838499708,11.426073999999996,8.516576381365104,-0.211238076,-0.0851657638136511,0.0,-21.1238076,-8.516576381365109,home,-115.0,-115.0,0.11426073999999997,0.1313998838499708,0.596,8.516576381365104,0.0328499709624927,moneyline,nba,,,,,,,,,,,,,,,,,,,,,,,,,,,,,,,,,,,,,,,,,,
Basketball,NBA,2025_11_29,NBA_2025_11_29_Charlotte_Hornets_Toronto_Raptors,2026_04_17,07:10 PM,Charlotte Hornets,Toronto Raptors,6.5,-6.5,237.0,274,-340,-110,-110,-110,-110,3.74,1.294118,1.909091,1.909091,1.909091,1.909091,0.204,0.796,110.1,119.4,229.5,1,2025_NBA,1.2941176470588236,3.74,0.7727272727272727,0.267379679144385,0.7429305912596401,0.2570694087403599,0.204,0.796,1.2562814070351758,4.901960784313726,1.2814070351758793,5.0,-355,+400,-0.23704000000000003,-0.0530694087403599,0.0,-23.704000000000004,-5.306940874035989,0.030117928000000127,0.053069408740359925,0.10240083231900161,3.0117928000000127,5.306940874035993,away,-340.0,-340.0,0.030117928000000127,0.10240083231900161,0.796,5.306940874035993,0.025600208079750403,moneyline,nba,,,,,,,,,,,,,,,,,,,,,,,,,,,,,,,,,,,,,,,,,,
Basketball,NBA,2025_11_29,NBA_2025_11_29_Golden_State_Warriors_New_Orleans_Pelicans,2026_04_17,09:40 PM,Golden State Warriors,New Orleans Pelicans,-9.0,9.0,225.0,-315,256,-110,-110,-110,-110,1.31746,3.56,1.909091,1.909091,1.909091,1.909091,0.847,0.153,119.3,109.2,228.5,1,2025_NBA,3.56,1.3174603174603174,0.2808988764044944,0.7590361445783133,0.2701119500130174,0.7298880499869824,0.847,0.153,6.5359477124183005,1.1806375442739079,6.666666666666667,1.204250295159386,+566,-489,0.11588862,0.11711195001301755,0.36504951804951813,11.588861999999999,11.711195001301755,-0.45531999999999995,-0.11711195001301741,0.0,-45.532,-11.711195001301741,home,-315.0,-315.0,0.11588862,0.36504951804951813,0.847,11.711195001301755,0.05,moneyline,nba,,,,,,,,,,,,,,,,,,,,,,,,,,,,,,,,,,,,,,,,,,
Basketball,NBA,2025_11_29,NBA_2025_11_29_Indiana_Pacers_Chicago_Bulls,2026_04_17,08:40 PM,Indiana Pacers,Chicago Bulls,3.0,-3.0,247.5,157,-180,-110,-110,-110,-110,2.57,1.555556,1.909091,1.909091,1.909091,1.909091,0.333,0.667,117.9,123.6,241.5,1,2025_NBA,1.5555555555555556,2.5700000000000003,0.6428571428571428,0.3891050583657587,0.6229464045246431,0.37705359547535683,0.333,0.667,1.4992503748125936,3.003003003003003,1.5292353823088456,3.063063063063063,-188,+206,-0.14419000000000004,-0.04405359547535681,0.0,-14.419000000000004,-4.4053595475356815,0.03755585200000011,0.04405359547535692,0.0676004795196164,3.755585200000011,4.405359547535692,away,-180.0,-180.0,0.03755585200000011,0.0676004795196164,0.667,4.405359547535692,0.0169001198799041,moneyline,nba,,,,,,,,,,,,,,,,,,,,,,,,,,,,,,,,,,,,,,,,,,
Basketball,NBA,2025_12_01,NBA_2025_12_01_Brooklyn_Nets_Charlotte_Hornets,2026_04_17,08:40 PM,Brooklyn Nets,Charlotte Hornets,4.0,-4.0,228.0,157,-180,-110,-110,-110,-110,2.57,1.555556,1.909091,1.909091,1.909091,1.909091,0.339,0.661,112.2,117.7,229.9,1,2025_NBA,1.5555555555555556,2.5700000000000003,0.6428571428571428,0.3891050583657587,0.6229464045246431,0.37705359547535683,0.339,0.661,1.51285930408472,2.949852507374631,1.5431164901664145,3.0088495575221237,-184,+200,-0.12876999999999994,-0.038053595475356805,0.0,-12.876999999999994,-3.8053595475356805,0.02822251600000003,0.038053595475356916,0.05080048815960953,2.822251600000003,3.8053595475356916,away,-180.0,-180.0,0.02822251600000003,0.05080048815960953,0.661,3.8053595475356916,0.012700122039902383,moneyline,nba,,,,,,,,,,,,,,,,,,,,,,,,,,,,,,,,,,,,,,,,,,
Basketball,NBA,2025_12_01,NBA_2025_12_01_Denver_Nuggets_Dallas_Mavericks,2026_04_17,10:10 PM,Denver Nuggets,Dallas Mavericks,-11.0,11.0,235.0,-500,383,-110,-110,-110,-110,1.2,4.83,1.909091,1.909091,1.909091,1.909091,0.858,0.142,120.6,110.0,230.6,1,2025_NBA,4.83,1.2,0.20703933747412007,0.8333333333333334,0.1990049751243781,0.8009950248756219,0.858,0.142,7.042253521126761,1.1655011655011656,7.183098591549296,1.188811188811189,+618,-529,0.02959999999999985,0.05700497512437808,0.1479999999999997,2.959999999999985,5.700497512437808,-0.3141400000000001,-0.057004975124378104,0.0,-31.41400000000001,-5.700497512437811,home,-500.0,-500.0,0.02959999999999985,0.1479999999999997,0.858,5.700497512437808,0.03699999999999992,moneyline,nba,,,,,,,,,,,,,,,,,,,,,,,,,,,,,,,,,,,,,,,,,,
Basketball,NBA,2025_12_01,NBA_2025_12_01_Indiana_Pacers_Cleveland_Cavaliers,2026_04_17,08:10 PM,Indiana Pacers,Cleveland Cavaliers,7.0,-7.0,234.5,177,-205,-110,-110,-110,-110,2.77,1.487805,1.909091,1.909091,1.909091,1.909091,0.306,0.694,114.0,120.2,234.2,1,2025_NBA,1.4878048780487805,2.77,0.6721311475409836,0.36101083032490977,0.6505699719310306,0.34943002806896956,0.306,0.694,1.4409221902017293,3.2679738562091503,1.469740634005764,3.3333333333333335,-212,+233,-0.15237999999999996,-0.04343002806896956,0.0,-15.237999999999996,-4.343002806896957,0.032536670000000045,0.04343002806896934,0.06670015682496065,3.2536670000000045,4.3430028068969335,away,-205.0,-205.0,0.032536670000000045,0.06670015682496065,0.694,4.3430028068969335,0.016675039206240163,moneyline,nba,,,,,,,,,,,,,,,,,,,,,,,,,,,,,,,,,,,,,,,,,,
Basketball,NBA,2025_12_01,NBA_2025_12_01_Miami_Heat_Los_Angeles_Clippers,2026_04_17,08:40 PM,Miami Heat,Los Angeles Clippers,-5.0,5.0,237.5,-225,189,-110,-110,-115,-105,1.444444,2.89,1.909091,1.909091,1.869565,1.952381,0.735,0.265,120.3,113.5,233.8,1,2025_NBA,2.8899999999999997,1.4444444444444444,0.34602076124567477,0.6923076923076923,0.3332478851576519,0.6667521148423481,0.735,0.265,3.773584905660377,1.3605442176870748,3.8490566037735845,1.3877551020408163,+284,-257,0.06166633999999993,0.0682478851576519,0.13874940374940384,6.166633999999993,6.82478851576519,-0.23414999999999997,-0.0682478851576519,0.0,-23.414999999999996,-6.82478851576519,home,-225.0,-225.0,0.06166633999999993,0.13874940374940384,0.735,6.82478851576519,0.03468735093735096,moneyline,nba,,,,,,,,,,,,,,,,,,,,,,,,,,,,,,,,,,,,,,,,,,
Basketball,NBA,2025_12_02,NBA_2025_12_02_New_Orleans_Pelicans_Minnesota_Timberwolves,2026_04_17,09:10 PM,New Orleans Pelicans,Minnesota Timberwolves,9.0,-9.0,232.5,299,-375,-110,-110,-110,-110,3.99,1.266667,1.909091,1.909091,1.909091,1.909091,0.165,0.835,111.0,121.7,232.7,1,2025_NBA,1.2666666666666666,3.99,0.7894736842105263,0.2506265664160401,0.7590361445783133,0.24096385542168675,0.165,0.835,1.1976047904191618,6.0606060606060606,1.221556886227545,6.181818181818182,-451,+518,-0.3416499999999999,-0.07596385542168674,0.0,-34.16499999999999,-7.596385542168674,0.057666945000000025,0.07596385542168671,0.21625077343653298,5.7666945000000025,7.596385542168671,away,-375.0,-375.0,0.057666945000000025,0.21625077343653298,0.835,7.596385542168671,0.05,moneyline,nba,,,,,,,,,,,,,,,,,,,,,,,,,,,,,,,,,,,,,,,,,,
Basketball,NBA,2025_12_03,NBA_2025_12_03_Atlanta_Hawks_Los_Angeles_Clippers,2026_04_17,08:40 PM,Atlanta Hawks,Los Angeles Clippers,-3.5,3.5,229.0,-155,135,-110,-110,-110,-110,1.645161,2.35,1.909091,1.909091,1.909091,1.909091,0.492,0.508,113.6,114.5,228.1,1,2025_NBA,2.35,1.6451612903225805,0.425531914893617,0.607843137254902,0.4117884537747275,0.5882115462252726,0.492,0.508,1.968503937007874,2.032520325203252,2.0078740157480315,2.073170731707317,+100,+107,-0.190580788,-0.09621154622527262,0.0,-19.0580788,-9.62115462252726,0.19379999999999997,0.0962115462252725,0.1435555555555556,19.379999999999995,9.62115462252725,away,135.0,135.0,0.19379999999999997,0.1435555555555556,0.508,9.62115462252725,0.0358888888888889,moneyline,nba,,,,,,,,,,,,,,,,,,,,,,,,,,,,,,,,,,,,,,,,,,
Basketball,NBA,2025_12_04,NBA_2025_12_04_Brooklyn_Nets_Utah_Jazz,2026_04_17,08:40 PM,Brooklyn Nets,Utah Jazz,2.5,-2.5,232.0,153,-175,-110,-110,-110,-110,2.53,1.571429,1.909091,1.909091,1.909091,1.909091,0.338,0.662,113.7,119.2,232.9,1,2025_NBA,1.5714285714285714,2.5300000000000002,0.6363636363636364,0.39525691699604737,0.6168582375478928,0.3831417624521073,0.338,0.662,1.510574018126888,2.9585798816568047,1.5407854984894258,3.0177514792899407,-184,+201,-0.14486,-0.04514176245210727,0.0,-14.485999999999999,-4.514176245210727,0.0402859980000001,0.045141762452107215,0.07050044362466737,4.02859980000001,4.514176245210722,away,-175.0,-175.0,0.0402859980000001,0.07050044362466737,0.662,4.514176245210722,0.017625110906166842,moneyline,nba,,,,,,,,,,,,,,,,,,,,,,,,,,,,,,,,,,,,,,,,,,
Basketball,NBA,2025_12_05,NBA_2025_12_05_Boston_Celtics_Los_Angeles_Lakers,2026_04_17,08:10 PM,Boston Celtics,Los Angeles Lakers,-7.0,7.0,224.0,-265,219,-110,-110,-110,-110,1.377358,3.19,1.909091,1.909091,1.909091,1.909091,0.773,0.227,116.9,109.0,225.9,1,2025_NBA,3.19,1.3773584905660377,0.31347962382445144,0.726027397260274,0.30156566282480274,0.6984343371751972,0.773,0.227,4.405286343612334,1.2936610608020698,4.493392070484581,1.3195342820181113,+349,-312,0.06469773400000012,0.07456566282480281,0.17144921798398366,6.469773400000012,7.456566282480281,-0.27586999999999995,-0.07456566282480273,0.0,-27.586999999999996,-7.456566282480273,home,-265.0,-265.0,0.06469773400000012,0.17144921798398366,0.773,7.456566282480281,0.042862304495995915,moneyline,nba,,,,,,,,,,,,,,,,,,,,,,,,,,,,,,,,,,,,,,,,,,
Basketball,NBA,2025_12_06,NBA_2025_12_06_Brooklyn_Nets_New_Orleans_Pelicans,2026_04_17,06:10 PM,Brooklyn Nets,New Orleans Pelicans,-2.0,2.0,226.5,-135,115,-110,-110,-110,-110,1.740741,2.15,1.909091,1.909091,1.909091,1.909091,0.589,0.411,114.9,112.2,227.1,1,2025_NBA,2.15,1.7407407407407407,0.46511627906976744,0.574468085106383,0.447405997144217,0.552594002855783,0.589,0.411,2.4330900243309004,1.697792869269949,2.4817518248175183,1.7317487266553482,+148,-136,0.025296449000000054,0.036405997144216995,0.034150194197432024,2.5296449000000054,3.6405997144216995,-0.11635000000000006,-0.03640599714421705,0.0,-11.635000000000007,-3.640599714421705,home,-135.0,-135.0,0.025296449000000054,0.034150194197432024,0.589,3.6405997144216995,0.008537548549358006,moneyline,nba,,,,,,,,,,,,,,,,,,,,,,,,,,,,,,,,,,,,,,,,,,
Basketball,NBA,2025_12_07,NBA_2025_12_07_Toronto_Raptors_Boston_Celtics,2026_04_17,04:40 PM,Toronto Raptors,Boston Celtics,3.5,-3.5,228.5,110,-130,-110,-110,-110,-110,2.1,1.769231,1.909091,1.909091,1.909091,1.909091,0.41,0.59,111.6,115.2,226.8,1,2025_NBA,1.7692307692307692,2.1,0.5652173913043479,0.47619047619047616,0.5427435387673957,0.4572564612326044,0.41,0.59,1.6949152542372883,2.4390243902439024,1.7288135593220342,2.4878048780487805,-137,+148,-0.139,-0.04725646123260441,0.0,-13.900000000000002,-4.725646123260441,0.04384628999999984,0.0472564612326043,0.05700015989995197,4.384628999999984,4.72564612326043,away,-130.0,-130.0,0.04384628999999984,0.05700015989995197,0.59,4.72564612326043,0.014250039974987992,moneyline,nba,,,,,,,,,,,,,,,,,,,,,,,,,,,,,,,,,,,,,,,,,,
Basketball,NBA,2025_12_12,NBA_2025_12_12_Detroit_Pistons_Atlanta_Hawks,2026_04_17,08:10 PM,Detroit Pistons,Atlanta Hawks,-6.5,6.5,233.0,-240,200,-110,-110,-110,-110,1.416667,3.0,1.909091,1.909091,1.909091,1.909091,0.726,0.274,119.6,113.0,232.6,1,2025_NBA,3.0,1.4166666666666667,0.3333333333333333,0.7058823529411764,0.3207547169811321,0.679245283018868,0.726,0.274,3.64963503649635,1.3774104683195594,3.722627737226277,1.4049586776859506,+272,-246,0.028500241999999787,0.04675471698113198,0.0684005260795789,2.8500241999999787,4.675471698113198,-0.17799999999999994,-0.046754716981132094,0.0,-17.799999999999994,-4.67547169811321,home,-240.0,-240.0,0.028500241999999787,0.0684005260795789,0.726,4.675471698113198,0.017100131519894726,moneyline,nba,,,,,,,,,,,,,,,,,,,,,,,,,,,,,,,,,,,,,,,,,,
Basketball,NBA,2025_12_14,NBA_2025_12_14_Phoenix_Suns_Los_Angeles_Lakers,2026_04_17,09:10 PM,Phoenix Suns,Los Angeles Lakers,3.5,-3.5,229.0,115,-135,-110,-110,-105,-115,2.15,1.740741,1.909091,1.909091,1.952381,1.869565,0.521,0.479,114.8,114.3,229.1,1,2025_NBA,1.7407407407407407,2.15,0.574468085106383,0.46511627906976744,0.552594002855783,0.447405997144217,0.521,0.479,2.0876826722338206,1.9193857965451055,2.129436325678497,1.9577735124760076,+112,-104,0.12014999999999998,0.07359400285578299,0.1044782608695652,12.014999999999997,7.3594002855783,-0.16618506099999997,-0.07359400285578299,0.0,-16.618506099999998,-7.3594002855783,home,115.0,115.0,0.12014999999999998,0.1044782608695652,0.521,7.3594002855783,0.0261195652173913,moneyline,nba,,,,,,,,,,,,,,,,,,,,,,,,,,,,,,,,,,,,,,,,,,
Basketball,NBA,2025_12_15,NBA_2025_12_15_Utah_Jazz_Dallas_Mavericks,2026_04_17,10:10 PM,Utah Jazz,Dallas Mavericks,2.5,-2.5,237.5,105,-125,-110,-110,-110,-110,2.05,1.8,1.909091,1.909091,1.909091,1.909091,0.533,0.467,118.6,117.6,236.2,1,2025_NBA,1.8,2.05,0.5555555555555556,0.48780487804878053,0.5324675324675325,0.4675324675324676,0.533,0.467,2.141327623126338,1.8761726078799248,2.1841541755888647,1.9136960600375232,+118,-109,0.0926499999999999,0.06546753246753245,0.08823809523809527,9.26499999999999,6.546753246753245,-0.1594,-0.06546753246753251,0.0,-15.939999999999998,-6.5467532467532505,home,105.0,105.0,0.0926499999999999,0.08823809523809527,0.533,6.546753246753245,0.022059523809523817,moneyline,nba,,,,,,,,,,,,,,,,,,,,,,,,,,,,,,,,,,,,,,,,,,
Basketball,NBA,2025_12_18,NBA_2025_12_18_Dallas_Mavericks_Detroit_Pistons,2026_04_17,09:40 PM,Dallas Mavericks,Detroit Pistons,6.0,-6.0,231.5,180,-210,-110,-110,-110,-110,2.8,1.47619,1.909091,1.909091,1.909091,1.909091,0.295,0.705,111.4,117.8,229.2,1,2025_NBA,1.4761904761904763,2.8,0.6774193548387096,0.35714285714285715,0.6547884187082406,0.3452115812917595,0.295,0.705,1.4184397163120568,3.3898305084745766,1.446808510638298,3.4576271186440684,-223,+245,-0.17400000000000004,-0.05021158129175951,0.0,-17.400000000000006,-5.0211581291759515,0.04071394999999978,0.0502115812917594,0.08549938049938029,4.071394999999978,5.02115812917594,away,-210.0,-210.0,0.04071394999999978,0.08549938049938029,0.705,5.02115812917594,0.021374845124845072,moneyline,nba,,,,,,,,,,,,,,,,,,,,,,,,,,,,,,,,,,,,,,,,,,
Basketball,NBA,2025_12_19,NBA_2025_12_19_Atlanta_Hawks_San_Antonio_Spurs,2026_04_17,08:40 PM,Atlanta Hawks,San Antonio Spurs,2.0,-2.0,242.0,110,-130,-110,-110,-110,-110,2.1,1.769231,1.909091,1.909091,1.909091,1.909091,0.346,0.654,116.0,121.2,237.2,1,2025_NBA,1.7692307692307692,2.1,0.5652173913043479,0.47619047619047616,0.5427435387673957,0.4572564612326044,0.346,0.654,1.529051987767584,2.8901734104046244,1.5596330275229358,2.947976878612717,-178,+194,-0.2734,-0.11125646123260441,0.0,-27.339999999999996,-11.125646123260442,0.15707707400000004,0.11125646123260435,0.20420013493995956,15.707707400000004,11.125646123260434,away,-130.0,-130.0,0.15707707400000004,0.20420013493995956,0.654,11.125646123260434,0.05,moneyline,nba,,,,,,,,,,,,,,,,,,,,,,,,,,,,,,,,,,,,,,,,,,
Basketball,NBA,2025_12_19,NBA_2025_12_19_Boston_Celtics_Miami_Heat,2026_04_17,08:10 PM,Boston Celtics,Miami Heat,-6.5,6.5,234.0,-250,207,-110,-110,-110,-110,1.4,3.07,1.909091,1.909091,1.909091,1.909091,0.768,0.232,120.6,112.8,233.4,1,2025_NBA,3.07,1.4,0.32573289902280134,0.7142857142857143,0.3131991051454139,0.6868008948545861,0.768,0.232,4.310344827586206,1.3020833333333333,4.396551724137931,1.328125,+339,-304,0.07519999999999993,0.08119910514541395,0.1879999999999999,7.519999999999993,8.119910514541395,-0.28776,-0.08119910514541387,0.0,-28.776000000000003,-8.119910514541386,home,-250.0,-250.0,0.07519999999999993,0.1879999999999999,0.768,8.119910514541395,0.04699999999999997,moneyline,nba,,,,,,,,,,,,,,,,,,,,,,,,,,,,,,,,,,,,,,,,,,
Basketball,NBA,2025_12_19,NBA_2025_12_19_New_York_Knicks_Philadelphia_76ers,2026_04_17,08:10 PM,New York Knicks,Philadelphia 76ers,-6.0,6.0,229.0,-210,180,-110,-110,-110,-110,1.47619,2.8,1.909091,1.909091,1.909091,1.909091,0.71,0.29,117.1,111.2,228.3,1,2025_NBA,2.8,1.4761904761904763,0.35714285714285715,0.6774193548387096,0.3452115812917595,0.6547884187082406,0.71,0.29,3.4482758620689657,1.4084507042253522,3.517241379310345,1.4366197183098592,+251,-229,0.04809489999999994,0.055211581291759404,0.10099939099939079,4.809489999999994,5.521158129175941,-0.18800000000000006,-0.055211581291759515,0.0,-18.800000000000004,-5.5211581291759515,home,-210.0,-210.0,0.04809489999999994,0.10099939099939079,0.71,5.521158129175941,0.025249847749847697,moneyline,nba,,,,,,,,,,,,,,,,,,,,,,,,,,,,,,,,,,,,,,,,,,
Basketball,NBA,2025_12_20,NBA_2025_12_20_Toronto_Raptors_Boston_Celtics,2026_04_17,08:10 PM,Toronto Raptors,Boston Celtics,2.5,-2.5,223.5,100,-120,-110,-110,-110,-110,2.0,1.833333,1.909091,1.909091,1.909091,1.909091,0.545,0.455,113.2,111.7,224.9,1,2025_NBA,1.8333333333333335,2.0,0.5454545454545454,0.5,0.5217391304347826,0.4782608695652174,0.545,0.455,2.1978021978021975,1.8348623853211008,2.2417582417582413,1.8715596330275228,+124,-114,0.09000000000000008,0.06673913043478263,0.09000000000000008,9.000000000000007,6.673913043478263,-0.16583348499999995,-0.06673913043478258,0.0,-16.583348499999996,-6.673913043478258,home,100.0,100.0,0.09000000000000008,0.09000000000000008,0.545,6.673913043478263,0.02250000000000002,moneyline,nba,,,,,,,,,,,,,,,,,,,,,,,,,,,,,,,,,,,,,,,,,,
Basketball,NBA,2025_12_26,NBA_2025_12_26_Atlanta_Hawks_Miami_Heat,2026_04_17,08:10 PM,Atlanta Hawks,Miami Heat,-4.0,4.0,243.5,-170,149,-110,-110,-110,-110,1.588235,2.49,1.909091,1.909091,1.909091,1.909091,0.497,0.503,121.9,122.4,244.3,1,2025_NBA,2.49,1.5882352941176472,0.4016064257028112,0.6296296296296295,0.38944180008654267,0.6105581999134574,0.497,0.503,1.9880715705765408,2.0120724346076457,2.0278330019880717,2.0523138832997985,+102,+105,-0.210647205,-0.11355819991345739,0.0,-21.0647205,-11.35581999134574,0.2524700000000002,0.11355819991345734,0.16944295302013426,25.24700000000002,11.355819991345733,away,149.0,149.0,0.2524700000000002,0.16944295302013426,0.503,11.355819991345733,0.042360738255033566,moneyline,nba,,,,,,,,,,,,,,,,,,,,,,,,,,,,,,,,,,,,,,,,,,
Basketball,NBA,2025_12_26,NBA_2025_12_26_Chicago_Bulls_Philadelphia_76ers,2026_04_17,08:40 PM,Chicago Bulls,Philadelphia 76ers,-1.5,1.5,239.5,-120,100,-110,-114,-110,-110,1.833333,2.0,1.909091,1.877193,1.909091,1.909091,0.481,0.519,118.0,119.3,237.3,1,2025_NBA,2.0,1.8333333333333335,0.5,0.5454545454545454,0.4782608695652174,0.5217391304347826,0.481,0.519,1.9267822736030829,2.079002079002079,1.9653179190751446,2.120582120582121,-103,+112,-0.11816682700000003,-0.04073913043478261,0.0,-11.816682700000003,-4.073913043478261,0.038000000000000034,0.04073913043478261,0.038000000000000034,3.8000000000000034,4.073913043478261,away,100.0,100.0,0.038000000000000034,0.038000000000000034,0.519,4.073913043478261,0.009500000000000008,moneyline,nba,,,,,,,,,,,,,,,,,,,,,,,,,,,,,,,,,,,,,,,,,,
Basketball,NBA,2025_12_28,NBA_2025_12_28_Los_Angeles_Clippers_Detroit_Pistons,2026_04_17,10:10 PM,Los Angeles Clippers,Detroit Pistons,4.0,-4.0,227.0,125,-145,-110,-110,-110,-110,2.25,1.689655,1.909091,1.909091,1.909091,1.909091,0.394,0.606,110.6,114.5,225.1,1,2025_NBA,1.6896551724137931,2.25,0.5918367346938775,0.4444444444444444,0.5711159737417943,0.42888402625820565,0.394,0.606,1.6501650165016502,2.5380710659898478,1.683168316831683,2.5888324873096447,-146,+158,-0.11349999999999993,-0.034884026258205636,0.0,-11.349999999999994,-3.4884026258205636,0.023930929999999906,0.034884026258205636,0.03469985717496416,2.3930929999999906,3.4884026258205636,away,-145.0,-145.0,0.023930929999999906,0.03469985717496416,0.606,3.4884026258205636,0.00867496429374104,moneyline,nba,,,,,,,,,,,,,,,,,,,,,,,,,,,,,,,,,,,,,,,,,,
Basketball,NBA,2025_12_29,NBA_2025_12_29_Miami_Heat_Denver_Nuggets,2026_04_17,08:40 PM,Miami Heat,Denver Nuggets,3.0,-3.0,245.0,120,-140,-105,-115,-110,-110,2.2,1.714286,1.952381,1.869565,1.909091,1.909091,0.404,0.596,119.9,123.7,243.6,1,2025_NBA,1.7142857142857144,2.2,0.5833333333333333,0.45454545454545453,0.5620437956204379,0.43795620437956206,0.404,0.596,1.6778523489932886,2.4752475247524752,1.7114093959731544,2.5247524752475248,-140,+152,-0.11119999999999985,-0.03395620437956204,0.0,-11.119999999999985,-3.395620437956204,0.021714455999999993,0.03395620437956204,0.030400226239909418,2.1714455999999993,3.395620437956204,away,-140.0,-140.0,0.021714455999999993,0.030400226239909418,0.596,3.395620437956204,0.007600056559977354,moneyline,nba,,,,,,,,,,,,,,,,,,,,,,,,,,,,,,,,,,,,,,,,,,
Basketball,NBA,2025_12_29,NBA_2025_12_29_Portland_Trail_Blazers_Dallas_Mavericks,2026_04_17,11:40 PM,Portland Trail Blazers,Dallas Mavericks,1.0,-1.0,235.0,-120,100,-110,-110,-110,-110,1.833333,2.0,1.909091,1.909091,1.909091,1.909091,0.557,0.443,117.8,115.9,233.7,1,2025_NBA,2.0,1.8333333333333335,0.5,0.5454545454545454,0.4782608695652174,0.5217391304347826,0.557,0.443,2.2573363431151243,1.7953321364452421,2.302483069977427,1.8312387791741471,+130,-120,0.02116648100000007,0.035260869565217456,0.02539978735991509,2.116648100000007,3.5260869565217456,-0.11399999999999999,-0.0352608695652174,0.0,-11.399999999999999,-3.5260869565217403,home,-120.0,-120.0,0.02116648100000007,0.02539978735991509,0.557,3.5260869565217456,0.006349946839978773,moneyline,nba,,,,,,,,,,,,,,,,,,,,,,,,,,,,,,,,,,,,,,,,,,
Basketball,NBA,2025_12_31,NBA_2025_12_31_Chicago_Bulls_New_Orleans_Pelicans,2026_04_17,08:10 PM,Chicago Bulls,New Orleans Pelicans,1.5,-1.5,244.5,105,-125,-110,-110,-110,-110,2.05,1.8,1.909091,1.909091,1.909091,1.909091,0.518,0.482,123.1,122.6,245.7,1,2025_NBA,1.8,2.05,0.5555555555555556,0.48780487804878053,0.5324675324675325,0.4675324675324676,0.518,0.482,2.074688796680498,1.9305019305019304,2.116182572614108,1.969111969111969,+111,-103,0.061899999999999844,0.05046753246753244,0.05895238095238092,6.189999999999984,5.046753246753244,-0.13239999999999996,-0.05046753246753255,0.0,-13.239999999999997,-5.046753246753255,home,105.0,105.0,0.061899999999999844,0.05895238095238092,0.518,5.046753246753244,0.01473809523809523,moneyline,nba,,,,,,,,,,,,,,,,,,,,,,,,,,,,,,,,,,,,,,,,,,
Basketball,NBA,2026_01_01,NBA_2026_01_01_Dallas_Mavericks_Philadelphia_76ers,2026_04_17,09:40 PM,Dallas Mavericks,Philadelphia 76ers,-1.0,1.0,232.0,-115,-105,-105,-115,-110,-110,1.869565,1.952381,1.952381,1.869565,1.909091,1.909091,0.44,0.56,112.7,115.5,228.2,1,2025_NBA,1.9523809523809523,1.8695652173913042,0.5121951219512195,0.5348837209302326,0.4891657638136511,0.5108342361863489,0.44,0.56,1.7857142857142856,2.272727272727273,1.8214285714285714,2.3181818181818183,-121,+131,-0.17739139999999998,-0.07083423618634893,0.0,-17.73914,-7.083423618634893,0.09333336000000014,0.07083423618634893,0.09800002309999889,9.333336000000013,7.083423618634893,away,-105.0,-105.0,0.09333336000000014,0.09800002309999889,0.56,7.083423618634893,0.024500005774999722,moneyline,nba,,,,,,,,,,,,,,,,,,,,,,,,,,,,,,,,,,,,,,,,,,
Basketball,NBA,2026_01_02,NBA_2026_01_02_Golden_State_Warriors_Oklahoma_City_Thunder,2026_04_17,11:10 PM,Golden State Warriors,Oklahoma City Thunder,6.5,-6.5,230.5,303,-380,-110,-110,-110,-110,4.03,1.263158,1.909091,1.909091,1.909091,1.909091,0.191,0.809,108.3,118.0,226.3,1,2025_NBA,1.263157894736842,4.029999999999999,0.7916666666666667,0.2481389578163772,0.7613602465944118,0.23863975340558813,0.191,0.809,1.2360939431396785,5.2356020942408374,1.260815822002472,5.340314136125654,-383,+434,-0.23026999999999997,-0.047639753405588126,0.0,-23.026999999999997,-4.7639753405588126,0.021894822000000147,0.04763975340558824,0.08320029031988412,2.1894822000000147,4.763975340558824,away,-380.0,-380.0,0.021894822000000147,0.08320029031988412,0.809,4.763975340558824,0.02080007257997103,moneyline,nba,,,,,,,,,,,,,,,,,,,,,,,,,,,,,,,,,,,,,,,,,,
Basketball,NBA,2026_01_02,NBA_2026_01_02_New_Orleans_Pelicans_Portland_Trail_Blazers,2026_04_17,09:10 PM,New Orleans Pelicans,Portland Trail Blazers,1.5,-1.5,245.0,-105,-115,-110,-110,-110,-110,1.952381,1.869565,1.909091,1.909091,1.909091,1.909091,0.421,0.579,119.1,122.3,241.4,1,2025_NBA,1.8695652173913042,1.9523809523809523,0.5348837209302326,0.5121951219512195,0.5108342361863489,0.4891657638136511,0.421,0.579,1.7271157167530227,2.375296912114014,1.7616580310880832,2.4228028503562946,-131,+142,-0.1780475990000001,-0.06816576381365114,0.0,-17.80475990000001,-6.816576381365113,0.0824781349999999,0.06816576381365103,0.09484987896246963,8.247813499999989,6.816576381365103,away,-115.0,-115.0,0.0824781349999999,0.09484987896246963,0.579,6.816576381365103,0.023712469740617408,moneyline,nba,,,,,,,,,,,,,,,,,,,,,,,,,,,,,,,,,,,,,,,,,,
Basketball,NBA,2026_01_02,NBA_2026_01_02_Washington_Wizards_Brooklyn_Nets,2026_04_17,08:10 PM,Washington Wizards,Brooklyn Nets,1.5,-1.5,226.5,100,-120,-110,-110,-110,-110,2.0,1.833333,1.909091,1.909091,1.909091,1.909091,0.535,0.465,113.9,112.8,226.7,1,2025_NBA,1.8333333333333335,2.0,0.5454545454545454,0.5,0.5217391304347826,0.4782608695652174,0.535,0.465,2.150537634408602,1.8691588785046729,2.193548387096774,1.9065420560747663,+119,-110,0.07000000000000006,0.056739130434782625,0.07000000000000006,7.000000000000006,5.6739130434782625,-0.1475001549999999,-0.05673913043478257,0.0,-14.750015499999991,-5.673913043478257,home,100.0,100.0,0.07000000000000006,0.07000000000000006,0.535,5.6739130434782625,0.017500000000000016,moneyline,nba,,,,,,,,,,,,,,,,,,,,,,,,,,,,,,,,,,,,,,,,,,
Basketball,NBA,2026_01_03,NBA_2026_01_03_Toronto_Raptors_Atlanta_Hawks,2026_04_17,08:40 PM,Toronto Raptors,Atlanta Hawks,-3.0,3.0,231.0,-155,135,-110,-110,-110,-110,1.645161,2.35,1.909091,1.909091,1.909091,1.909091,0.715,0.285,119.0,113.0,232.0,1,2025_NBA,2.35,1.6451612903225805,0.425531914893617,0.607843137254902,0.4117884537747275,0.5882115462252726,0.715,0.285,3.5087719298245617,1.3986013986013988,3.578947368421053,1.4265734265734267,+257,-234,0.17629011500000002,0.12678845377472736,0.27324980121241055,17.629011500000004,12.678845377472737,-0.33025000000000004,-0.12678845377472753,0.0,-33.025000000000006,-12.678845377472753,home,-155.0,-155.0,0.17629011500000002,0.27324980121241055,0.715,12.678845377472737,0.05,moneyline,nba,,,,,,,,,,,,,,,,,,,,,,,,,,,,,,,,,,,,,,,,,,
Basketball,NBA,2026_01_05,NBA_2026_01_05_Los_Angeles_Clippers_Golden_State_Warriors,2026_04_17,11:10 PM,Los Angeles Clippers,Golden State Warriors,4.5,-4.5,225.5,-120,100,-113,-107,-115,-105,1.833333,2.0,1.884956,1.934579,1.869565,1.952381,0.441,0.559,109.4,112.1,221.5,1,2025_NBA,2.0,1.8333333333333335,0.5,0.5454545454545454,0.4782608695652174,0.5217391304347826,0.441,0.559,1.7889087656529514,2.2675736961451247,1.8246869409660105,2.312925170068027,-121,+131,-0.19150014699999995,-0.08073913043478259,0.0,-19.150014699999996,-8.073913043478258,0.1180000000000001,0.08073913043478265,0.1180000000000001,11.800000000000011,8.073913043478264,away,100.0,100.0,0.1180000000000001,0.1180000000000001,0.559,8.073913043478264,0.029500000000000026,moneyline,nba,,,,,,,,,,,,,,,,,,,,,,,,,,,,,,,,,,,,,,,,,,
Basketball,NBA,2026_01_05,NBA_2026_01_05_Philadelphia_76ers_Denver_Nuggets,2026_04_17,09:40 PM,Philadelphia 76ers,Denver Nuggets,-10.5,10.5,229.5,-550,415,-110,-110,-110,-110,1.181818,5.15,1.909091,1.909091,1.909091,1.909091,0.88,0.12,121.8,110.5,232.3,1,2025_NBA,5.15,1.1818181818181819,0.1941747572815534,0.8461538461538461,0.18664752333094042,0.8133524766690595,0.88,0.12,8.333333333333334,1.1363636363636365,8.5,1.1590909090909092,+750,-628,0.03999984000000012,0.06664752333094048,0.21999933999934015,3.999984000000012,6.664752333094048,-0.382,-0.06664752333094043,0.0,-38.2,-6.664752333094043,home,-550.0,-550.0,0.03999984000000012,0.21999933999934015,0.88,6.664752333094048,0.05,moneyline,nba,,,,,,,,,,,,,,,,,,,,,,,,,,,,,,,,,,,,,,,,,,
Basketball,NBA,2026_01_07,NBA_2026_01_07_Brooklyn_Nets_Orlando_Magic,2026_04_17,08:40 PM,Brooklyn Nets,Orlando Magic,1.5,-1.5,224.5,102,-122,-115,-105,-110,-110,2.02,1.819672,1.869565,1.952381,1.909091,1.909091,0.433,0.567,109.7,112.7,222.4,1,2025_NBA,1.819672131147541,2.02,0.5495495495495495,0.49504950495049505,0.5260865852617197,0.47391341473828025,0.433,0.567,1.7636684303350971,2.3094688221709005,1.798941798941799,2.355658198614319,-125,+135,-0.12534,-0.04091341473828025,0.0,-12.534,-4.091341473828026,0.031754023999999825,0.04091341473828025,0.03873991547838633,3.1754023999999825,4.091341473828026,away,-122.0,-122.0,0.031754023999999825,0.03873991547838633,0.567,4.091341473828026,0.009684978869596583,moneyline,nba,,,,,,,,,,,,,,,,,,,,,,,,,,,,,,,,,,,,,,,,,,
Basketball,NBA,2026_01_07,NBA_2026_01_07_San_Antonio_Spurs_Los_Angeles_Lakers,2026_04_17,10:43 PM,San Antonio Spurs,Los Angeles Lakers,-7.5,7.5,233.5,-270,222,-110,-110,-110,-110,1.37037,3.22,1.909091,1.909091,1.909091,1.909091,0.794,0.206,120.7,112.3,233.0,1,2025_NBA,3.22,1.3703703703703702,0.3105590062111801,0.7297297297297298,0.298531547522995,0.7014684524770051,0.794,0.206,4.8543689320388355,1.2594458438287153,4.951456310679612,1.2846347607052897,+395,-351,0.08807378000000021,0.09253154752299497,0.237799443799444,8.807378000000021,9.253154752299498,-0.33668,-0.092531547522995,0.0,-33.668,-9.2531547522995,home,-270.0,-270.0,0.08807378000000021,0.237799443799444,0.794,9.253154752299498,0.05,moneyline,nba,,,,,,,,,,,,,,,,,,,,,,,,,,,,,,,,,,,,,,,,,,
Basketball,NBA,2026_01_09,NBA_2026_01_09_Denver_Nuggets_Atlanta_Hawks,2026_04_17,10:10 PM,Denver Nuggets,Atlanta Hawks,-1.5,1.5,238.0,-127,107,-115,-105,-110,-110,1.787402,2.07,1.869565,1.952381,1.909091,1.909091,0.495,0.505,117.8,118.3,236.1,1,2025_NBA,2.0700000000000003,1.7874015748031495,0.48309178743961345,0.5594713656387665,0.4633693278082834,0.5366306721917165,0.495,0.505,1.9801980198019802,2.0202020202020203,2.01980198019802,2.060606060606061,+101,+106,-0.11523601000000006,-0.041630672191716456,0.0,-11.523601000000006,-4.163067219171646,0.04535,0.04163067219171662,0.04238317757009336,4.535,4.163067219171662,away,107.0,107.0,0.04535,0.04238317757009336,0.505,4.163067219171662,0.01059579439252334,moneyline,nba,,,,,,,,,,,,,,,,,,,,,,,,,,,,,,,,,,,,,,,,,,
Basketball,NBA,2026_01_09,NBA_2026_01_09_Phoenix_Suns_New_York_Knicks,2026_04_17,10:10 PM,Phoenix Suns,New York Knicks,2.0,-2.0,230.0,105,-125,-110,-108,-110,-110,2.05,1.8,1.909091,1.925926,1.909091,1.909091,0.502,0.498,115.7,116.1,231.8,1,2025_NBA,1.8,2.05,0.5555555555555556,0.48780487804878053,0.5324675324675325,0.4675324675324676,0.502,0.498,2.0080321285140563,1.9920318725099602,2.0481927710843375,2.0318725099601593,+104,+103,0.029099999999999904,0.034467532467532425,0.02771428571428563,2.9099999999999904,3.4467532467532425,-0.10360000000000003,-0.034467532467532536,0.0,-10.360000000000003,-3.4467532467532536,home,105.0,105.0,0.029099999999999904,0.02771428571428563,0.502,3.4467532467532425,0.006928571428571407,moneyline,nba,,,,,,,,,,,,,,,,,,,,,,,,,,,,,,,,,,,,,,,,,,
Basketball,NBA,2026_01_09,NBA_2026_01_09_Washington_Wizards_New_Orleans_Pelicans,2026_04_17,08:10 PM,Washington Wizards,New Orleans Pelicans,2.0,-2.0,239.0,110,-130,-110,-110,-110,-110,2.1,1.769231,1.909091,1.909091,1.909091,1.909091,0.422,0.578,117.6,120.9,238.5,1,2025_NBA,1.7692307692307692,2.1,0.5652173913043479,0.47619047619047616,0.5427435387673957,0.4572564612326044,0.422,0.578,1.7301038062283738,2.3696682464454977,1.7647058823529413,2.4170616113744074,-130,+141,-0.11380000000000001,-0.0352564612326044,0.0,-11.38,-3.5256461232604397,0.022615517999999835,0.035256461232604286,0.029400164579950556,2.2615517999999835,3.5256461232604286,away,-130.0,-130.0,0.022615517999999835,0.029400164579950556,0.578,3.5256461232604286,0.007350041144987639,moneyline,nba,,,,,,,,,,,,,,,,,,,,,,,,,,,,,,,,,,,,,,,,,,
Basketball,NBA,2026_01_10,NBA_2026_01_10_Chicago_Bulls_Dallas_Mavericks,2026_04_17,09:10 PM,Chicago Bulls,Dallas Mavericks,-4.5,4.5,233.0,-150,130,-110,-110,-110,-110,1.666667,2.3,1.909091,1.909091,1.909091,1.909091,0.617,0.383,118.9,115.4,234.3,1,2025_NBA,2.3,1.6666666666666665,0.4347826086956522,0.6000000000000001,0.4201680672268907,0.5798319327731092,0.617,0.383,2.6109660574412534,1.6207455429497568,2.6631853785900788,1.6531604538087519,+166,-153,0.028333538999999908,0.03716806722689081,0.042500287249856245,2.8333538999999908,3.716806722689081,-0.1191000000000001,-0.0371680672268907,0.0,-11.910000000000009,-3.71680672268907,home,-150.0,-150.0,0.028333538999999908,0.042500287249856245,0.617,3.716806722689081,0.010625071812464061,moneyline,nba,,,,,,,,,,,,,,,,,,,,,,,,,,,,,,,,,,,,,,,,,,
Basketball,NBA,2026_01_11,NBA_2026_01_11_Denver_Nuggets_Milwaukee_Bucks,2026_04_17,09:10 PM,Denver Nuggets,Milwaukee Bucks,2.0,-2.0,223.5,105,-125,-110,-110,-110,-110,2.05,1.8,1.909091,1.909091,1.909091,1.909091,0.384,0.616,110.8,115.0,225.8,1,2025_NBA,1.8,2.05,0.5555555555555556,0.48780487804878053,0.5324675324675325,0.4675324675324676,0.384,0.616,1.6233766233766234,2.6041666666666665,1.655844155844156,2.65625,-152,+165,-0.2128000000000001,-0.08353246753246757,0.0,-21.28000000000001,-8.353246753246758,0.10880000000000001,0.08353246753246746,0.136,10.88,8.353246753246745,away,-125.0,-125.0,0.10880000000000001,0.136,0.616,8.353246753246745,0.034,moneyline,nba,,,,,,,,,,,,,,,,,,,,,,,,,,,,,,,,,,,,,,,,,,
Basketball,NBA,2026_01_14,NBA_2026_01_14_Chicago_Bulls_Utah_Jazz,2026_04_17,09:10 PM,Chicago Bulls,Utah Jazz,-3.5,3.5,246.5,-135,115,-110,-110,-110,-110,1.740741,2.15,1.909091,1.909091,1.909091,1.909091,0.597,0.403,122.2,119.3,241.5,1,2025_NBA,2.15,1.7407407407407407,0.46511627906976744,0.574468085106383,0.447405997144217,0.552594002855783,0.597,0.403,2.4813895781637716,1.6750418760469012,2.531017369727047,1.7085427135678393,+153,-141,0.039222376999999975,0.044405997144217,0.05295019041743339,3.9222376999999975,4.4405997144217,-0.13354999999999995,-0.044405997144217,0.0,-13.354999999999995,-4.4405997144217,home,-135.0,-135.0,0.039222376999999975,0.05295019041743339,0.597,4.4405997144217,0.013237547604358347,moneyline,nba,,,,,,,,,,,,,,,,,,,,,,,,,,,,,,,,,,,,,,,,,,
Basketball,NBA,2026_01_15,NBA_2026_01_15_Detroit_Pistons_Phoenix_Suns,2026_04_17,08:10 PM,Detroit Pistons,Phoenix Suns,-6.5,6.5,221.0,-235,195,-105,-115,-110,-110,1.425532,2.95,1.952381,1.869565,1.909091,1.909091,0.745,0.255,116.0,108.7,224.7,1,2025_NBA,2.95,1.425531914893617,0.3389830508474576,0.7014925373134329,0.32579625577437393,0.6742037442256261,0.745,0.255,3.9215686274509802,1.342281879194631,4.0,1.3691275167785235,+300,-270,0.062021340000000036,0.07079625577437387,0.1457501198499761,6.202134000000004,7.079625577437387,-0.24774999999999991,-0.07079625577437393,0.0,-24.77499999999999,-7.079625577437393,home,-235.0,-235.0,0.062021340000000036,0.1457501198499761,0.745,7.079625577437387,0.036437529962494025,moneyline,nba,,,,,,,,,,,,,,,,,,,,,,,,,,,,,,,,,,,,,,,,,,
Basketball,NBA,2026_01_15,NBA_2026_01_15_Golden_State_Warriors_New_York_Knicks,2026_04_17,11:10 PM,Golden State Warriors,New York Knicks,-2.5,2.5,233.0,-155,135,-110,-110,-110,-110,1.645161,2.35,1.909091,1.909091,1.909091,1.909091,0.729,0.271,115.9,109.1,225.0,1,2025_NBA,2.35,1.6451612903225805,0.425531914893617,0.607843137254902,0.4117884537747275,0.5882115462252726,0.729,0.271,3.6900369003690034,1.3717421124828533,3.7638376383763834,1.3991769547325104,+276,-250,0.1993223690000001,0.14078845377472737,0.308949810977415,19.93223690000001,14.078845377472737,-0.36315,-0.14078845377472748,0.0,-36.315,-14.07884537747275,home,-155.0,-155.0,0.1993223690000001,0.308949810977415,0.729,14.078845377472737,0.05,moneyline,nba,,,,,,,,,,,,,,,,,,,,,,,,,,,,,,,,,,,,,,,,,,
Basketball,NBA,2026_01_16,NBA_2026_01_16_Sacramento_Kings_Washington_Wizards,2026_04_17,11:10 PM,Sacramento Kings,Washington Wizards,-6.5,6.5,230.0,-245,203,-110,-110,-110,-110,1.408163,3.03,1.909091,1.909091,1.909091,1.909091,0.737,0.263,120.9,114.0,234.9,1,2025_NBA,3.03,1.4081632653061225,0.33003300330033003,0.7101449275362319,0.3172851427783142,0.6827148572216858,0.737,0.263,3.8022813688212924,1.3568521031207599,3.8783269961977185,1.3839891451831752,+287,-260,0.03781613100000003,0.0542851427783142,0.09264958117222782,3.781613100000003,5.42851427783142,-0.20311,-0.0542851427783142,0.0,-20.311,-5.42851427783142,home,-245.0,-245.0,0.03781613100000003,0.09264958117222782,0.737,5.42851427783142,0.023162395293056956,moneyline,nba,,,,,,,,,,,,,,,,,,,,,,,,,,,,,,,,,,,,,,,,,,
Basketball,NBA,2026_01_17,NBA_2026_01_17_New_York_Knicks_Phoenix_Suns,2026_04_17,08:40 PM,New York Knicks,Phoenix Suns,-3.5,3.5,223.5,-165,145,-110,-110,-110,-110,1.606061,2.45,1.909091,1.909091,1.909091,1.909091,0.469,0.531,113.0,114.8,227.8,1,2025_NBA,2.45,1.606060606060606,0.4081632653061224,0.6226415094339623,0.3959656331714605,0.6040343668285394,0.469,0.531,1.8832391713747645,2.1321961620469083,1.9209039548022597,2.1748400852878467,-108,+117,-0.24675739100000005,-0.13503436682853942,0.0,-24.675739100000005,-13.503436682853941,0.30095000000000005,0.13503436682853953,0.20755172413793113,30.095000000000006,13.503436682853954,away,145.0,145.0,0.30095000000000005,0.20755172413793113,0.531,13.503436682853954,0.05,moneyline,nba,,,,,,,,,,,,,,,,,,,,,,,,,,,,,,,,,,,,,,,,,,
Basketball,NBA,2026_01_17,NBA_2026_01_17_Portland_Trail_Blazers_Los_Angeles_Lakers,2026_04_17,11:10 PM,Portland Trail Blazers,Los Angeles Lakers,-2.5,2.5,224.5,-145,125,-110,-110,-110,-110,1.689655,2.25,1.909091,1.909091,1.909091,1.909091,0.628,0.372,117.4,113.8,231.2,1,2025_NBA,2.25,1.6896551724137931,0.4444444444444444,0.5918367346938775,0.42888402625820565,0.5711159737417943,0.628,0.372,2.6881720430107525,1.5923566878980893,2.7419354838709675,1.624203821656051,+174,-160,0.06110333999999984,0.056884026258205656,0.08859986514996623,6.110333999999984,5.688402625820565,-0.16300000000000003,-0.056884026258205656,0.0,-16.300000000000004,-5.688402625820565,home,-145.0,-145.0,0.06110333999999984,0.08859986514996623,0.628,5.688402625820565,0.02214996628749156,moneyline,nba,,,,,,,,,,,,,,,,,,,,,,,,,,,,,,,,,,,,,,,,,,
Basketball,NBA,2026_01_18,NBA_2026_01_18_Denver_Nuggets_Charlotte_Hornets,2026_04_17,09:10 PM,Denver Nuggets,Charlotte Hornets,-3.0,3.0,231.5,-145,125,-110,-110,-110,-110,1.689655,2.25,1.909091,1.909091,1.909091,1.909091,0.465,0.535,114.2,116.1,230.3,1,2025_NBA,2.25,1.6896551724137931,0.4444444444444444,0.5918367346938775,0.42888402625820565,0.5711159737417943,0.465,0.535,1.8691588785046729,2.150537634408602,1.9065420560747663,2.193548387096774,-110,+119,-0.21431042499999997,-0.10611597374179432,0.0,-21.431042499999997,-10.611597374179432,0.2037500000000001,0.10611597374179438,0.1630000000000001,20.37500000000001,10.611597374179437,away,125.0,125.0,0.2037500000000001,0.1630000000000001,0.535,10.611597374179437,0.04075000000000002,moneyline,nba,,,,,,,,,,,,,,,,,,,,,,,,,,,,,,,,,,,,,,,,,,
Basketball,NBA,2026_01_20,NBA_2026_01_20_Denver_Nuggets_Los_Angeles_Lakers,2026_04_17,11:10 PM,Denver Nuggets,Los Angeles Lakers,1.0,-1.0,228.5,100,-120,-110,-110,-110,-110,2.0,1.833333,1.909091,1.909091,1.909091,1.909091,0.385,0.615,111.1,115.3,226.4,1,2025_NBA,1.8333333333333335,2.0,0.5454545454545454,0.5,0.5217391304347826,0.4782608695652174,0.385,0.615,1.6260162601626016,2.5974025974025974,1.6585365853658536,2.6493506493506493,-151,+164,-0.22999999999999998,-0.0932608695652174,0.0,-23.0,-9.32608695652174,0.12749979500000008,0.0932608695652174,0.15299981519992617,12.74997950000001,9.32608695652174,away,-120.0,-120.0,0.12749979500000008,0.15299981519992617,0.615,9.32608695652174,0.03824995379998154,moneyline,nba,,,,,,,,,,,,,,,,,,,,,,,,,,,,,,,,,,,,,,,,,,
Basketball,NBA,2026_01_21,NBA_2026_01_21_Sacramento_Kings_Toronto_Raptors,2026_04_17,11:10 PM,Sacramento Kings,Toronto Raptors,4.0,-4.0,223.0,165,-190,-110,-110,-110,-110,2.65,1.526316,1.909091,1.909091,1.909091,1.909091,0.299,0.701,108.1,114.3,222.4,1,2025_NBA,1.526315789473684,2.65,0.6551724137931035,0.37735849056603776,0.6345305608065532,0.36546943919344677,0.299,0.701,1.4265335235378032,3.3444816053511706,1.4550641940085594,3.411371237458194,-219,+241,-0.2076500000000001,-0.06646943919344678,0.0,-20.76500000000001,-6.646943919344678,0.06994751600000004,0.06646943919344672,0.13290022723990896,6.994751600000004,6.646943919344672,away,-190.0,-190.0,0.06994751600000004,0.13290022723990896,0.701,6.646943919344672,0.03322505680997724,moneyline,nba,,,,,,,,,,,,,,,,,,,,,,,,,,,,,,,,,,,,,,,,,,
Basketball,NBA,2026_01_22,NBA_2026_01_22_Dallas_Mavericks_Golden_State_Warriors,2026_04_17,08:40 PM,Dallas Mavericks,Golden State Warriors,4.0,-4.0,232.0,149,-170,-110,-110,-110,-110,2.49,1.588235,1.909091,1.909091,1.909091,1.909091,0.355,0.645,113.6,118.6,232.2,1,2025_NBA,1.5882352941176472,2.49,0.6296296296296295,0.4016064257028112,0.6105581999134574,0.38944180008654267,0.355,0.645,1.5503875968992247,2.8169014084507045,1.5813953488372092,2.8732394366197185,-172,+187,-0.11604999999999999,-0.034441800086542684,0.0,-11.604999999999999,-3.4441800086542687,0.02441157500000002,0.03444180008654263,0.04149969824984925,2.441157500000002,3.444180008654263,away,-170.0,-170.0,0.02441157500000002,0.04149969824984925,0.645,3.444180008654263,0.010374924562462312,moneyline,nba,,,,,,,,,,,,,,,,,,,,,,,,,,,,,,,,,,,,,,,,,,
Basketball,NBA,2026_01_23,NBA_2026_01_23_Atlanta_Hawks_Phoenix_Suns,2026_04_17,08:40 PM,Atlanta Hawks,Phoenix Suns,3.0,-3.0,230.0,125,-145,-105,-115,-115,-105,2.25,1.689655,1.952381,1.869565,1.869565,1.952381,0.391,0.609,113.4,117.4,230.8,1,2025_NBA,1.6896551724137931,2.25,0.5918367346938775,0.4444444444444444,0.5711159737417943,0.42888402625820565,0.391,0.609,1.6420361247947455,2.557544757033248,1.6748768472906403,2.608695652173913,-148,+160,-0.12024999999999997,-0.03788402625820564,0.0,-12.024999999999997,-3.788402625820564,0.028999894999999887,0.03788402625820564,0.04204985826246449,2.8999894999999887,3.788402625820564,away,-145.0,-145.0,0.028999894999999887,0.04204985826246449,0.609,3.788402625820564,0.010512464565616123,moneyline,nba,,,,,,,,,,,,,,,,,,,,,,,,,,,,,,,,,,,,,,,,,,
Basketball,NBA,2026_01_23,NBA_2026_01_23_Memphis_Grizzlies_New_Orleans_Pelicans,2026_04_17,09:10 PM,Memphis Grizzlies,New Orleans Pelicans,-4.5,4.5,236.5,-180,157,-110,-110,-110,-110,1.555556,2.57,1.909091,1.909091,1.909091,1.909091,0.686,0.314,121.1,115.8,236.9,1,2025_NBA,2.5700000000000003,1.5555555555555556,0.3891050583657587,0.6428571428571428,0.37705359547535683,0.6229464045246431,0.686,0.314,3.1847133757961785,1.4577259475218658,3.248407643312102,1.4868804664723032,+224,-205,0.06711141600000015,0.06305359547535694,0.12080045215963835,6.711141600000015,6.305359547535694,-0.19302000000000008,-0.06305359547535683,0.0,-19.302000000000007,-6.305359547535683,home,-180.0,-180.0,0.06711141600000015,0.12080045215963835,0.686,6.305359547535694,0.030200113039909587,moneyline,nba,,,,,,,,,,,,,,,,,,,,,,,,,,,,,,,,,,,,,,,,,,
Basketball,NBA,2026_01_23,NBA_2026_01_23_Milwaukee_Bucks_Denver_Nuggets,2026_04_17,10:40 PM,Milwaukee Bucks,Denver Nuggets,-5.0,5.0,223.0,-225,189,-110,-110,-110,-110,1.444444,2.89,1.909091,1.909091,1.909091,1.909091,0.734,0.266,113.6,106.6,220.2,1,2025_NBA,2.8899999999999997,1.4444444444444444,0.34602076124567477,0.6923076923076923,0.3332478851576519,0.6667521148423481,0.734,0.266,3.7593984962406015,1.3623978201634879,3.8345864661654137,1.3896457765667576,+283,-256,0.06022189600000005,0.0672478851576519,0.13549940149940148,6.022189600000005,6.72478851576519,-0.2312599999999999,-0.0672478851576519,0.0,-23.12599999999999,-6.72478851576519,home,-225.0,-225.0,0.06022189600000005,0.13549940149940148,0.734,6.72478851576519,0.03387485037485037,moneyline,nba,,,,,,,,,,,,,,,,,,,,,,,,,,,,,,,,,,,,,,,,,,
Basketball,NBA,2026_01_24,NBA_2026_01_24_Orlando_Magic_Cleveland_Cavaliers,2026_04_17,08:10 PM,Orlando Magic,Cleveland Cavaliers,1.0,-1.0,228.0,-120,100,-110,-110,-110,-110,1.833333,2.0,1.909091,1.909091,1.909091,1.909091,0.591,0.409,116.7,113.9,230.6,1,2025_NBA,2.0,1.8333333333333335,0.5,0.5454545454545454,0.4782608695652174,0.5217391304347826,0.591,0.409,2.444987775061125,1.6920473773265652,2.4938875305623474,1.7258883248730965,+149,-137,0.08349980300000004,0.06926086956521738,0.10019980367992144,8.349980300000004,6.926086956521738,-0.18200000000000005,-0.06926086956521743,0.0,-18.200000000000006,-6.926086956521743,home,-120.0,-120.0,0.08349980300000004,0.10019980367992144,0.591,6.926086956521738,0.02504995091998036,moneyline,nba,,,,,,,,,,,,,,,,,,,,,,,,,,,,,,,,,,,,,,,,,,
Basketball,NBA,2026_01_24,NBA_2026_01_24_Philadelphia_76ers_New_York_Knicks,2026_04_17,04:10 PM,Philadelphia 76ers,New York Knicks,-2.0,2.0,231.0,-107,-113,-110,-110,-110,-110,1.934579,1.884956,1.909091,1.909091,1.909091,1.909091,0.686,0.314,117.1,111.9,229.0,1,2025_NBA,1.8849557522123894,1.9345794392523366,0.5305164319248826,0.5169082125603864,0.5064960374171755,0.4935039625828245,0.686,0.314,3.1847133757961785,1.4577259475218658,3.248407643312102,1.4868804664723032,+224,-205,0.32712119400000006,0.19249603741717558,0.35001984208932596,32.712119400000006,19.249603741717557,-0.40812381600000003,-0.19249603741717553,0.0,-40.8123816,-19.249603741717554,home,-107.0,-107.0,0.32712119400000006,0.35001984208932596,0.686,19.249603741717557,0.05,moneyline,nba,,,,,,,,,,,,,,,,,,,,,,,,,,,,,,,,,,,,,,,,,,
Basketball,NBA,2026_01_25,NBA_2026_01_25_Los_Angeles_Clippers_Brooklyn_Nets,2026_04_17,10:10 PM,Los Angeles Clippers,Brooklyn Nets,-10.5,10.5,214.0,-375,299,-110,-110,-110,-110,1.266667,3.99,1.909091,1.909091,1.909091,1.909091,0.815,0.185,112.1,103.0,215.1,1,2025_NBA,3.99,1.2666666666666666,0.2506265664160401,0.7894736842105263,0.24096385542168675,0.7590361445783133,0.815,0.185,5.405405405405405,1.2269938650306749,5.513513513513513,1.2515337423312884,+451,-397,0.03233360499999982,0.05596385542168669,0.12125086718641577,3.233360499999982,5.596385542168669,-0.2618499999999999,-0.05596385542168675,0.0,-26.18499999999999,-5.596385542168675,home,-375.0,-375.0,0.03233360499999982,0.12125086718641577,0.815,5.596385542168669,0.030312716796603942,moneyline,nba,,,,,,,,,,,,,,,,,,,,,,,,,,,,,,,,,,,,,,,,,,
Basketball,NBA,2026_01_26,NBA_2026_01_26_Chicago_Bulls_Los_Angeles_Lakers,2026_04_17,09:10 PM,Chicago Bulls,Los Angeles Lakers,2.0,-2.0,232.5,-103,-117,-110,-110,-110,-110,1.970874,1.854701,1.909091,1.909091,1.909091,1.909091,0.522,0.478,117.9,117.2,235.1,1,2025_NBA,1.8547008547008548,1.970873786407767,0.5391705069124424,0.5073891625615764,0.5151837230488916,0.48481627695110846,0.522,0.478,2.092050209205021,1.9157088122605364,2.1338912133891212,1.9540229885057472,+113,-104,0.028796228000000035,0.03718372304889156,0.029660108314776206,2.8796228000000035,3.718372304889156,-0.11345292200000012,-0.037183723048891615,0.0,-11.345292200000012,-3.7183723048891615,home,-103.0,-103.0,0.028796228000000035,0.029660108314776206,0.522,3.718372304889156,0.0074150270786940515,moneyline,nba,,,,,,,,,,,,,,,,,,,,,,,,,,,,,,,,,,,,,,,,,,
Basketball,NBA,2026_01_26,NBA_2026_01_26_Cleveland_Cavaliers_Orlando_Magic,2026_04_17,08:10 PM,Cleveland Cavaliers,Orlando Magic,-5.0,5.0,226.0,-200,174,-110,-110,-110,-110,1.5,2.74,1.909091,1.909091,1.909091,1.909091,0.682,0.318,116.7,111.4,228.1,1,2025_NBA,2.74,1.5,0.36496350364963503,0.6666666666666666,0.35377358490566035,0.6462264150943395,0.682,0.318,3.144654088050314,1.4662756598240467,3.2075471698113205,1.4956011730205276,+220,-201,0.02300000000000013,0.035773584905660516,0.04600000000000015,2.300000000000013,3.5773584905660516,-0.1286799999999999,-0.03577358490566035,0.0,-12.867999999999991,-3.577358490566035,home,-200.0,-200.0,0.02300000000000013,0.04600000000000015,0.682,3.5773584905660516,0.011500000000000038,moneyline,nba,,,,,,,,,,,,,,,,,,,,,,,,,,,,,,,,,,,,,,,,,,
Basketball,NBA,2026_01_29,NBA_2026_01_29_Atlanta_Hawks_Houston_Rockets,2026_04_17,09:10 PM,Atlanta Hawks,Houston Rockets,4.0,-4.0,225.0,132,-152,-110,-110,-110,-110,2.32,1.657895,1.909091,1.909091,1.909091,1.909091,0.324,0.676,109.0,115.0,224.0,1,2025_NBA,1.6578947368421053,2.3200000000000003,0.6031746031746031,0.43103448275862066,0.5832230748875364,0.4167769251124636,0.324,0.676,1.4792899408284024,3.0864197530864197,1.5088757396449703,3.1481481481481484,-196,+214,-0.24831999999999999,-0.0927769251124636,0.0,-24.831999999999997,-9.27769251124636,0.12073701999999997,0.0927769251124636,0.18352019699192126,12.073701999999997,9.27769251124636,away,-152.0,-152.0,0.12073701999999997,0.18352019699192126,0.676,9.27769251124636,0.045880049247980316,moneyline,nba,,,,,,,,,,,,,,,,,,,,,,,,,,,,,,,,,,,,,,,,,,
Basketball,NBA,2026_01_29,NBA_2026_01_29_Denver_Nuggets_Brooklyn_Nets,2026_04_17,10:10 PM,Denver Nuggets,Brooklyn Nets,-5.5,5.5,214.0,-285,234,-110,-110,-110,-110,1.350877,3.34,1.909091,1.909091,1.909091,1.909091,0.786,0.214,110.8,102.6,213.4,1,2025_NBA,3.34,1.3508771929824561,0.29940119760479045,0.7402597402597403,0.2879796544244147,0.7120203455755852,0.786,0.214,4.672897196261682,1.272264631043257,4.766355140186916,1.2977099236641223,+376,-335,0.06178932200000009,0.07397965442441479,0.17609966455481588,6.178932200000009,7.397965442441478,-0.28524000000000005,-0.0739796544244147,0.0,-28.524000000000004,-7.39796544244147,home,-285.0,-285.0,0.06178932200000009,0.17609966455481588,0.786,7.397965442441478,0.04402491613870397,moneyline,nba,,,,,,,,,,,,,,,,,,,,,,,,,,,,,,,,,,,,,,,,,,
Basketball,NBA,2026_01_29,NBA_2026_01_29_Minnesota_Timberwolves_Oklahoma_City_Thunder,2026_04_17,10:40 PM,Minnesota Timberwolves,Oklahoma City Thunder,5.5,-5.5,225.5,177,-205,-110,-110,-110,-110,2.77,1.487805,1.909091,1.909091,1.909091,1.909091,0.313,0.687,109.9,116.1,226.0,1,2025_NBA,1.4878048780487805,2.77,0.6721311475409836,0.36101083032490977,0.6505699719310306,0.34943002806896956,0.313,0.687,1.455604075691412,3.194888178913738,1.48471615720524,3.258785942492013,-206,+225,-0.13298999999999994,-0.036430028068969555,0.0,-13.298999999999994,-3.6430028068969555,0.022122035000000206,0.036430028068969444,0.04535016041246009,2.2122035000000206,3.6430028068969444,away,-205.0,-205.0,0.022122035000000206,0.04535016041246009,0.687,3.6430028068969444,0.011337540103115022,moneyline,nba,,,,,,,,,,,,,,,,,,,,,,,,,,,,,,,,,,,,,,,,,,
Basketball,NBA,2026_01_30,NBA_2026_01_30_Boston_Celtics_Sacramento_Kings,2026_04_17,08:40 PM,Boston Celtics,Sacramento Kings,-14.0,14.0,226.0,-550,415,-110,-110,-110,-110,1.181818,5.15,1.909091,1.909091,1.909091,1.909091,0.867,0.133,116.7,105.8,222.5,1,2025_NBA,5.15,1.1818181818181819,0.1941747572815534,0.8461538461538461,0.18664752333094042,0.8133524766690595,0.867,0.133,7.518796992481203,1.1534025374855825,7.669172932330827,1.1764705882352942,+666,-566,0.02463620600000005,0.05364752333094047,0.1354992684992686,2.463620600000005,5.364752333094048,-0.31504999999999994,-0.053647523330940416,0.0,-31.504999999999995,-5.364752333094041,home,-550.0,-550.0,0.02463620600000005,0.1354992684992686,0.867,5.364752333094048,0.03387481712481715,moneyline,nba,,,,,,,,,,,,,,,,,,,,,,,,,,,,,,,,,,,,,,,,,,
Basketball,NBA,2026_01_30,NBA_2026_01_30_Utah_Jazz_Brooklyn_Nets,2026_04_17,10:40 PM,Utah Jazz,Brooklyn Nets,-2.0,2.0,225.5,-143,123,-110,-110,-110,-110,1.699301,2.23,1.909091,1.909091,1.909091,1.909091,0.609,0.391,114.4,111.2,225.6,1,2025_NBA,2.23,1.6993006993006992,0.4484304932735426,0.5884773662551441,0.43246898859207317,0.5675310114079268,0.609,0.391,2.557544757033248,1.6420361247947455,2.608695652173913,1.6748768472906403,+160,-148,0.03487430899999988,0.04146898859207315,0.04987024042579653,3.487430899999988,4.146898859207315,-0.12807000000000002,-0.04146898859207315,0.0,-12.807000000000002,-4.146898859207315,home,-143.0,-143.0,0.03487430899999988,0.04987024042579653,0.609,4.146898859207315,0.012467560106449133,moneyline,nba,,,,,,,,,,,,,,,,,,,,,,,,,,,,,,,,,,,,,,,,,,
Basketball,NBA,2026_01_31,NBA_2026_01_31_Memphis_Grizzlies_Minnesota_Timberwolves,2026_04_17,09:10 PM,Memphis Grizzlies,Minnesota Timberwolves,7.0,-7.0,230.0,226,-275,-110,-110,-110,-110,3.26,1.363636,1.909091,1.909091,1.909091,1.909091,0.222,0.778,111.0,119.9,230.9,1,2025_NBA,1.3636363636363638,3.26,0.7333333333333333,0.3067484662576687,0.7050727487219818,0.29492725127801805,0.222,0.778,1.2853470437017995,4.504504504504505,1.3110539845758356,4.594594594594595,-321,+359,-0.2762800000000001,-0.07292725127801805,0.0,-27.628000000000007,-7.2927251278018055,0.06090880799999998,0.07292725127801825,0.16749938949938972,6.090880799999998,7.292725127801825,away,-275.0,-275.0,0.06090880799999998,0.16749938949938972,0.778,7.292725127801825,0.04187484737484743,moneyline,nba,,,,,,,,,,,,,,,,,,,,,,,,,,,,,,,,,,,,,,,,,,
Basketball,NBA,2026_01_31,NBA_2026_01_31_Miami_Heat_Chicago_Bulls,2026_04_17,09:10 PM,Miami Heat,Chicago Bulls,-5.5,5.5,236.0,-210,180,-110,-110,-110,-110,1.47619,2.8,1.909091,1.909091,1.909091,1.909091,0.696,0.304,120.5,115.2,235.7,1,2025_NBA,2.8,1.4761904761904763,0.35714285714285715,0.6774193548387096,0.3452115812917595,0.6547884187082406,0.696,0.304,3.2894736842105265,1.4367816091954024,3.355263157894737,1.4655172413793105,+235,-214,0.02742823999999988,0.04121158129175939,0.05759936159936125,2.742823999999988,4.121158129175939,-0.14880000000000004,-0.0412115812917595,0.0,-14.880000000000004,-4.12115812917595,home,-210.0,-210.0,0.02742823999999988,0.05759936159936125,0.696,4.121158129175939,0.014399840399840312,moneyline,nba,,,,,,,,,,,,,,,,,,,,,,,,,,,,,,,,,,,,,,,,,,
Basketball,NBA,2026_02_01,NBA_2026_02_01_New_York_Knicks_Los_Angeles_Lakers,2026_04_17,08:10 PM,New York Knicks,Los Angeles Lakers,-4.5,4.5,229.5,-180,157,-105,-115,-110,-110,1.555556,2.57,1.952381,1.869565,1.909091,1.909091,0.67,0.33,117.5,112.5,230.0,1,2025_NBA,2.5700000000000003,1.5555555555555556,0.3891050583657587,0.6428571428571428,0.37705359547535683,0.6229464045246431,0.67,0.33,3.0303030303030303,1.4925373134328357,3.090909090909091,1.5223880597014925,+209,-191,0.04222251999999993,0.047053595475356924,0.07600047519961993,4.222251999999993,4.705359547535693,-0.15190000000000003,-0.04705359547535681,0.0,-15.190000000000003,-4.705359547535681,home,-180.0,-180.0,0.04222251999999993,0.07600047519961993,0.67,4.705359547535693,0.019000118799904982,moneyline,nba,,,,,,,,,,,,,,,,,,,,,,,,,,,,,,,,,,,,,,,,,,
Basketball,NBA,2026_02_01,NBA_2026_02_01_Phoenix_Suns_Los_Angeles_Clippers,2026_04_17,09:10 PM,Phoenix Suns,Los Angeles Clippers,-2.5,2.5,212.0,-105,-115,-115,-105,-110,-110,1.952381,1.869565,1.869565,1.952381,1.909091,1.909091,0.556,0.444,108.3,106.5,214.8,1,2025_NBA,1.8695652173913042,1.9523809523809523,0.5348837209302326,0.5121951219512195,0.5108342361863489,0.4891657638136511,0.556,0.444,2.2522522522522523,1.7985611510791366,2.2972972972972974,1.8345323741007193,+129,-119,0.08552383600000013,0.06683423618634893,0.08980002330999887,8.552383600000013,6.683423618634893,-0.16991314000000002,-0.06683423618634893,0.0,-16.991314000000003,-6.683423618634893,home,-105.0,-105.0,0.08552383600000013,0.08980002330999887,0.556,6.683423618634893,0.022450005827499717,moneyline,nba,,,,,,,,,,,,,,,,,,,,,,,,,,,,,,,,,,,,,,,,,,
Basketball,NBA,2026_02_01,NBA_2026_02_01_Washington_Wizards_Sacramento_Kings,2026_04_17,07:10 PM,Washington Wizards,Sacramento Kings,3.0,-3.0,229.0,115,-135,-110,-110,-110,-110,2.15,1.740741,1.909091,1.909091,1.909091,1.909091,0.583,0.417,116.0,113.3,229.3,1,2025_NBA,1.7407407407407407,2.15,0.574468085106383,0.46511627906976744,0.552594002855783,0.447405997144217,0.583,0.417,2.3980815347721824,1.7152658662092626,2.4460431654676262,1.7495711835334478,+144,-133,0.25344999999999995,0.13559400285578294,0.22039130434782597,25.344999999999995,13.559400285578294,-0.274111003,-0.135594002855783,0.0,-27.4111003,-13.559400285578299,home,115.0,115.0,0.25344999999999995,0.22039130434782597,0.583,13.559400285578294,0.05,moneyline,nba,,,,,,,,,,,,,,,,,,,,,,,,,,,,,,,,,,,,,,,,,,
Basketball,NBA,2026_02_02,NBA_2026_02_02_Los_Angeles_Clippers_Philadelphia_76ers,2026_04_17,11:10 PM,Los Angeles Clippers,Philadelphia 76ers,1.0,-1.0,221.5,-140,120,-113,-107,-110,-110,1.714286,2.2,1.884956,1.934579,1.909091,1.909091,0.488,0.512,109.8,110.8,220.6,1,2025_NBA,2.2,1.7142857142857144,0.45454545454545453,0.5833333333333333,0.43795620437956206,0.5620437956204379,0.488,0.512,1.953125,2.0491803278688523,1.9921875,2.0901639344262293,-100,+109,-0.163428432,-0.07404379562043795,0.0,-16.3428432,-7.404379562043795,0.12640000000000007,0.07404379562043795,0.10533333333333338,12.640000000000008,7.404379562043795,away,120.0,120.0,0.12640000000000007,0.10533333333333338,0.512,7.404379562043795,0.026333333333333344,moneyline,nba,,,,,,,,,,,,,,,,,,,,,,,,,,,,,,,,,,,,,,,,,,
Basketball,NBA,2026_02_03,NBA_2026_02_03_Indiana_Pacers_Utah_Jazz,2026_04_17,08:10 PM,Indiana Pacers,Utah Jazz,-4.5,4.5,234.5,-190,165,-110,-110,-110,-110,1.526316,2.65,1.909091,1.909091,1.909091,1.909091,0.491,0.509,117.7,118.4,236.1,1,2025_NBA,2.65,1.526315789473684,0.37735849056603776,0.6551724137931035,0.36546943919344677,0.6345305608065532,0.491,0.509,1.9646365422396856,2.0366598778004072,2.0039292730844793,2.0773930753564156,+100,+107,-0.25057884399999997,-0.14353056080655324,0.0,-25.057884399999995,-14.353056080655325,0.3488499999999999,0.14353056080655324,0.21142424242424243,34.88499999999999,14.353056080655325,away,165.0,165.0,0.3488499999999999,0.21142424242424243,0.509,14.353056080655325,0.05,moneyline,nba,,,,,,,,,,,,,,,,,,,,,,,,,,,,,,,,,,,,,,,,,,
Basketball,NBA,2026_02_03,NBA_2026_02_03_Oklahoma_City_Thunder_Orlando_Magic,2026_04_17,09:10 PM,Oklahoma City Thunder,Orlando Magic,-8.0,8.0,219.5,-270,222,-110,-110,-110,-110,1.37037,3.22,1.909091,1.909091,1.909091,1.909091,0.754,0.246,115.0,107.7,222.7,1,2025_NBA,3.22,1.3703703703703702,0.3105590062111801,0.7297297297297298,0.298531547522995,0.7014684524770051,0.754,0.246,4.065040650406504,1.3262599469496021,4.146341463414634,1.3527851458885942,+314,-283,0.03325898000000005,0.05253154752299494,0.08979933579933591,3.325898000000005,5.253154752299494,-0.20787999999999995,-0.05253154752299499,0.0,-20.787999999999997,-5.2531547522994995,home,-270.0,-270.0,0.03325898000000005,0.08979933579933591,0.754,5.253154752299494,0.022449833949833978,moneyline,nba,,,,,,,,,,,,,,,,,,,,,,,,,,,,,,,,,,,,,,,,,,
Basketball,NBA,2026_02_04,NBA_2026_02_04_Houston_Rockets_Boston_Celtics,2026_04_17,09:10 PM,Houston Rockets,Boston Celtics,-6.0,6.0,217.0,-220,186,-110,-110,-110,-110,1.454545,2.86,1.909091,1.909091,1.909091,1.909091,0.752,0.248,110.9,103.5,214.4,1,2025_NBA,2.8600000000000003,1.4545454545454546,0.34965034965034963,0.6875,0.337126000842815,0.662873999157185,0.752,0.248,4.032258064516129,1.3297872340425532,4.112903225806452,1.3563829787234043,+311,-280,0.09381784000000004,0.08912600084281497,0.20639945439945437,9.381784000000003,8.912600084281497,-0.2907200000000001,-0.08912600084281502,0.0,-29.07200000000001,-8.912600084281502,home,-220.0,-220.0,0.09381784000000004,0.20639945439945437,0.752,8.912600084281497,0.05,moneyline,nba,,,,,,,,,,,,,,,,,,,,,,,,,,,,,,,,,,,,,,,,,,
Basketball,NBA,2026_02_04,NBA_2026_02_04_Sacramento_Kings_Memphis_Grizzlies,2026_04_17,11:10 PM,Sacramento Kings,Memphis Grizzlies,-2.5,2.5,229.0,-132,112,-110,-110,-110,-110,1.757576,2.12,1.909091,1.909091,1.909091,1.909091,0.483,0.517,113.7,114.8,228.5,1,2025_NBA,2.12,1.7575757575757576,0.4716981132075471,0.5689655172413793,0.4532666458268208,0.5467333541731791,0.483,0.517,1.9342359767891681,2.070393374741201,1.9729206963249515,2.111801242236025,-102,+111,-0.15109079199999997,-0.06373335417317916,0.0,-15.109079199999996,-6.373335417317916,0.09604000000000013,0.06373335417317921,0.0857500000000001,9.604000000000013,6.3733354173179215,away,112.0,112.0,0.09604000000000013,0.0857500000000001,0.517,6.3733354173179215,0.021437500000000026,moneyline,nba,,,,,,,,,,,,,,,,,,,,,,,,,,,,,,,,,,,,,,,,,,
Basketball,NBA,2026_02_04,NBA_2026_02_04_San_Antonio_Spurs_Oklahoma_City_Thunder,2026_04_17,10:40 PM,San Antonio Spurs,Oklahoma City Thunder,2.0,-2.0,225.5,108,-128,-110,-110,-110,-110,2.08,1.78125,1.909091,1.909091,1.909091,1.909091,0.711,0.289,116.3,110.4,226.7,1,2025_NBA,1.78125,2.08,0.5614035087719298,0.4807692307692307,0.5386856587892521,0.46131434121074777,0.711,0.289,3.4602076124567476,1.4064697609001406,3.5294117647058827,1.4345991561181435,+252,-230,0.47888,0.2496856587892522,0.44340740740740736,47.888,24.96856587892522,-0.48521875000000003,-0.24968565878925214,0.0,-48.521875,-24.968565878925215,home,108.0,108.0,0.47888,0.44340740740740736,0.711,24.96856587892522,0.05,moneyline,nba,,,,,,,,,,,,,,,,,,,,,,,,,,,,,,,,,,,,,,,,,,
Basketball,NBA,2026_02_06,NBA_2026_02_06_Detroit_Pistons_New_York_Knicks,2026_04_17,08:40 PM,Detroit Pistons,New York Knicks,-2.0,2.0,224.0,105,-125,-110,-110,-110,-110,2.05,1.8,1.909091,1.909091,1.909091,1.909091,0.515,0.485,111.4,111.1,222.5,1,2025_NBA,1.8,2.05,0.5555555555555556,0.48780487804878053,0.5324675324675325,0.4675324675324676,0.515,0.485,2.061855670103093,1.941747572815534,2.1030927835051547,1.9805825242718447,+110,-101,0.055749999999999966,0.047467532467532436,0.05309523809523807,5.574999999999997,4.746753246753244,-0.127,-0.04746753246753255,0.0,-12.7,-4.746753246753254,home,105.0,105.0,0.055749999999999966,0.05309523809523807,0.515,4.746753246753244,0.013273809523809518,moneyline,nba,,,,,,,,,,,,,,,,,,,,,,,,,,,,,,,,,,,,,,,,,,
Basketball,NBA,2026_02_06,NBA_2026_02_06_Milwaukee_Bucks_Indiana_Pacers,2026_04_17,09:10 PM,Milwaukee Bucks,Indiana Pacers,-1.5,1.5,224.5,105,-125,-110,-110,-110,-110,2.05,1.8,1.909091,1.909091,1.909091,1.909091,0.517,0.483,111.6,111.3,222.9,1,2025_NBA,1.8,2.05,0.5555555555555556,0.48780487804878053,0.5324675324675325,0.4675324675324676,0.517,0.483,2.070393374741201,1.9342359767891681,2.111801242236025,1.9729206963249515,+111,-102,0.05984999999999996,0.04946753246753244,0.05699999999999997,5.984999999999996,4.946753246753244,-0.13060000000000005,-0.04946753246753255,0.0,-13.060000000000006,-4.946753246753255,home,105.0,105.0,0.05984999999999996,0.05699999999999997,0.517,4.946753246753244,0.014249999999999992,moneyline,nba,,,,,,,,,,,,,,,,,,,,,,,,,,,,,,,,,,,,,,,,,,
Basketball,NBA,2026_02_06,NBA_2026_02_06_Sacramento_Kings_Los_Angeles_Clippers,2026_04_17,11:10 PM,Sacramento Kings,Los Angeles Clippers,3.5,-3.5,222.5,140,-160,-110,-110,-110,-110,2.4,1.625,1.909091,1.909091,1.909091,1.909091,0.32,0.68,108.4,114.5,222.9,1,2025_NBA,1.625,2.4,0.6153846153846154,0.4166666666666667,0.5962732919254659,0.40372670807453415,0.32,0.68,1.4705882352941175,3.125,1.5,3.1875,-200,+218,-0.23199999999999998,-0.08372670807453414,0.0,-23.2,-8.372670807453414,0.10499999999999998,0.0837267080745342,0.16800000000000015,10.499999999999998,8.372670807453419,away,-160.0,-160.0,0.10499999999999998,0.16800000000000015,0.68,8.372670807453419,0.04200000000000004,moneyline,nba,,,,,,,,,,,,,,,,,,,,,,,,,,,,,,,,,,,,,,,,,,
Basketball,NBA,2026_02_07,NBA_2026_02_07_Atlanta_Hawks_Charlotte_Hornets,2026_04_17,08:40 PM,Atlanta Hawks,Charlotte Hornets,1.5,-1.5,231.5,105,-125,-110,-110,-110,-110,2.05,1.8,1.909091,1.909091,1.909091,1.909091,0.527,0.473,116.3,115.5,231.8,1,2025_NBA,1.8,2.05,0.5555555555555556,0.48780487804878053,0.5324675324675325,0.4675324675324676,0.527,0.473,2.1141649048625792,1.8975332068311195,2.156448202959831,1.935483870967742,+115,-106,0.08034999999999992,0.05946753246753245,0.07652380952380947,8.034999999999993,5.946753246753245,-0.14860000000000007,-0.05946753246753256,0.0,-14.860000000000007,-5.946753246753255,home,105.0,105.0,0.08034999999999992,0.07652380952380947,0.527,5.946753246753245,0.019130952380952367,moneyline,nba,,,,,,,,,,,,,,,,,,,,,,,,,,,,,,,,,,,,,,,,,,
Basketball,NBA,2026_02_07,NBA_2026_02_07_Chicago_Bulls_Denver_Nuggets,2026_04_17,09:10 PM,Chicago Bulls,Denver Nuggets,5.0,-5.0,228.5,192,-230,-110,-110,-110,-110,2.92,1.434783,1.909091,1.909091,1.909091,1.909091,0.285,0.715,113.1,120.1,233.2,1,2025_NBA,1.434782608695652,2.92,0.696969696969697,0.3424657534246575,0.6705271565495208,0.32947284345047917,0.285,0.715,1.3986013986013988,3.5087719298245617,1.4265734265734267,3.578947368421053,-234,+257,-0.16780000000000006,-0.044472843450479194,0.0,-16.780000000000005,-4.447284345047919,0.02586984499999989,0.044472843450479194,0.05950058994946881,2.586984499999989,4.447284345047919,away,-230.0,-230.0,0.02586984499999989,0.05950058994946881,0.715,4.447284345047919,0.014875147487367202,moneyline,nba,,,,,,,,,,,,,,,,,,,,,,,,,,,,,,,,,,,,,,,,,,
Basketball,NBA,2026_02_07,NBA_2026_02_07_Phoenix_Suns_Philadelphia_76ers,2026_04_17,10:10 PM,Phoenix Suns,Philadelphia 76ers,-1.5,1.5,223.0,-122,102,-110,-110,-110,-110,1.819672,2.02,1.909091,1.909091,1.909091,1.909091,0.565,0.435,112.0,109.9,221.9,1,2025_NBA,2.02,1.819672131147541,0.49504950495049505,0.5495495495495495,0.47391341473828025,0.5260865852617197,0.565,0.435,2.2988505747126435,1.7699115044247788,2.3448275862068964,1.8053097345132745,+134,-124,0.028114679999999836,0.03891341473828025,0.034299915087986285,2.8114679999999836,3.891341473828025,-0.12129999999999996,-0.03891341473828025,0.0,-12.129999999999995,-3.891341473828025,home,-122.0,-122.0,0.028114679999999836,0.034299915087986285,0.565,3.891341473828025,0.008574978771996571,moneyline,nba,,,,,,,,,,,,,,,,,,,,,,,,,,,,,,,,,,,,,,,,,,
Basketball,NBA,2026_02_09,NBA_2026_02_09_Denver_Nuggets_Cleveland_Cavaliers,2026_04_17,10:10 PM,Denver Nuggets,Cleveland Cavaliers,1.0,-1.0,234.0,-105,-115,-110,-110,-110,-110,1.952381,1.869565,1.909091,1.909091,1.909091,1.909091,0.562,0.438,119.4,117.5,236.9,1,2025_NBA,1.8695652173913042,1.9523809523809523,0.5348837209302326,0.5121951219512195,0.5108342361863489,0.4891657638136511,0.562,0.438,2.2831050228310503,1.779359430604982,2.328767123287671,1.8149466192170818,+132,-122,0.09723812200000004,0.07283423618634893,0.1021000229949989,9.723812200000005,7.2834236186348935,-0.18113053,-0.07283423618634893,0.0,-18.113053,-7.2834236186348935,home,-105.0,-105.0,0.09723812200000004,0.1021000229949989,0.562,7.2834236186348935,0.025525005748749725,moneyline,nba,,,,,,,,,,,,,,,,,,,,,,,,,,,,,,,,,,,,,,,,,,
Basketball,NBA,2026_02_09,NBA_2026_02_09_Los_Angeles_Lakers_Oklahoma_City_Thunder,2026_04_17,11:10 PM,Los Angeles Lakers,Oklahoma City Thunder,3.5,-3.5,219.5,149,-170,-110,-110,-110,-110,2.49,1.588235,1.909091,1.909091,1.909091,1.909091,0.248,0.752,107.8,115.9,223.7,1,2025_NBA,1.5882352941176472,2.49,0.6296296296296295,0.4016064257028112,0.6105581999134574,0.38944180008654267,0.248,0.752,1.3297872340425532,4.032258064516129,1.3563829787234043,4.112903225806452,-280,+311,-0.38247999999999993,-0.14144180008654267,0.0,-38.24799999999999,-14.144180008654267,0.19435272000000015,0.1414418000865426,0.3303997891998946,19.435272000000015,14.144180008654262,away,-170.0,-170.0,0.19435272000000015,0.3303997891998946,0.752,14.144180008654262,0.05,moneyline,nba,,,,,,,,,,,,,,,,,,,,,,,,,,,,,,,,,,,,,,,,,,
Basketball,NBA,2026_02_09,NBA_2026_02_09_New_Orleans_Pelicans_Sacramento_Kings,2026_04_17,09:10 PM,New Orleans Pelicans,Sacramento Kings,-6.0,6.0,233.0,-240,200,-110,-110,-110,-110,1.416667,3.0,1.909091,1.909091,1.909091,1.909091,0.767,0.233,120.3,112.5,232.8,1,2025_NBA,3.0,1.4166666666666667,0.3333333333333333,0.7058823529411764,0.3207547169811321,0.679245283018868,0.767,0.233,4.291845493562231,1.303780964797914,4.377682403433476,1.3298565840938723,+337,-303,0.08658358899999996,0.08775471698113202,0.20780044735964207,8.658358899999996,8.775471698113202,-0.30099999999999993,-0.0877547169811321,0.0,-30.099999999999994,-8.77547169811321,home,-240.0,-240.0,0.08658358899999996,0.20780044735964207,0.767,8.775471698113202,0.05,moneyline,nba,,,,,,,,,,,,,,,,,,,,,,,,,,,,,,,,,,,,,,,,,,
Basketball,NBA,2026_02_09,NBA_2026_02_09_Portland_Trail_Blazers_Philadelphia_76ers,2026_04_17,11:10 PM,Portland Trail Blazers,Philadelphia 76ers,2.0,-2.0,230.5,110,-130,-110,-110,-110,-110,2.1,1.769231,1.909091,1.909091,1.909091,1.909091,0.407,0.593,112.8,116.4,229.2,1,2025_NBA,1.7692307692307692,2.1,0.5652173913043479,0.47619047619047616,0.5427435387673957,0.4572564612326044,0.407,0.593,1.6863406408094437,2.4570024570024573,1.7200674536256326,2.5061425061425067,-138,+150,-0.14529999999999998,-0.05025646123260441,0.0,-14.529999999999998,-5.025646123260441,0.049153982999999846,0.0502564612326043,0.06390015872995232,4.915398299999985,5.0256461232604295,away,-130.0,-130.0,0.049153982999999846,0.06390015872995232,0.593,5.0256461232604295,0.01597503968248808,moneyline,nba,,,,,,,,,,,,,,,,,,,,,,,,,,,,,,,,,,,,,,,,,,
Basketball,NBA,2026_02_10,NBA_2026_02_10_Los_Angeles_Lakers_San_Antonio_Spurs,2026_04_17,11:40 PM,Los Angeles Lakers,San Antonio Spurs,8.0,-8.0,228.0,245,-300,-105,-115,-110,-110,3.45,1.333333,1.952381,1.869565,1.909091,1.909091,0.196,0.804,110.4,120.0,230.4,1,2025_NBA,1.3333333333333333,3.45,0.75,0.2898550724637681,0.7212543554006969,0.2787456445993032,0.196,0.804,1.243781094527363,5.1020408163265305,1.2686567164179103,5.204081632653061,-372,+420,-0.3238,-0.08274564459930317,0.0,-32.379999999999995,-8.274564459930318,0.0719997320000001,0.08274564459930311,0.2159994119994124,7.199973200000009,8.27456445993031,away,-300.0,-300.0,0.0719997320000001,0.2159994119994124,0.804,8.27456445993031,0.05,moneyline,nba,,,,,,,,,,,,,,,,,,,,,,,,,,,,,,,,,,,,,,,,,,
Basketball,NBA,2026_02_11,NBA_2026_02_11_Brooklyn_Nets_Indiana_Pacers,2026_04_17,08:40 PM,Brooklyn Nets,Indiana Pacers,-3.0,3.0,214.5,-185,161,-110,-110,-110,-110,1.540541,2.61,1.909091,1.909091,1.909091,1.909091,0.718,0.282,111.1,104.7,215.8,1,2025_NBA,2.6100000000000003,1.5405405405405406,0.38314176245210724,0.6491228070175439,0.3711662434069154,0.6288337565930846,0.718,0.282,3.546099290780142,1.392757660167131,3.617021276595745,1.4206128133704736,+261,-237,0.10610843799999992,0.08916624340691537,0.19630044344462294,10.61084379999999,8.916624340691538,-0.2639800000000001,-0.08916624340691542,0.0,-26.39800000000001,-8.916624340691543,home,-185.0,-185.0,0.10610843799999992,0.19630044344462294,0.718,8.916624340691538,0.049075110861155735,moneyline,nba,,,,,,,,,,,,,,,,,,,,,,,,,,,,,,,,,,,,,,,,,,
Basketball,NBA,2026_02_21,NBA_2026_02_21_New_Orleans_Pelicans_Philadelphia_76ers,2026_04_17,08:10 PM,New Orleans Pelicans,Philadelphia 76ers,3.5,-3.5,229.0,130,-150,-110,-110,-110,-110,2.3,1.666667,1.909091,1.909091,1.909091,1.909091,0.344,0.656,110.5,116.0,226.5,1,2025_NBA,1.6666666666666665,2.3,0.6000000000000001,0.4347826086956522,0.5798319327731092,0.4201680672268907,0.344,0.656,1.524390243902439,2.906976744186047,1.5548780487804879,2.965116279069768,-180,+196,-0.2088000000000001,-0.07616806722689073,0.0,-20.88000000000001,-7.616806722689073,0.09333355200000004,0.07616806722689085,0.140000257999871,9.333355200000003,7.616806722689084,away,-150.0,-150.0,0.09333355200000004,0.140000257999871,0.656,7.616806722689084,0.03500006449996775,moneyline,nba,,,,,,,,,,,,,,,,,,,,,,,,,,,,,,,,,,,,,,,,,,
Basketball,NBA,2026_02_22,NBA_2026_02_22_Golden_State_Warriors_Denver_Nuggets,2026_04_17,04:40 PM,Golden State Warriors,Denver Nuggets,4.0,-4.0,230.5,165,-190,-110,-110,-110,-110,2.65,1.526316,1.909091,1.909091,1.909091,1.909091,0.299,0.701,110.9,117.2,228.1,1,2025_NBA,1.526315789473684,2.65,0.6551724137931035,0.37735849056603776,0.6345305608065532,0.36546943919344677,0.299,0.701,1.4265335235378032,3.3444816053511706,1.4550641940085594,3.411371237458194,-219,+241,-0.2076500000000001,-0.06646943919344678,0.0,-20.76500000000001,-6.646943919344678,0.06994751600000004,0.06646943919344672,0.13290022723990896,6.994751600000004,6.646943919344672,away,-190.0,-190.0,0.06994751600000004,0.13290022723990896,0.701,6.646943919344672,0.03322505680997724,moneyline,nba,,,,,,,,,,,,,,,,,,,,,,,,,,,,,,,,,,,,,,,,,,
Basketball,NBA,2026_02_23,NBA_2026_02_23_Memphis_Grizzlies_Sacramento_Kings,2026_04_17,09:10 PM,Memphis Grizzlies,Sacramento Kings,-4.0,4.0,233.0,-215,183,-110,-110,-110,-110,1.465116,2.83,1.909091,1.909091,1.909091,1.909091,0.705,0.295,119.5,114.0,233.5,1,2025_NBA,2.83,1.4651162790697674,0.35335689045936397,0.6825396825396826,0.34111213384590394,0.658887866154096,0.705,0.295,3.3898305084745766,1.4184397163120568,3.4576271186440684,1.446808510638298,+245,-223,0.032906780000000024,0.04611213384590396,0.0707496194497717,3.2906780000000024,4.611213384590396,-0.16515000000000002,-0.04611213384590396,0.0,-16.515,-4.611213384590396,home,-215.0,-215.0,0.032906780000000024,0.0707496194497717,0.705,4.611213384590396,0.017687404862442926,moneyline,nba,,,,,,,,,,,,,,,,,,,,,,,,,,,,,,,,,,,,,,,,,,
Basketball,NBA,2026_02_24,NBA_2026_02_24_Toronto_Raptors_Oklahoma_City_Thunder,2026_04_17,7:40 PM,Toronto Raptors,Oklahoma City Thunder,-2.5,2.5,215.5,-142,120,-108,-112,-112,-108,1.704225,2.2,1.925926,1.892857,1.892857,1.925926,0.469,0.531,107.7,109.5,217.2,1,2025_NBA,2.2,1.704225352112676,0.45454545454545453,0.5867768595041323,0.43650793650793646,0.5634920634920635,0.469,0.531,1.8832391713747645,2.1321961620469083,1.9209039548022597,2.1748400852878467,-108,+117,-0.20071847499999995,-0.09449206349206352,0.0,-20.071847499999997,-9.449206349206351,0.16820000000000013,0.09449206349206357,0.14016666666666674,16.820000000000014,9.449206349206356,away,120.0,120.0,0.16820000000000013,0.14016666666666674,0.531,9.449206349206356,0.035041666666666686,moneyline,nba,,,,,,,,,,,,,,,,,,,,,,,,,,,,,,,,,,,,,,,,,,
Basketball,NBA,2026_02_25,NBA_2026_02_25_Detroit_Pistons_Oklahoma_City_Thunder,2026_04_17,08:40 PM,Detroit Pistons,Oklahoma City Thunder,-5.5,5.5,218.0,-300,245,-110,-110,-110,-110,1.333333,3.45,1.909091,1.909091,1.909091,1.909091,0.776,0.224,115.0,107.0,222.0,1,2025_NBA,3.45,1.3333333333333333,0.2898550724637681,0.75,0.2787456445993032,0.7212543554006969,0.776,0.224,4.464285714285714,1.2886597938144329,4.553571428571429,1.3144329896907216,+355,-318,0.03466640800000009,0.05474564459930309,0.10399932799932825,3.4666408000000093,5.474564459930309,-0.22719999999999996,-0.05474564459930317,0.0,-22.719999999999995,-5.474564459930317,home,-300.0,-300.0,0.03466640800000009,0.10399932799932825,0.776,5.474564459930309,0.025999831999832062,moneyline,nba,,,,,,,,,,,,,,,,,,,,,,,,,,,,,,,,,,,,,,,,,,
Basketball,NBA,2026_02_26,NBA_2026_02_26_Dallas_Mavericks_Sacramento_Kings,2026_04_17,09:40 PM,Dallas Mavericks,Sacramento Kings,-8.5,8.5,233.5,-260,215,-110,-110,-110,-110,1.384615,3.15,1.909091,1.909091,1.909091,1.909091,0.75,0.25,119.1,111.7,230.8,1,2025_NBA,3.15,1.3846153846153846,0.31746031746031744,0.7222222222222222,0.3053435114503817,0.6946564885496184,0.75,0.25,4.0,1.3333333333333333,4.08,1.3599999999999999,+308,-277,0.03846124999999989,0.05534351145038163,0.09999934999934988,3.846124999999989,5.534351145038164,-0.21250000000000002,-0.05534351145038169,0.0,-21.250000000000004,-5.534351145038169,home,-260.0,-260.0,0.03846124999999989,0.09999934999934988,0.75,5.534351145038164,0.02499983749983747,moneyline,nba,,,,,,,,,,,,,,,,,,,,,,,,,,,,,,,,,,,,,,,,,,
Basketball,NBA,2026_03_01,NBA_2026_03_01_Atlanta_Hawks_Portland_Trail_Blazers,2026_04_17,6:10 PM,Atlanta Hawks,Portland Trail Blazers,-5.5,5.5,236.5,-198,164,-108,-112,-115,-105,1.505051,2.64,1.925926,1.892857,1.869565,1.952381,0.691,0.309,120.9,115.4,236.3,1,2025_NBA,2.6399999999999997,1.5050505050505052,0.37878787878787884,0.6644295302013422,0.36309581830587784,0.6369041816941222,0.691,0.309,3.236245954692557,1.4471780028943562,3.300970873786408,1.4761215629522433,+230,-210,0.039990240999999926,0.05409581830587773,0.07918059958301217,3.9990240999999926,5.409581830587773,-0.18423999999999996,-0.05409581830587784,0.0,-18.423999999999996,-5.4095818305877845,home,-198.0,-198.0,0.039990240999999926,0.07918059958301217,0.691,5.409581830587773,0.019795149895753043,moneyline,nba,,,,,,,,,,,,,,,,,,,,,,,,,,,,,,,,,,,,,,,,,,
Basketball,NBA,2026_03_01,NBA_2026_03_01_Indiana_Pacers_Memphis_Grizzlies,2026_04_17,5:10 PM,Indiana Pacers,Memphis Grizzlies,-1.5,1.5,237.5,-118,-102,100,-120,-115,-105,1.847458,1.980392,2.0,1.833333,1.869565,1.952381,0.465,0.535,117.7,119.6,237.3,1,2025_NBA,1.9803921568627452,1.847457627118644,0.504950495049505,0.5412844036697247,0.4826358742837298,0.5173641257162701,0.465,0.535,1.8691588785046729,2.150537634408602,1.9065420560747663,2.193548387096774,-110,+119,-0.14093202999999999,-0.05236412571627008,0.0,-14.093202999999999,-5.2364125716270085,0.0595097200000001,0.05236412571627025,0.06069992411198785,5.95097200000001,5.2364125716270244,away,-102.0,-102.0,0.0595097200000001,0.06069992411198785,0.535,5.2364125716270244,0.015174981027996963,moneyline,nba,,,,,,,,,,,,,,,,,,,,,,,,,,,,,,,,,,,,,,,,,,
Basketball,NBA,2026_03_01,NBA_2026_03_01_New_York_Knicks_San_Antonio_Spurs,2026_04_17,1:10 PM,New York Knicks,San Antonio Spurs,1.5,-1.5,228.5,-108,-112,-120,100,-105,-115,1.925926,1.892857,1.833333,2.0,1.952381,1.869565,0.46,0.54,113.0,115.0,228.0,1,2025_NBA,1.8928571428571428,1.925925925925926,0.5283018867924528,0.5192307692307692,0.5043297540699689,0.4956702459300312,0.46,0.54,1.8518518518518516,2.1739130434782608,1.8888888888888886,2.217391304347826,-112,+121,-0.11407403999999999,-0.03567024593003115,0.0,-11.407404,-3.567024593003115,0.02214278000000003,0.0356702459300311,0.024799917567986905,2.214278000000003,3.5670245930031097,away,-112.0,-112.0,0.02214278000000003,0.024799917567986905,0.54,3.5670245930031097,0.006199979391996726,moneyline,nba,,,,,,,,,,,,,,,,,,,,,,,,,,,,,,,,,,,,,,,,,,
Basketball,NBA,2026_03_02,NBA_2026_03_02_Golden_State_Warriors_Los_Angeles_Clippers,2026_04_17,11:10 PM,Golden State Warriors,Los Angeles Clippers,-1.0,1.0,221.0,105,-125,-110,-110,-110,-110,2.05,1.8,1.909091,1.909091,1.909091,1.909091,0.506,0.494,108.1,108.1,216.2,1,2025_NBA,1.8,2.05,0.5555555555555556,0.48780487804878053,0.5324675324675325,0.4675324675324676,0.506,0.494,2.0242914979757085,1.976284584980237,2.064777327935223,2.015810276679842,+106,+101,0.03729999999999989,0.03846753246753243,0.03552380952380942,3.729999999999989,3.846753246753243,-0.11080000000000001,-0.03846753246753254,0.0,-11.080000000000002,-3.846753246753254,home,105.0,105.0,0.03729999999999989,0.03552380952380942,0.506,3.846753246753243,0.008880952380952356,moneyline,nba,,,,,,,,,,,,,,,,,,,,,,,,,,,,,,,,,,,,,,,,,,
Basketball,NBA,2026_03_05,NBA_2026_03_05_Sacramento_Kings_New_Orleans_Pelicans,2026_04_17,10:10 PM,Sacramento Kings,New Orleans Pelicans,4.5,-4.5,233.5,154,-185,-112,-108,-112,-108,2.54,1.540541,1.892857,1.925926,1.892857,1.925926,0.328,0.672,113.4,119.3,232.7,1,2025_NBA,1.5405405405405406,2.54,0.6491228070175439,0.39370078740157477,0.6224665518611737,0.37753344813882633,0.328,0.672,1.488095238095238,3.048780487804878,1.5178571428571428,3.1097560975609757,-193,+210,-0.16687999999999992,-0.04953344813882632,0.0,-16.68799999999999,-4.953344813882632,0.03524355200000007,0.04953344813882632,0.06520051577956161,3.5243552000000067,4.953344813882632,away,-185.0,-185.0,0.03524355200000007,0.06520051577956161,0.672,4.953344813882632,0.016300128944890403,moneyline,nba,,,,,,,,,,,,,,,,,,,,,,,,,,,,,,,,,,,,,,,,,,
Basketball,NBA,2026_03_05,NBA_2026_03_05_San_Antonio_Spurs_Detroit_Pistons,2026_04_17,8:10 PM,San Antonio Spurs,Detroit Pistons,-3.5,3.5,227.5,-155,130,-108,-112,-112,-108,1.645161,2.3,1.925926,1.892857,1.892857,1.925926,0.624,0.376,114.7,111.1,225.8,1,2025_NBA,2.3,1.6451612903225805,0.4347826086956522,0.607843137254902,0.41700735895339325,0.5829926410466066,0.624,0.376,2.6595744680851063,1.6025641025641026,2.7127659574468086,1.6346153846153848,+171,-157,0.026580464000000026,0.04100735895339336,0.0411997377398821,2.6580464000000026,4.100735895339335,-0.1352000000000001,-0.04100735895339325,0.0,-13.52000000000001,-4.100735895339325,home,-155.0,-155.0,0.026580464000000026,0.0411997377398821,0.624,4.100735895339335,0.010299934434970525,moneyline,nba,,,,,,,,,,,,,,,,,,,,,,,,,,,,,,,,,,,,,,,,,,
Basketball,NBA,2026_03_06,NBA_2026_03_06_Denver_Nuggets_New_York_Knicks,2026_04_17,10:10 PM,Denver Nuggets,New York Knicks,-1.0,1.0,231.0,103,-123,-108,-110,-110,-110,2.03,1.813008,1.925926,1.909091,1.909091,1.909091,0.522,0.478,115.2,114.5,229.7,1,2025_NBA,1.8130081300813008,2.0300000000000002,0.5515695067264574,0.4926108374384236,0.5282320336795787,0.47176796632042145,0.522,0.478,2.092050209205021,1.9157088122605364,2.1338912133891212,1.9540229885057472,+113,-104,0.059660000000000046,0.05023203367957857,0.057922330097087325,5.966000000000005,5.023203367957857,-0.13338217600000002,-0.050232033679578736,0.0,-13.338217600000002,-5.023203367957874,home,103.0,103.0,0.059660000000000046,0.057922330097087325,0.522,5.023203367957857,0.014480582524271831,moneyline,nba,,,,,,,,,,,,,,,,,,,,,,,,,,,,,,,,,,,,,,,,,,
Basketball,NBA,2026_03_08,NBA_2026_03_08_Los_Angeles_Lakers_New_York_Knicks,2026_04_17,3:40 PM,Los Angeles Lakers,New York Knicks,2.5,-2.5,228.5,130,-155,-102,-118,-110,-110,2.3,1.645161,1.980392,1.847458,1.909091,1.909091,0.366,0.634,110.4,115.1,225.5,1,2025_NBA,1.6451612903225805,2.3,0.607843137254902,0.4347826086956522,0.5829926410466066,0.41700735895339325,0.366,0.634,1.5772870662460567,2.73224043715847,1.608832807570978,2.7868852459016393,-164,+178,-0.15820000000000012,-0.051007358953393256,0.0,-15.820000000000011,-5.100735895339326,0.04303207400000009,0.05100735895339337,0.06669974471488524,4.303207400000009,5.100735895339337,away,-155.0,-155.0,0.04303207400000009,0.06669974471488524,0.634,5.100735895339337,0.01667493617872131,moneyline,nba,,,,,,,,,,,,,,,,,,,,,,,,,,,,,,,,,,,,,,,,,,
Basketball,NBA,2026_03_08,NBA_2026_03_08_Miami_Heat_Detroit_Pistons,2026_04_17,6:10 PM,Miami Heat,Detroit Pistons,1.5,-1.5,229.5,-105,-115,-115,-105,-115,-105,1.952381,1.869565,1.869565,1.952381,1.869565,1.952381,0.444,0.556,114.5,117.1,231.6,1,2025_NBA,1.8695652173913042,1.9523809523809523,0.5348837209302326,0.5121951219512195,0.5108342361863489,0.4891657638136511,0.444,0.556,1.7985611510791366,2.2522522522522523,1.8345323741007193,2.2972972972972974,-119,+129,-0.133142836,-0.045165763813651116,0.0,-13.3142836,-4.516576381365112,0.03947813999999994,0.045165763813651116,0.04539987234996815,3.947813999999994,4.516576381365112,away,-115.0,-115.0,0.03947813999999994,0.04539987234996815,0.556,4.516576381365112,0.011349968087492038,moneyline,nba,,,,,,,,,,,,,,,,,,,,,,,,,,,,,,,,,,,,,,,,,,
Basketball,NBA,2026_03_08,NBA_2026_03_08_Milwaukee_Bucks_Orlando_Magic,2026_04_17,8:10 PM,Milwaukee Bucks,Orlando Magic,3.5,-3.5,218.5,136,-162,-105,-115,-115,-105,2.36,1.617284,1.952381,1.869565,1.869565,1.952381,0.305,0.695,106.1,112.3,218.4,1,2025_NBA,1.617283950617284,2.3600000000000003,0.6183206106870228,0.42372881355932196,0.593369754159424,0.4066302458405761,0.305,0.695,1.4388489208633095,3.278688524590164,1.4676258992805757,3.3442622950819674,-213,+234,-0.2802,-0.10163024584057612,0.0,-28.02,-10.163024584057611,0.12401237999999992,0.101630245840576,0.20090003952799665,12.401237999999992,10.1630245840576,away,-162.0,-162.0,0.12401237999999992,0.20090003952799665,0.695,10.1630245840576,0.05,moneyline,nba,,,,,,,,,,,,,,,,,,,,,,,,,,,,,,,,,,,,,,,,,,
Basketball,NBA,2026_03_08,NBA_2026_03_08_Sacramento_Kings_Chicago_Bulls,2026_04_17,9:10 PM,Sacramento Kings,Chicago Bulls,2.5,-2.5,233.5,114,-135,-112,-108,-115,-105,2.14,1.740741,1.892857,1.925926,1.869565,1.952381,0.318,0.682,112.4,118.3,230.7,1,2025_NBA,1.7407407407407407,2.1399999999999997,0.574468085106383,0.4672897196261683,0.551441114716549,0.44855888528345106,0.318,0.682,1.4662756598240467,3.144654088050314,1.4956011730205276,3.2075471698113205,-201,+220,-0.31948,-0.13055888528345105,0.0,-31.948,-13.055888528345106,0.18718536200000013,0.13055888528345105,0.2527001502549476,18.718536200000013,13.055888528345106,away,-135.0,-135.0,0.18718536200000013,0.2527001502549476,0.682,13.055888528345106,0.05,moneyline,nba,,,,,,,,,,,,,,,,,,,,,,,,,,,,,,,,,,,,,,,,,,
Basketball,NBA,2026_03_09,NBA_2026_03_09_Utah_Jazz_Golden_State_Warriors,2026_04_17,9:00 PM,Utah Jazz,Golden State Warriors,5.5,-5.5,226.5,180,-218,-110,-110,-115,-105,2.8,1.458716,1.909091,1.909091,1.869565,1.952381,0.271,0.729,109.7,117.2,226.9,1,2025_NBA,1.4587155963302751,2.8,0.6855345911949686,0.35714285714285715,0.6574752261956053,0.3425247738043946,0.271,0.729,1.3717421124828533,3.6900369003690034,1.3991769547325104,3.7638376383763834,-250,+276,-0.24119999999999997,-0.07152477380439459,0.0,-24.119999999999997,-7.152477380439459,0.06340396399999992,0.0715247738043947,0.13822051988594236,6.340396399999992,7.15247738043947,away,-218.0,-218.0,0.06340396399999992,0.13822051988594236,0.729,7.15247738043947,0.03455512997148559,moneyline,nba,,,,,,,,,,,,,,,,,,,,,,,,,,,,,,,,,,,,,,,,,,
Basketball,NBA,2026_03_10,NBA_2026_03_10_Houston_Rockets_Toronto_Raptors,2026_04_17,8:10 PM,Houston Rockets,Toronto Raptors,-4.5,4.5,220.5,-192,160,-108,-112,-105,-115,1.520833,2.6,1.925926,1.892857,1.952381,1.869565,0.678,0.322,111.4,106.2,217.6,1,2025_NBA,2.6,1.5208333333333335,0.3846153846153846,0.6575342465753424,0.3690596562184024,0.6309403437815976,0.678,0.322,3.1055900621118013,1.4749262536873156,3.1677018633540373,1.5044247787610618,+216,-198,0.031124774000000244,0.04705965621840247,0.05975960432614701,3.1124774000000244,4.705965621840247,-0.16279999999999994,-0.04705965621840241,0.0,-16.279999999999994,-4.7059656218402415,home,-192.0,-192.0,0.031124774000000244,0.05975960432614701,0.678,4.705965621840247,0.014939901081536753,moneyline,nba,,,,,,,,,,,,,,,,,,,,,,,,,,,,,,,,,,,,,,,,,,
Basketball,NBA,2026_03_10,NBA_2026_03_10_Philadelphia_76ers_Memphis_Grizzlies,2026_04_17,7:10 PM,Philadelphia 76ers,Memphis Grizzlies,-3.5,3.5,228.5,-162,136,-112,-108,-115,-105,1.617284,2.36,1.892857,1.925926,1.869565,1.952381,0.679,0.321,119.3,114.2,233.5,1,2025_NBA,2.3600000000000003,1.617283950617284,0.42372881355932196,0.6183206106870228,0.4066302458405761,0.593369754159424,0.679,0.321,3.115264797507788,1.4727540500736376,3.177570093457944,1.5022091310751104,+217,-199,0.09813583599999998,0.0856302458405761,0.15898004160159673,9.813583599999998,8.56302458405761,-0.24244,-0.0856302458405761,0.0,-24.244,-8.56302458405761,home,-162.0,-162.0,0.09813583599999998,0.15898004160159673,0.679,8.56302458405761,0.03974501040039918,moneyline,nba,,,,,,,,,,,,,,,,,,,,,,,,,,,,,,,,,,,,,,,,,,
Basketball,NBA,2026_03_14,NBA_2026_03_14_Atlanta_Hawks_Milwaukee_Bucks,2026_04_17,3:10 PM,Atlanta Hawks,Milwaukee Bucks,-9.5,9.5,229.5,-355,280,-108,-112,-115,-105,1.28169,3.8,1.925926,1.892857,1.869565,1.952381,0.796,0.204,118.1,109.6,227.7,1,2025_NBA,3.8,1.2816901408450705,0.2631578947368421,0.7802197802197802,0.2522172949002217,0.7477827050997783,0.796,0.204,4.901960784313726,1.2562814070351758,5.0,1.2814070351758793,+400,-355,0.020225240000000033,0.04821729490022175,0.07179963789981916,2.0225240000000033,4.821729490022175,-0.2248000000000001,-0.048217294900221724,0.0,-22.48000000000001,-4.8217294900221725,home,-355.0,-355.0,0.020225240000000033,0.07179963789981916,0.796,4.821729490022175,0.01794990947495479,moneyline,nba,,,,,,,,,,,,,,,,,,,,,,,,,,,,,,,,,,,,,,,,,,
Basketball,NBA,2026_03_15,NBA_2026_03_15_Sacramento_Kings_Utah_Jazz,2026_04_17,10:10 PM,Sacramento Kings,Utah Jazz,-2.5,2.5,233.5,-142,120,-105,-115,-110,-110,1.704225,2.2,1.952381,1.869565,1.909091,1.909091,0.419,0.581,115.2,118.7,233.9,1,2025_NBA,2.2,1.704225352112676,0.45454545454545453,0.5867768595041323,0.43650793650793646,0.5634920634920635,0.419,0.581,1.721170395869191,2.3866348448687353,1.7555938037865748,2.43436754176611,-132,+143,-0.285929725,-0.1444920634920635,0.0,-28.592972500000002,-14.449206349206351,0.2782,0.1444920634920635,0.2318333333333333,27.82,14.449206349206351,away,120.0,120.0,0.2782,0.2318333333333333,0.581,14.449206349206351,0.05,moneyline,nba,,,,,,,,,,,,,,,,,,,,,,,,,,,,,,,,,,,,,,,,,,
Basketball,NBA,2026_03_17,NBA_2026_03_17_Milwaukee_Bucks_Cleveland_Cavaliers,2026_04_17,08:10 PM,Milwaukee Bucks,Cleveland Cavaliers,9.0,-9.0,229.0,354,-455,-105,-115,-110,-110,4.54,1.21978,1.952381,1.869565,1.909091,1.909091,0.152,0.848,108.0,119.2,227.2,1,2025_NBA,1.2197802197802199,4.54,0.8198198198198198,0.22026431718061673,0.7882245201663677,0.21177547983363224,0.152,0.848,1.179245283018868,6.578947368421053,1.2028301886792454,6.710526315789474,-493,+571,-0.30992,-0.05977547983363224,0.0,-30.991999999999997,-5.977547983363224,0.03437343999999998,0.059775479833632295,0.1563993083993085,3.4373439999999977,5.9775479833632295,away,-455.0,-455.0,0.03437343999999998,0.1563993083993085,0.848,5.9775479833632295,0.03909982709982712,moneyline,nba,,,,,,,,,,,,,,,,,,,,,,,,,,,,,,,,,,,,,,,,,,
Basketball,NBA,2026_03_17,NBA_2026_03_17_Minnesota_Timberwolves_Phoenix_Suns,2026_04_17,08:10 PM,Minnesota Timberwolves,Phoenix Suns,-8.0,8.0,227.0,-182,159,-110,-110,-110,-110,1.549451,2.59,1.909091,1.909091,1.909091,1.909091,0.669,0.331,113.0,107.9,220.9,1,2025_NBA,2.59,1.5494505494505495,0.3861003861003861,0.6453900709219857,0.37431309564894216,0.6256869043510579,0.669,0.331,3.021148036253776,1.4947683109118086,3.0815709969788516,1.5246636771300448,+208,-190,0.0365827190000001,0.043313095648942146,0.06658049398399492,3.6582719000000097,4.331309564894214,-0.14271,-0.043313095648942146,0.0,-14.271,-4.331309564894214,home,-182.0,-182.0,0.0365827190000001,0.06658049398399492,0.669,4.331309564894214,0.01664512349599873,moneyline,nba,,,,,,,,,,,,,,,,,,,,,,,,,,,,,,,,,,,,,,,,,,
Basketball,NBA,2026_03_18,NBA_2026_03_18_Indiana_Pacers_Portland_Trail_Blazers,2026_04_17,07:40 PM,Indiana Pacers,Portland Trail Blazers,10.0,-10.0,231.0,383,-500,-110,-110,-110,-110,4.83,1.2,1.909091,1.909091,1.909091,1.909091,0.137,0.863,109.4,120.9,230.3,1,2025_NBA,1.2,4.83,0.8333333333333334,0.20703933747412007,0.8009950248756219,0.1990049751243781,0.137,0.863,1.1587485515643106,7.2992700729927,1.1819235225955969,7.445255474452554,-549,+644,-0.33829,-0.06200497512437808,0.0,-33.829,-6.200497512437808,0.035599999999999854,0.06200497512437808,0.17799999999999971,3.5599999999999854,6.200497512437808,away,-500.0,-500.0,0.035599999999999854,0.17799999999999971,0.863,6.200497512437808,0.04449999999999993,moneyline,nba,,,,,,,,,,,,,,,,,,,,,,,,,,,,,,,,,,,,,,,,,,
Basketball,NBA,2026_03_18,NBA_2026_03_18_New_Orleans_Pelicans_Los_Angeles_Clippers,2026_04_17,08:10 PM,New Orleans Pelicans,Los Angeles Clippers,-2.0,2.0,230.5,-125,105,-110,-110,-110,-110,1.8,2.05,1.909091,1.909091,1.909091,1.909091,0.498,0.502,115.5,116.0,231.5,1,2025_NBA,2.05,1.8,0.48780487804878053,0.5555555555555556,0.4675324675324676,0.5324675324675325,0.498,0.502,1.9920318725099602,2.0080321285140563,2.0318725099601593,2.0481927710843375,+103,+104,-0.10360000000000003,-0.034467532467532536,0.0,-10.360000000000003,-3.4467532467532536,0.029099999999999904,0.034467532467532425,0.02771428571428563,2.9099999999999904,3.4467532467532425,away,105.0,105.0,0.029099999999999904,0.02771428571428563,0.502,3.4467532467532425,0.006928571428571407,moneyline,nba,,,,,,,,,,,,,,,,,,,,,,,,,,,,,,,,,,,,,,,,,,
Basketball,NBA,2026_03_19,NBA_2026_03_19_New_Orleans_Pelicans_Los_Angeles_Clippers,2026_04_17,8:10 PM,New Orleans Pelicans,Los Angeles Clippers,-1.5,1.5,233.5,-120,100,-112,-108,-110,-110,1.833333,2.0,1.892857,1.925926,1.909091,1.909091,0.566,0.434,117.2,115.0,232.2,1,2025_NBA,2.0,1.8333333333333335,0.5,0.5454545454545454,0.4782608695652174,0.5217391304347826,0.566,0.434,2.3041474654377883,1.76678445229682,2.350230414746544,1.8021201413427563,+135,-124,0.037666478,0.04426086956521735,0.045199791679916605,3.7666478000000003,4.426086956521735,-0.132,-0.04426086956521741,0.0,-13.200000000000001,-4.426086956521741,home,-120.0,-120.0,0.037666478,0.045199791679916605,0.566,4.426086956521735,0.011299947919979151,moneyline,nba,,,,,,,,,,,,,,,,,,,,,,,,,,,,,,,,,,,,,,,,,,
Basketball,NBA,2026_03_19,NBA_2026_03_19_Sacramento_Kings_Philadelphia_76ers,2026_04_17,10:10 PM,Sacramento Kings,Philadelphia 76ers,3.5,-3.5,230.5,130,-155,-112,-108,-115,-105,2.3,1.645161,1.892857,1.925926,1.869565,1.952381,0.333,0.667,111.7,117.3,229.0,1,2025_NBA,1.6451612903225805,2.3,0.607843137254902,0.4347826086956522,0.5829926410466066,0.41700735895339325,0.333,0.667,1.4992503748125936,3.003003003003003,1.5292353823088456,3.063063063063063,-188,+206,-0.23409999999999997,-0.08400735895339323,0.0,-23.409999999999997,-8.400735895339324,0.09732238700000018,0.0840073589533934,0.15084976773239564,9.732238700000018,8.40073589533934,away,-155.0,-155.0,0.09732238700000018,0.15084976773239564,0.667,8.40073589533934,0.03771244193309891,moneyline,nba,,,,,,,,,,,,,,,,,,,,,,,,,,,,,,,,,,,,,,,,,,
Basketball,NBA,2026_03_23,NBA_2026_03_23_Chicago_Bulls_Houston_Rockets,2026_04_17,8:00 PM,Chicago Bulls,Houston Rockets,8.5,-8.5,229.5,280,-355,-115,-105,-112,-108,3.8,1.28169,1.869565,1.952381,1.892857,1.925926,0.197,0.803,109.1,118.6,227.7,1,2025_NBA,1.2816901408450705,3.8,0.7802197802197802,0.2631578947368421,0.7477827050997783,0.2522172949002217,0.197,0.803,1.2453300124533,5.0761421319796955,1.270236612702366,5.177664974619289,-370,+417,-0.25139999999999996,-0.0552172949002217,0.0,-25.139999999999997,-5.52172949002217,0.029197070000000158,0.05521729490022176,0.10364965032482533,2.919707000000016,5.521729490022176,away,-355.0,-355.0,0.029197070000000158,0.10364965032482533,0.803,5.521729490022176,0.025912412581206332,moneyline,nba,,,,,,,,,,,,,,,,,,,,,,,,,,,,,,,,,,,,,,,,,,
Basketball,NBA,2026_03_23,NBA_2026_03_23_Dallas_Mavericks_Golden_State_Warriors,2026_04_17,9:30 PM,Dallas Mavericks,Golden State Warriors,2.5,-2.5,230.5,105,-125,-120,100,-115,-105,2.05,1.8,1.833333,2.0,1.869565,1.952381,0.507,0.493,115.0,115.2,230.2,1,2025_NBA,1.8,2.05,0.5555555555555556,0.48780487804878053,0.5324675324675325,0.4675324675324676,0.507,0.493,2.028397565922921,1.9723865877712032,2.0689655172413794,2.0118343195266273,+106,+101,0.039349999999999996,0.03946753246753243,0.03747619047619037,3.9349999999999996,3.946753246753243,-0.11260000000000003,-0.03946753246753254,0.0,-11.260000000000003,-3.946753246753254,home,105.0,105.0,0.039349999999999996,0.03747619047619037,0.507,3.946753246753243,0.009369047619047593,moneyline,nba,,,,,,,,,,,,,,,,,,,,,,,,,,,,,,,,,,,,,,,,,,
Basketball,NBA,2026_03_23,NBA_2026_03_23_Detroit_Pistons_Los_Angeles_Lakers,2026_04_17,7:00 PM,Detroit Pistons,Los Angeles Lakers,2.5,-2.5,226.5,120,-142,-112,-108,-105,-115,2.2,1.704225,1.892857,1.925926,1.952381,1.869565,0.505,0.495,112.7,112.8,225.5,1,2025_NBA,1.704225352112676,2.2,0.5867768595041323,0.45454545454545453,0.5634920634920635,0.43650793650793646,0.505,0.495,2.0202020202020203,1.9801980198019802,2.060606060606061,2.01980198019802,+106,+101,0.11100000000000021,0.06849206349206355,0.09250000000000007,11.100000000000021,6.849206349206355,-0.15640862499999997,-0.06849206349206349,0.0,-15.640862499999997,-6.84920634920635,home,120.0,120.0,0.11100000000000021,0.09250000000000007,0.505,6.849206349206355,0.023125000000000017,moneyline,nba,,,,,,,,,,,,,,,,,,,,,,,,,,,,,,,,,,,,,,,,,,
Basketball,NBA,2026_03_25,277fee894c9dc5c623ed6a131bf513c7,2026-03-25T19:43:40Z,07:40 PM,Boston Celtics,Oklahoma City Thunder,2.5,-2.5,218.5,114,-135,-118,-102,-110,-110,2.14,1.74,1.85,1.98,1.91,1.91,0.398,0.602,106.9,110.7,217.6,1,2025_NBA,1.7407407407407407,2.1399999999999997,0.574468085106383,0.4672897196261683,0.551441114716549,0.44855888528345106,0.398,0.602,1.6611295681063123,2.5125628140703515,1.6943521594684385,2.5628140703517586,-144,+156,-0.14827999999999986,-0.05055888528345104,0.0,-14.827999999999985,-5.055888528345104,0.04747999999999997,0.05055888528345098,0.06416216216216211,4.747999999999997,5.055888528345099,away,-135.0,-135.0,0.04747999999999997,0.06416216216216211,0.602,5.055888528345099,0.016040540540540528,moneyline,nba,,,,,,,,,,,,,,,,,,,,,,,,,,,,,,,,,,,,,,,,,,
Basketball,NBA,2026_03_25,3d71d6b6b1bc85b5ec831ae9dba2c93c,2026-03-25T19:43:40Z,07:10 PM,Indiana Pacers,Los Angeles Lakers,9.5,-9.5,238.5,380,-500,-112,-108,-105,-115,4.8,1.2,1.89,1.93,1.95,1.87,0.15,0.85,112.5,123.7,236.2,1,2025_NBA,1.2,4.8,0.8333333333333334,0.20833333333333334,0.7999999999999999,0.19999999999999998,0.15,0.85,1.1764705882352942,6.666666666666667,1.2,6.800000000000001,-500,+580,-0.28,-0.04999999999999999,0.0,-28.000000000000004,-4.999999999999999,0.020000000000000018,0.050000000000000044,0.0999999999999997,2.0000000000000018,5.000000000000004,away,-500.0,-500.0,0.020000000000000018,0.0999999999999997,0.85,5.000000000000004,0.024999999999999925,moneyline,nba,,,,,,,,,,,,,,,,,,,,,,,,,,,,,,,,,,,,,,,,,,
Basketball,NBA,2026_03_27,5ce07242b2ab7c9c82700854c237a77a,2026-03-27T09:56:03Z,07:40 PM,Cleveland Cavaliers,Miami Heat,-4.5,4.5,242.5,-204,170,-115,-105,-108,-112,1.49,2.7,1.87,1.95,1.93,1.89,0.685,0.315,122.8,117.4,240.2,1,2025_NBA,2.7,1.4901960784313726,0.37037037037037035,0.6710526315789473,0.355638745905475,0.6443612540945252,0.685,0.315,3.1746031746031744,1.4598540145985401,3.238095238095238,1.489051094890511,+223,-204,0.020650000000000057,0.04063874590547489,0.04214285714285726,2.0650000000000057,4.063874590547489,-0.14949999999999997,-0.040638745905475004,0.0,-14.949999999999996,-4.063874590547501,home,-204.0,-204.0,0.020650000000000057,0.04214285714285726,0.685,4.063874590547489,0.010535714285714315,moneyline,nba,,,,,,,,,,,,,,,,,,,,,,,,,,,,,,,,,,,,,,,,,,
Basketball,NBA,2026_03_28,def835f85134dff31d0e29a14591d960,2026-03-28T09:38:03Z,06:10 PM,Charlotte Hornets,Philadelphia 76ers,-5.5,5.5,233.5,-217,180,-115,-105,-108,-112,1.46,2.8,1.87,1.95,1.93,1.89,0.7,0.3,118.1,112.6,230.7,1,2025_NBA,2.8,1.4608294930875576,0.35714285714285715,0.6845425867507886,0.3428509625784123,0.6571490374215877,0.7,0.3,3.3333333333333335,1.4285714285714286,3.4000000000000004,1.4571428571428573,+240,-218,0.02200000000000002,0.042850962578412255,0.047826086956521546,2.200000000000002,4.285096257841225,-0.16000000000000003,-0.04285096257841231,0.0,-16.000000000000004,-4.285096257841231,home,-217.0,-217.0,0.02200000000000002,0.047826086956521546,0.7,4.285096257841225,0.011956521739130387,moneyline,nba,,,,,,,,,,,,,,,,,,,,,,,,,,,,,,,,,,,,,,,,,,
Basketball,NBA,2026_03_29,ba9f78305e7187a27e22f030883c2c19,2026-03-29T09:38:16Z,06:10 PM,Brooklyn Nets,Sacramento Kings,1.5,-1.5,221.5,100,-120,-115,-105,-110,-110,2.0,1.83,1.87,1.95,1.91,1.91,0.534,0.466,112.1,111.1,223.2,1,2025_NBA,1.8333333333333335,2.0,0.5454545454545454,0.5,0.5217391304347826,0.4782608695652174,0.534,0.466,2.1459227467811157,1.8726591760299625,2.188841201716738,1.9101123595505618,+118,-109,0.06800000000000006,0.055739130434782624,0.06800000000000006,6.800000000000006,5.573913043478262,-0.1472199999999999,-0.05573913043478257,0.0,-14.72199999999999,-5.573913043478257,home,100.0,100.0,0.06800000000000006,0.06800000000000006,0.534,5.573913043478262,0.017000000000000015,moneyline,nba,,,,,,,,,,,,,,,,,,,,,,,,,,,,,,,,,,,,,,,,,,
Basketball,NBA,2026_03_30,2ba4ff0cef51aafdf9c5509533b14091,2026-03-30T10:17:25Z,07:10 PM,Miami Heat,Philadelphia 76ers,2.5,-2.5,246.5,114,-135,-115,-105,-108,-112,2.14,1.74,1.87,1.95,1.93,1.89,0.517,0.483,116.6,116.2,232.8,1,2025_NBA,1.7407407407407407,2.1399999999999997,0.574468085106383,0.4672897196261683,0.551441114716549,0.44855888528345106,0.517,0.483,2.070393374741201,1.9342359767891681,2.111801242236025,1.9729206963249515,+111,-102,0.10638000000000014,0.06844111471654896,0.09331578947368432,10.638000000000014,6.844111471654895,-0.15958000000000006,-0.06844111471654901,0.0,-15.958000000000006,-6.844111471654902,home,114.0,114.0,0.10638000000000014,0.09331578947368432,0.517,6.844111471654895,0.02332894736842108,moneyline,nba,,,,,,,,,,,,,,,,,,,,,,,,,,,,,,,,,,,,,,,,,,
Basketball,NBA,2026_03_31,b6b9e83d82f672bcffebdad2ba67d51d,2026-03-31T10:04:53Z,08:10 PM,Detroit Pistons,Toronto Raptors,-2.5,2.5,219.5,-143,120,-112,-108,-110,-110,1.7,2.2,1.89,1.93,1.91,1.91,0.677,0.323,113.3,108.2,221.5,1,2025_NBA,2.2,1.6993006993006992,0.45454545454545453,0.5884773662551441,0.4357962697274031,0.5642037302725968,0.677,0.323,3.095975232198142,1.4771048744460855,3.1578947368421053,1.5066469719350073,+215,-197,0.15090000000000003,0.1127962697274032,0.21557142857142864,15.090000000000003,11.27962697274032,-0.2893999999999999,-0.11279626972740309,0.0,-28.939999999999987,-11.279626972740308,home,-143.0,-143.0,0.15090000000000003,0.21557142857142864,0.677,11.27962697274032,0.05,moneyline,nba,,,,,,,,,,,,,,,,,,,,,,,,,,,,,,,,,,,,,,,,,,
Basketball,NBA,2026_04_02,b70520c84d1db67fb83d5d3666ef1d46,2026-04-02T09:57:54Z,07:10 PM,Detroit Pistons,Minnesota Timberwolves,-3.5,3.5,224.5,-161,136,-105,-115,-112,-108,1.62,2.36,1.95,1.87,1.89,1.93,0.635,0.365,115.9,111.9,227.8,1,2025_NBA,2.3600000000000003,1.62111801242236,0.42372881355932196,0.6168582375478928,0.4072016974538192,0.5927983025461808,0.635,0.365,2.73972602739726,1.574803149606299,2.7945205479452055,1.606299212598425,+179,-164,0.02870000000000017,0.04220169745381919,0.04629032258064525,2.870000000000017,4.220169745381918,-0.13860000000000006,-0.04220169745381919,0.0,-13.860000000000007,-4.220169745381918,home,-161.0,-161.0,0.02870000000000017,0.04629032258064525,0.635,4.220169745381918,0.011572580645161312,moneyline,nba,,,,,,,,,,,,,,,,,,,,,,,,,,,,,,,,,,,,,,,,,,
Basketball,NBA,2026_04_04,dc7b446ad8c325394b7d604d3e17ad7b,2026-04-04T10:22:04Z,07:10 PM,Philadelphia 76ers,Detroit Pistons,2.5,-2.5,228.5,120,-143,-108,-112,-105,-115,2.2,1.7,1.93,1.89,1.95,1.87,0.296,0.704,109.6,115.9,225.5,1,2025_NBA,1.6993006993006992,2.2,0.5884773662551441,0.45454545454545453,0.5642037302725968,0.4357962697274031,0.296,0.704,1.4204545454545456,3.3783783783783785,1.4488636363636365,3.445945945945946,-222,+244,-0.3488,-0.1397962697274031,0.0,-34.88,-13.979626972740311,0.19679999999999986,0.1397962697274031,0.28114285714285703,19.679999999999986,13.979626972740311,away,-143.0,-143.0,0.19679999999999986,0.28114285714285703,0.704,13.979626972740311,0.05,moneyline,nba,,,,,,,,,,,,,,,,,,,,,,,,,,,,,,,,,,,,,,,,,,
Basketball,NBA,2026_04_05,c6dfafffbada89cc908addd3a1f7748b,2026-04-05T10:21:52Z,07:40 PM,Dallas Mavericks,Los Angeles Lakers,1.5,-1.5,232.5,102,-122,-110,-110,-110,-110,2.02,1.82,1.91,1.91,1.91,1.91,0.388,0.612,115.1,119.3,234.4,1,2025_NBA,1.819672131147541,2.02,0.5495495495495495,0.49504950495049505,0.5260865852617197,0.47391341473828025,0.388,0.612,1.6339869281045751,2.5773195876288657,1.6666666666666667,2.6288659793814433,-149,+162,-0.21624,-0.08591341473828024,0.0,-21.624,-8.591341473828024,0.11383999999999994,0.08591341473828029,0.13882926829268297,11.383999999999993,8.59134147382803,away,-122.0,-122.0,0.11383999999999994,0.13882926829268297,0.612,8.59134147382803,0.03470731707317074,moneyline,nba,,,,,,,,,,,,,,,,,,,,,,,,,,,,,,,,,,,,,,,,,,
Basketball,NBA,2026_04_06,14dede373d304abbddc590d2bcc81e4e,2026-04-05T10:21:52Z,08:10 PM,San Antonio Spurs,Philadelphia 76ers,-8.5,8.5,234.5,-323,260,-110,-110,-110,-110,1.31,3.6,1.91,1.91,1.91,1.91,0.8,0.2,120.5,111.9,232.4,1,2025_NBA,3.6,1.3095975232198143,0.2777777777777778,0.7635933806146572,0.2667423382519864,0.7332576617480137,0.8,0.2,5.0,1.25,5.1,1.275,+409,-363,0.04800000000000004,0.06674233825198639,0.15483870967741964,4.800000000000004,6.674233825198639,-0.2799999999999999,-0.06674233825198639,0.0,-27.999999999999993,-6.674233825198639,home,-323.0,-323.0,0.04800000000000004,0.15483870967741964,0.8,6.674233825198639,0.03870967741935491,moneyline,nba,,,,,,,,,,,,,,,,,,,,,,,,,,,,,,,,,,,,,,,,,,
Basketball,NBA,2026_04_08,3fe42fd427985fed1fee7c2e58935a67,2026-04-08T10:07:53Z,07:10 PM,Cleveland Cavaliers,Atlanta Hawks,-1.5,1.5,235.5,-120,100,-105,-115,-115,-105,1.83,2.0,1.95,1.87,1.87,1.95,0.591,0.409,118.8,116.1,234.9,1,2025_NBA,2.0,1.8333333333333335,0.5,0.5454545454545454,0.4782608695652174,0.5217391304347826,0.591,0.409,2.444987775061125,1.6920473773265652,2.4938875305623474,1.7258883248730965,+149,-137,0.08152999999999988,0.06926086956521738,0.09822891566265059,8.152999999999988,6.926086956521738,-0.18200000000000005,-0.06926086956521743,0.0,-18.200000000000006,-6.926086956521743,home,-120.0,-120.0,0.08152999999999988,0.09822891566265059,0.591,6.926086956521738,0.024557228915662647,moneyline,nba,,,,,,,,,,,,,,,,,,,,,,,,,,,,,,,,,,,,,,,,,,
Basketball,NBA,2026_04_08,08c9fd2b6b80f1f763e2c2eb3e935208,2026-04-08T10:07:53Z,08:10 PM,San Antonio Spurs,Portland Trail Blazers,-3.5,3.5,233.5,-167,140,-110,-110,-108,-112,1.6,2.4,1.91,1.91,1.93,1.89,0.639,0.361,117.5,113.4,230.9,1,2025_NBA,2.4,1.5988023952095807,0.4166666666666667,0.6254681647940076,0.3998203054806828,0.6001796945193172,0.639,0.361,2.770083102493075,1.5649452269170578,2.8254847645429364,1.596244131455399,+182,-167,0.022399999999999975,0.038820305480682826,0.037333333333333475,2.2399999999999975,3.8820305480682826,-0.13360000000000005,-0.038820305480682826,0.0,-13.360000000000005,-3.8820305480682826,home,-167.0,-167.0,0.022399999999999975,0.037333333333333475,0.639,3.8820305480682826,0.009333333333333369,moneyline,nba,,,,,,,,,,,,,,,,,,,,,,,,,,,,,,,,,,,,,,,,,,
Basketball,NBA,2026_04_10,1126b937945abff19e12dc1ac60f2ecb,2026-04-10T09:37:06Z,07:10 PM,Charlotte Hornets,Detroit Pistons,-4.5,4.5,223.5,-169,142,-108,-112,-110,-110,1.59,2.42,1.93,1.89,1.91,1.91,0.489,0.511,110.7,111.6,222.3,1,2025_NBA,2.42,1.5917159763313609,0.4132231404958678,0.6282527881040892,0.39676686627924124,0.6032331337207587,0.489,0.511,1.9569471624266144,2.044989775051125,1.9960861056751467,2.085889570552147,-100,+108,-0.22248999999999997,-0.11423313372075872,0.0,-22.248999999999995,-11.42331337207587,0.23662000000000005,0.11423313372075877,0.16663380281690138,23.662000000000006,11.423313372075878,away,142.0,142.0,0.23662000000000005,0.16663380281690138,0.511,11.423313372075878,0.041658450704225344,moneyline,nba,,,,,,,,,,,,,,,,,,,,,,,,,,,,,,,,,,,,,,,,,,
Basketball,NBA,2026_04_10,88bf78be502ce70dd7e5e669cd9f95df,2026-04-10T09:37:06Z,09:40 PM,Utah Jazz,Memphis Grizzlies,-3.5,3.5,248.5,-169,142,-118,-102,-108,-112,1.59,2.42,1.85,1.98,1.93,1.89,0.667,0.333,123.0,118.2,241.2,1,2025_NBA,2.42,1.5917159763313609,0.4132231404958678,0.6282527881040892,0.39676686627924124,0.6032331337207587,0.667,0.333,3.003003003003003,1.4992503748125936,3.063063063063063,1.5292353823088456,+206,-188,0.060530000000000195,0.06376686627924133,0.10259322033898327,6.0530000000000195,6.376686627924133,-0.19413999999999998,-0.06376686627924122,0.0,-19.413999999999998,-6.376686627924122,home,-169.0,-169.0,0.060530000000000195,0.10259322033898327,0.667,6.376686627924133,0.025648305084745818,moneyline,nba,,,,,,,,,,,,,,,,,,,,,,,,,,,,,,,,,,,,,,,,,,
Basketball,NBA,2026_04_12,ad75b36adad0af42dea87b9bcdfa91f8,2026-04-12T09:53:29Z,06:10 PM,Cleveland Cavaliers,Washington Wizards,-10.5,10.5,236.5,-526,390,-105,-115,-105,-115,1.19,4.9,1.95,1.87,1.95,1.87,0.889,0.111,123.5,111.7,235.2,1,2025_NBA,4.9,1.1901140684410647,0.2040816326530612,0.840255591054313,0.19541736904538926,0.8045826309546107,0.889,0.111,9.00900900900901,1.124859392575928,9.18918918918919,1.1473565804274466,+818,-678,0.057909999999999906,0.08441736904538932,0.3047894736842104,5.790999999999991,8.441736904538931,-0.45609999999999995,-0.08441736904538925,0.0,-45.60999999999999,-8.441736904538926,home,-526.0,-526.0,0.057909999999999906,0.3047894736842104,0.889,8.441736904538931,0.05,moneyline,nba,,,,,,,,,,,,,,,,,,,,,,,,,,,,,,,,,,,,,,,,,,
Basketball,NBA,2026_04_12,22dcb3e32847c7eab5774e8927016216,2026-04-12T09:53:29Z,06:10 PM,Miami Heat,Atlanta Hawks,-4.5,4.5,242.5,-175,145,-105,-115,-112,-108,1.57,2.45,1.95,1.87,1.89,1.93,0.477,0.523,120.8,122.3,243.1,1,2025_NBA,2.45,1.5714285714285714,0.4081632653061224,0.6363636363636364,0.3907637655417407,0.6092362344582594,0.477,0.523,1.9120458891013383,2.0964360587002098,1.9502868068833652,2.138364779874214,-105,+113,-0.25111000000000006,-0.13223623445825938,0.0,-25.111000000000004,-13.223623445825938,0.2813500000000002,0.13223623445825933,0.19403448275862073,28.13500000000002,13.223623445825933,away,145.0,145.0,0.2813500000000002,0.19403448275862073,0.523,13.223623445825933,0.04850862068965518,moneyline,nba,,,,,,,,,,,,,,,,,,,,,,,,,,,,,,,,,,,,,,,,,,
Basketball,NBA,2026_04_15,f7264c00c662a127d58f4ab12fc498bc,2026-04-15T10:06:15Z,07:40 PM,Philadelphia 76ers,Orlando Magic,-2.5,2.5,222.5,-130,110,-105,-115,-110,-110,1.77,2.1,1.95,1.87,1.91,1.91,0.471,0.529,109.7,111.5,221.2,1,2025_NBA,2.1,1.7692307692307692,0.47619047619047616,0.5652173913043479,0.4572564612326044,0.5427435387673957,0.471,0.529,1.8903591682419658,2.1231422505307855,1.9281663516068053,2.1656050955414012,-107,+116,-0.1663300000000001,-0.0717435387673957,0.0,-16.63300000000001,-7.17435387673957,0.1109,0.07174353876739564,0.1008181818181819,11.09,7.1743538767395645,away,110.0,110.0,0.1109,0.1008181818181819,0.529,7.1743538767395645,0.025204545454545476,moneyline,nba,,,,,,,,,,,,,,,,,,,,,,,,,,,,,,,,,,,,,,,,,,
Basketball,NBA,2026_04_24,af4847d63733e67ddd02f2bafac8ea6f,2026-04-24T10:29:41Z,10:40 PM,Portland Trail Blazers,San Antonio Spurs,2.5,-2.5,220.5,120,-143,-110,-110,-108,-112,2.2,1.7,1.91,1.91,1.93,1.89,0.392,0.608,107.9,111.8,219.7,1,2025_NBA,1.6993006993006992,2.2,0.5884773662551441,0.45454545454545453,0.5642037302725968,0.4357962697274031,0.392,0.608,1.6447368421052633,2.5510204081632653,1.6776315789473686,2.6020408163265305,-147,+160,-0.13759999999999994,-0.04379626972740308,0.0,-13.759999999999994,-4.379626972740308,0.03359999999999985,0.043796269727403137,0.04799999999999995,3.359999999999985,4.379626972740313,away,-143.0,-143.0,0.03359999999999985,0.04799999999999995,0.608,4.379626972740313,0.011999999999999988,moneyline,nba,,,,,,,,,,,,,,,,,,,,,,,,,,,,,,,,,,,,,,,,,,
Basketball,NBA,2026_04_25,e480da9a1b9dacbed9120388db4f133f,2026-04-25T10:11:37Z,01:10 PM,Orlando Magic,Detroit Pistons,2.5,-2.5,213.5,114,-135,-110,-110,-105,-115,2.14,1.74,1.91,1.91,1.95,1.87,0.402,0.598,104.6,108.2,212.8,1,2025_NBA,1.7407407407407407,2.1399999999999997,0.574468085106383,0.4672897196261683,0.551441114716549,0.44855888528345106,0.402,0.598,1.6722408026755853,2.487562189054726,1.705685618729097,2.5373134328358207,-141,+153,-0.13971999999999984,-0.046558885283451035,0.0,-13.971999999999984,-4.655888528345104,0.04051999999999989,0.04655888528345098,0.05475675675675668,4.051999999999989,4.655888528345098,away,-135.0,-135.0,0.04051999999999989,0.05475675675675668,0.598,4.655888528345098,0.01368918918918917,moneyline,nba,,,,,,,,,,,,,,,,,,,,,,,,,,,,,,,,,,,,,,,,,,
Basketball,NBA,2026_05_01,88e10294c54deffd6e9e6efcba249d2c,2026-05-01T10:53:27Z,07:10 PM,Orlando Magic,Detroit Pistons,3.5,-3.5,209.5,136,-161,-110,-110,-110,-110,2.36,1.62,1.91,1.91,1.91,1.91,0.352,0.648,102.6,107.8,210.4,1,2025_NBA,1.62111801242236,2.3600000000000003,0.6168582375478928,0.42372881355932196,0.5927983025461808,0.4072016974538192,0.352,0.648,1.5432098765432098,2.8409090909090913,1.5740740740740742,2.897727272727273,-174,+189,-0.1692800000000001,-0.0552016974538192,0.0,-16.92800000000001,-5.52016974538192,0.049760000000000026,0.0552016974538192,0.08025806451612916,4.976000000000003,5.52016974538192,away,-161.0,-161.0,0.049760000000000026,0.08025806451612916,0.648,5.52016974538192,0.02006451612903229,moneyline,nba,,,,,,,,,,,,,,,,,,,,,,,,,,,,,,,,,,,,,,,,,,
Basketball,NBA,2026_05_01,d1938a9c13602a661e894f996f2680e8,2026-05-01T10:53:27Z,07:40 PM,Toronto Raptors,Cleveland Cavaliers,3.5,-3.5,218.5,145,-175,-105,-115,-112,-108,2.45,1.57,1.95,1.87,1.89,1.93,0.345,0.655,105.9,111.4,217.3,1,2025_NBA,1.5714285714285714,2.45,0.6363636363636364,0.4081632653061224,0.6092362344582594,0.3907637655417407,0.345,0.655,1.5267175572519083,2.8985507246376816,1.5572519083969465,2.9565217391304355,-179,+195,-0.15475000000000005,-0.04576376554174072,0.0,-15.475000000000005,-4.576376554174072,0.028350000000000097,0.045763765541740664,0.04973684210526332,2.8350000000000097,4.576376554174066,away,-175.0,-175.0,0.028350000000000097,0.04973684210526332,0.655,4.576376554174066,0.01243421052631583,moneyline,nba,,,,,,,,,,,,,,,,,,,,,,,,,,,,,,,,,,,,,,,,,,
Basketball,NBA,2026_05_08,1b5c084f510006e8f30cd6cac40e231d,2026-05-08T09:09:54Z,09:40 PM,Minnesota Timberwolves,San Antonio Spurs,4.5,-4.5,215.5,164,-196,-115,-105,-115,-105,2.64,1.51,1.87,1.95,1.87,1.95,0.323,0.677,105.8,111.8,217.6,1,2025_NBA,1.510204081632653,2.6399999999999997,0.6621621621621622,0.37878787878787884,0.6361132966168371,0.3638867033831629,0.323,0.677,1.4771048744460855,3.095975232198142,1.5066469719350073,3.1578947368421053,-197,+215,-0.14727999999999997,-0.040886703383162915,0.0,-14.727999999999996,-4.088670338316291,0.022270000000000012,0.040886703383162915,0.0436666666666668,2.227000000000001,4.088670338316291,away,-196.0,-196.0,0.022270000000000012,0.0436666666666668,0.677,4.088670338316291,0.0109166666666667,moneyline,nba,,,,,,,,,,,,,,,,,,,,,,,,,,,,,,,,,,,,,,,,,,
Basketball,NBA,2026_05_10,878243c543236baba132ad43ae333aae,2026-05-10T09:09:38Z,03:40 PM,Philadelphia 76ers,New York Knicks,1.5,-1.5,212.5,102,-122,-110,-110,-110,-110,2.02,1.82,1.91,1.91,1.91,1.91,0.437,0.563,104.1,107.0,211.1,1,2025_NBA,1.819672131147541,2.02,0.5495495495495495,0.49504950495049505,0.5260865852617197,0.47391341473828025,0.437,0.563,1.7761989342806397,2.288329519450801,1.8117229129662524,2.334096109839817,-123,+133,-0.11726000000000003,-0.03691341473828025,0.0,-11.726000000000003,-3.691341473828025,0.024659999999999904,0.03691341473828025,0.030073170731707264,2.4659999999999904,3.691341473828025,away,-122.0,-122.0,0.024659999999999904,0.030073170731707264,0.563,3.691341473828025,0.007518292682926816,moneyline,nba,,,,,,,,,,,,,,,,,,,,,,,,,,,,,,,,,,,,,,,,,,
Basketball,NBA,2026_05_22,7b814a0bc57622abcbc708d9e9a27fca,2026-05-22T14:34:58Z,08:40 PM,San Antonio Spurs,Oklahoma City Thunder,-1.5,1.5,217.5,-125,105,-115,-105,-110,-110,1.8,2.05,1.87,1.95,1.91,1.91,0.481,0.519,107.2,108.5,215.7,1,2025_NBA,2.05,1.8,0.48780487804878053,0.5555555555555556,0.4675324675324676,0.5324675324675325,0.481,0.519,1.9267822736030829,2.079002079002079,1.9653179190751446,2.120582120582121,-103,+112,-0.13419999999999999,-0.05146753246753255,0.0,-13.419999999999998,-5.146753246753255,0.06394999999999995,0.05146753246753244,0.06090476190476187,6.394999999999995,5.146753246753244,away,105.0,105.0,0.06394999999999995,0.06090476190476187,0.519,5.146753246753244,0.015226190476190468,moneyline,nba,,,,,,,,,,,,,,,,,,,,,,,,,,,,,,,,,,,,,,,,,,
Basketball,NBA,2026_05_23,4247d31ac7706ebe455b8f221c9e4184,2026-05-23T09:09:40Z,08:10 PM,Cleveland Cavaliers,New York Knicks,-2.5,2.5,214.5,-130,110,-108,-112,-108,-112,1.77,2.1,1.93,1.89,1.93,1.89,0.454,0.546,106.2,108.4,214.6,1,2025_NBA,2.1,1.7692307692307692,0.47619047619047616,0.5652173913043479,0.4572564612326044,0.5427435387673957,0.454,0.546,1.8315018315018314,2.202643171806167,1.8681318681318682,2.2466960352422904,-115,+124,-0.19641999999999993,-0.08874353876739566,0.0,-19.641999999999992,-8.874353876739566,0.14660000000000006,0.08874353876739566,0.13327272727272743,14.660000000000007,8.874353876739566,away,110.0,110.0,0.14660000000000006,0.13327272727272743,0.546,8.874353876739566,0.03331818181818186,moneyline,nba,,,,,,,,,,,,,,,,,,,,,,,,,,,,,,,,,,,,,,,,,,
Basketball,NBA,2026_05_24,74cd3b630383a2e3eff3afd92006ebb3,2026-05-24T09:09:38Z,08:10 PM,San Antonio Spurs,Oklahoma City Thunder,-2.5,2.5,218.5,-135,114,-110,-110,-110,-110,1.74,2.14,1.91,1.91,1.91,1.91,0.496,0.504,107.6,108.1,215.7,1,2025_NBA,2.1399999999999997,1.7407407407407407,0.4672897196261683,0.574468085106383,0.44855888528345106,0.551441114716549,0.496,0.504,1.9841269841269842,2.0161290322580645,2.0238095238095237,2.056451612903226,+102,+105,-0.13695999999999997,-0.055441114716549,0.0,-13.695999999999998,-5.5441114716549,0.07855999999999996,0.055441114716548945,0.06891228070175444,7.855999999999996,5.544111471654895,away,114.0,114.0,0.07855999999999996,0.06891228070175444,0.504,5.544111471654895,0.01722807017543861,moneyline,nba,,,,,,,,,,,,,,,,,,,,,,,,,,,,,,,,,,,,,,,,,,
Basketball,NBA,2025_10_21,NBA_2025_10_21_Los_Angeles_Lakers_Golden_State_Warriors,2026_04_17,10:15 PM,Los Angeles Lakers,Golden State Warriors,-3.5,3.5,226.0,110,-130,-110,-110,-110,-110,2.1,1.769231,1.909091,1.909091,1.909091,1.909091,0.461,0.539,111.4,113.6,225.0,1,2025_NBA,,,,,,,,,,,,,,,,,,,,,,,,,away,3.5,-110.0,0.24720735325857945,0.2719280613916312,0.653299058692634,15.329905869263404,0.05,spread,nba,0.34670094130736595,0.653299058692634,2.8843302133219626,1.530692546842445,2.9275951665217916,1.5536529350450816,+192,-180,0.5238094988662143,0.5238094988662143,0.5,0.5,-0.33811635325857936,-0.15329905869263405,0.0,-33.811635325857935,-15.329905869263404,0.24720735325857945,0.15329905869263405,0.2719280613916312,24.720735325857945,15.329905869263404,,,,,,,,,,,,,,,,,,,,
Basketball,NBA,2025_10_22,NBA_2025_10_22_Charlotte_Hornets_Brooklyn_Nets,2026_04_17,07:10 PM,Charlotte Hornets,Brooklyn Nets,-4.5,4.5,225.5,-180,157,-110,-110,-115,-105,1.555556,2.57,1.909091,1.909091,1.869565,1.952381,0.544,0.456,107.4,106.0,213.4,1,2025_NBA,,,,,,,,,,,,,,,,,,,,,,,,,away,4.5,-110.0,0.11660322105641518,0.12826353033570378,0.5848873736539616,8.48873736539616,0.032065882583925946,spread,nba,0.4151126263460384,0.5848873736539616,2.408984782762061,1.7097308730614393,2.445119554503492,1.7353768361573607,+144,-135,0.5238094988662143,0.5238094988662143,0.5,0.5,-0.2075122210564152,-0.0848873736539616,0.0,-20.75122210564152,-8.48873736539616,0.11660322105641518,0.0848873736539616,0.12826353033570378,11.66032210564152,8.48873736539616,,,,,,,,,,,,,,,,,,,,
Basketball,NBA,2025_10_22,NBA_2025_10_22_Chicago_Bulls_Detroit_Pistons,2026_04_17,08:10 PM,Chicago Bulls,Detroit Pistons,2.0,-2.0,234.0,115,-135,-110,-110,-110,-110,2.15,1.740741,1.909091,1.909091,1.909091,1.909091,0.405,0.595,116.2,119.9,236.1,1,2025_NBA,,,,,,,,,,,,,,,,,,,,,,,,,away,-2.0,-110.0,0.04389139521298513,0.04828052990623077,0.5468002285972671,4.680022859726707,0.012070132476557692,spread,nba,0.45319977140273293,0.5468002285972671,2.206532445735408,1.8288214739144277,2.2396304324214387,1.856253796023144,+123,-116,0.5238094988662143,0.5238094988662143,0.5,0.5,-0.13480039521298515,-0.04680022859726707,0.0,-13.480039521298515,-4.680022859726707,0.04389139521298513,0.04680022859726707,0.04828052990623077,4.389139521298513,4.680022859726707,,,,,,,,,,,,,,,,,,,,
Basketball,NBA,2025_10_22,NBA_2025_10_22_Memphis_Grizzlies_New_Orleans_Pelicans,2026_04_17,08:10 PM,Memphis Grizzlies,New Orleans Pelicans,-3.5,3.5,235.5,-160,140,-115,-105,-115,-105,1.625,2.4,1.869565,1.952381,1.869565,1.952381,0.697,0.303,119.8,114.2,234.0,1,2025_NBA,,,,,,,,,,,,,,,,,,,,,,,,,home,-3.5,-115.0,0.042735276305714276,0.04914558003796643,0.5577421893893576,4.690791805219064,0.012286395009491607,spread,nba,0.5577421893893576,0.4422578106106424,1.792943081990708,2.2611245658256696,1.8198372282205684,2.2950414343130543,-121,+129,0.5348837831260214,0.5121951094586559,0.510834271337167,0.489165728662833,0.042735276305714276,0.046907918052190634,0.04914558003796643,4.273527630571428,4.690791805219064,-0.13654425346218346,-0.04690791805219058,0.0,-13.654425346218346,-4.690791805219058,,,,,,,,,,,,,,,,,,,,
Basketball,NBA,2025_10_22,NBA_2025_10_22_Milwaukee_Bucks_Washington_Wizards,2026_04_17,08:10 PM,Milwaukee Bucks,Washington Wizards,-8.5,8.5,229.0,-385,306,-115,-105,-110,-110,1.25974,4.06,1.869565,1.952381,1.909091,1.909091,0.743,0.257,116.1,108.9,225.0,1,2025_NBA,,,,,,,,,,,,,,,,,,,,,,,,,away,8.5,-105.0,0.04612989822675129,0.04843639071626932,0.5358226177302234,4.665688906739046,0.01210909767906733,spread,nba,0.46417738226977656,0.5358226177302234,2.154348829126722,1.8662892660934316,2.1866640615636226,1.8942836050848328,+118,-111,0.5348837831260214,0.5121951094586559,0.510834271337167,0.489165728662833,-0.13219021231680517,-0.046656889067390406,0.0,-13.219021231680516,-4.665688906739041,0.04612989822675129,0.04665688906739046,0.04843639071626932,4.612989822675129,4.665688906739046,,,,,,,,,,,,,,,,,,,,
Basketball,NBA,2025_10_22,NBA_2025_10_22_New_York_Knicks_Cleveland_Cavaliers,2026_04_17,07:12 PM,New York Knicks,Cleveland Cavaliers,-4.0,4.0,229.5,-165,145,-110,-110,-110,-110,1.606061,2.45,1.909091,1.909091,1.909091,1.909091,0.497,0.503,115.3,115.7,231.0,1,2025_NBA,,,,,,,,,,,,,,,,,,,,,,,,,away,4.0,-110.0,0.18279808027664202,0.20107786819651938,0.6195608696896282,11.95608696896282,0.05,spread,nba,0.3804391303103718,0.6195608696896282,2.6285413889580047,1.6140464140366941,2.6679695097923743,1.6382571102472443,+166,-156,0.5238094988662143,0.5238094988662143,0.5,0.5,-0.2737070802766419,-0.1195608696896282,0.0,-27.370708027664193,-11.95608696896282,0.18279808027664202,0.1195608696896282,0.20107786819651938,18.279808027664203,11.95608696896282,,,,,,,,,,,,,,,,,,,,
Basketball,NBA,2025_10_22,NBA_2025_10_22_Orlando_Magic_Miami_Heat,2026_04_17,07:10 PM,Orlando Magic,Miami Heat,-8.0,8.0,214.5,-380,303,-110,-110,-110,-110,1.263158,4.03,1.909091,1.909091,1.909091,1.909091,0.718,0.282,107.4,101.2,208.6,1,2025_NBA,,,,,,,,,,,,,,,,,,,,,,,,,away,8.0,-110.0,0.04912069204370306,0.05403275584479766,0.549539383949588,4.953938394958801,0.013508188961199414,spread,nba,0.450460616050412,0.549539383949588,2.2199499009877655,1.8197057921725497,2.2532491495025817,1.8470013790551378,+125,-118,0.5238094988662143,0.5238094988662143,0.5,0.5,-0.14002969204370286,-0.04953938394958801,0.0,-14.002969204370286,-4.953938394958801,0.04912069204370306,0.04953938394958801,0.05403275584479766,4.912069204370306,4.953938394958801,,,,,,,,,,,,,,,,,,,,
Basketball,NBA,2025_10_22,NBA_2025_10_22_Phoenix_Suns_Sacramento_Kings,2026_04_17,10:10 PM,Phoenix Suns,Sacramento Kings,-1.5,1.5,228.5,-165,145,-115,-105,-110,-110,1.606061,2.45,1.869565,1.952381,1.909091,1.909091,0.648,0.352,116.7,112.2,228.9,1,2025_NBA,,,,,,,,,,,,,,,,,,,,,,,,,home,-1.5,-115.0,0.08843980035167553,0.1017057958308757,0.5821887981170355,7.135452677986853,0.025426448957718926,spread,nba,0.5821887981170355,0.4178112018829645,1.7176558587768864,2.3934255364462818,1.7434206966585395,2.4293269194929756,-134,+142,0.5348837831260214,0.5121951094586559,0.510834271337167,0.489165728662833,0.08843980035167553,0.07135452677986853,0.1017057958308757,8.843980035167554,7.135452677986853,-0.18427334785653593,-0.07135452677986848,0.0,-18.427334785653592,-7.135452677986848,,,,,,,,,,,,,,,,,,,,
Basketball,NBA,2025_10_22,NBA_2025_10_22_Portland_Trail_Blazers_Minnesota_Timberwolves,2026_04_17,10:10 PM,Portland Trail Blazers,Minnesota Timberwolves,3.0,-3.0,219.5,140,-160,-110,-110,-110,-110,2.4,1.625,1.909091,1.909091,1.909091,1.909091,0.286,0.714,108.7,115.6,224.3,1,2025_NBA,,,,,,,,,,,,,,,,,,,,,,,,,away,-3.0,-110.0,0.1575234455408716,0.17327577276738135,0.6063217759346576,10.632177593465764,0.04331894319184534,spread,nba,0.39367822406534236,0.6063217759346576,2.5401455779632376,1.6492892712924243,2.578247761632686,1.6740286103618105,+157,-148,0.5238094988662143,0.5238094988662143,0.5,0.5,-0.2484324455408714,-0.10632177593465764,0.0,-24.84324455408714,-10.632177593465764,0.1575234455408716,0.10632177593465764,0.17327577276738135,15.752344554087161,10.632177593465764,,,,,,,,,,,,,,,,,,,,
Basketball,NBA,2025_10_24,NBA_2025_10_24_Brooklyn_Nets_Cleveland_Cavaliers,2026_04_17,07:40 PM,Brooklyn Nets,Cleveland Cavaliers,12.5,-12.5,228.5,637,-950,-110,-110,-105,-115,7.37,1.105263,1.909091,1.909091,1.952381,1.869565,0.21,0.79,107.5,116.7,224.2,1,2025_NBA,,,,,,,,,,,,,,,,,,,,,,,,,home,12.5,-110.0,0.12688373589535984,0.13957209552768612,0.5902724049798358,9.02724049798358,0.03489302388192153,spread,nba,0.5902724049798358,0.4097275950201642,1.6941330673151844,2.440645961253321,1.719545063324912,2.4772556506721206,-138,+147,0.5238094988662143,0.5238094988662143,0.5,0.5,0.12688373589535984,0.0902724049798358,0.13957209552768612,12.688373589535985,9.02724049798358,-0.21779273589535963,-0.0902724049798358,0.0,-21.779273589535965,-9.02724049798358,,,,,,,,,,,,,,,,,,,,
Basketball,NBA,2025_10_24,NBA_2025_10_24_Dallas_Mavericks_Washington_Wizards,2026_04_17,08:40 PM,Dallas Mavericks,Washington Wizards,-11.0,11.0,227.0,-600,446,-110,-110,-110,-110,1.166667,5.46,1.909091,1.909091,1.909091,1.909091,0.678,0.322,116.1,110.9,227.0,1,2025_NBA,,,,,,,,,,,,,,,,,,,,,,,,,away,11.0,-110.0,0.25207455585367855,0.2772819837108479,0.6558485456448532,15.584854564485317,0.05,spread,nba,0.3441514543551468,0.6558485456448532,2.905697440313737,1.5247422695994013,2.949282901918443,1.5476134036433922,+194,-182,0.5238094988662143,0.5238094988662143,0.5,0.5,-0.34298355585367835,-0.15584854564485318,0.0,-34.29835558536784,-15.584854564485317,0.25207455585367855,0.15584854564485318,0.2772819837108479,25.207455585367853,15.584854564485317,,,,,,,,,,,,,,,,,,,,
Basketball,NBA,2025_10_24,NBA_2025_10_24_Los_Angeles_Clippers_Phoenix_Suns,2026_04_17,10:40 PM,Los Angeles Clippers,Phoenix Suns,-9.5,9.5,226.5,-480,370,-110,-110,-110,-110,1.208333,4.7,1.909091,1.909091,1.909091,1.909091,0.754,0.246,114.6,107.1,221.7,1,2025_NBA,,,,,,,,,,,,,,,,,,,,,,,,,away,9.5,-110.0,0.059565536990557,0.06552208413740428,0.5550104929469349,5.501049294693495,0.01638052103435107,spread,nba,0.44498950705306506,0.5550104929469349,2.2472440004765097,1.8017677372013414,2.280952660483657,1.8287942532593613,+128,-120,0.5238094988662143,0.5238094988662143,0.5,0.5,-0.1504745369905569,-0.05501049294693494,0.0,-15.04745369905569,-5.501049294693495,0.059565536990557,0.05501049294693494,0.06552208413740428,5.9565536990557,5.501049294693495,,,,,,,,,,,,,,,,,,,,
Basketball,NBA,2025_10_24,NBA_2025_10_24_Los_Angeles_Lakers_Minnesota_Timberwolves,2026_04_17,10:10 PM,Los Angeles Lakers,Minnesota Timberwolves,2.5,-2.5,225.0,120,-140,-115,-105,-110,-110,2.2,1.714286,1.869565,1.952381,1.909091,1.909091,0.389,0.611,109.5,113.7,223.2,1,2025_NBA,,,,,,,,,,,,,,,,,,,,,,,,,away,-2.5,-105.0,0.06756237710896085,0.07094049241738427,0.5468002285972671,5.763449993443409,0.01773512310434607,spread,nba,0.45319977140273293,0.5468002285972671,2.206532445735408,1.8288214739144277,2.2396304324214387,1.856253796023144,+123,-116,0.5348837831260214,0.5121951094586559,0.510834271337167,0.489165728662833,-0.15271356937744962,-0.057634499934434036,0.0,-15.271356937744962,-5.763449993443404,0.06756237710896085,0.05763449993443409,0.07094049241738427,6.756237710896085,5.763449993443409,,,,,,,,,,,,,,,,,,,,
Basketball,NBA,2025_10_24,NBA_2025_10_24_Orlando_Magic_Atlanta_Hawks,2026_04_17,07:10 PM,Orlando Magic,Atlanta Hawks,-5.5,5.5,229.0,-200,174,-110,-110,-105,-115,1.5,2.74,1.909091,1.909091,1.952381,1.869565,0.587,0.413,112.3,109.7,222.0,1,2025_NBA,,,,,,,,,,,,,,,,,,,,,,,,,away,5.5,-110.0,0.10629216956793708,0.1169213748325933,0.5794863469409981,7.94863469409981,0.029230343708148324,spread,nba,0.4205136530590019,0.5794863469409981,2.378044072351893,1.7256661960697024,2.413714733437171,1.7515511890107478,+141,-133,0.5238094988662143,0.5238094988662143,0.5,0.5,-0.19720116956793698,-0.0794863469409981,0.0,-19.7201169567937,-7.94863469409981,0.10629216956793708,0.0794863469409981,0.1169213748325933,10.629216956793709,7.94863469409981,,,,,,,,,,,,,,,,,,,,
Basketball,NBA,2025_10_24,NBA_2025_10_24_Toronto_Raptors_Milwaukee_Bucks,2026_04_17,06:40 PM,Toronto Raptors,Milwaukee Bucks,1.5,-1.5,230.5,-120,100,-110,-110,-105,-115,1.833333,2.0,1.909091,1.909091,1.952381,1.869565,0.515,0.485,114.3,114.0,228.3,1,2025_NBA,,,,,,,,,,,,,,,,,,,,,,,,,home,1.5,-110.0,0.049120692043703285,0.0540327558447979,0.5495393839495881,4.953938394958812,0.013508188961199475,spread,nba,0.5495393839495881,0.4504606160504119,1.8197057921725492,2.2199499009877663,1.8470013790551374,2.2532491495025826,-118,+125,0.5238094988662143,0.5238094988662143,0.5,0.5,0.049120692043703285,0.04953938394958812,0.0540327558447979,4.9120692043703285,4.953938394958812,-0.14002969204370308,-0.04953938394958812,0.0,-14.002969204370308,-4.953938394958812,,,,,,,,,,,,,,,,,,,,
Basketball,NBA,2025_10_25,NBA_2025_10_25_Denver_Nuggets_Phoenix_Suns,2026_04_17,09:10 PM,Denver Nuggets,Phoenix Suns,-12.5,12.5,235.0,-910,618,-110,-110,-110,-110,1.10989,7.18,1.909091,1.909091,1.909091,1.909091,0.861,0.139,121.4,110.6,232.0,1,2025_NBA,,,,,,,,,,,,,,,,,,,,,,,,,away,12.5,-110.0,0.04389139521298446,0.04828052990622985,0.5468002285972666,4.680022859726662,0.012070132476557463,spread,nba,0.4531997714027334,0.5468002285972666,2.2065324457354056,1.8288214739144293,2.2396304324214364,1.8562537960231456,+123,-116,0.5238094988662143,0.5238094988662143,0.5,0.5,-0.13480039521298426,-0.046800228597266624,0.0,-13.480039521298426,-4.680022859726662,0.04389139521298446,0.046800228597266624,0.04828052990622985,4.389139521298446,4.680022859726662,,,,,,,,,,,,,,,,,,,,
Basketball,NBA,2025_10_25,NBA_2025_10_25_Memphis_Grizzlies_Indiana_Pacers,2026_04_17,08:10 PM,Memphis Grizzlies,Indiana Pacers,1.5,-1.5,236.5,115,-135,-110,-110,-110,-110,2.15,1.740741,1.909091,1.909091,1.909091,1.909091,0.525,0.475,118.9,118.1,237.0,1,2025_NBA,,,,,,,,,,,,,,,,,,,,,,,,,home,1.5,-110.0,0.07519475523737729,0.08271422248969264,0.5631972259244725,6.319722592447253,0.02067855562242316,spread,nba,0.5631972259244725,0.4368027740755275,1.7755769275293,2.2893627498507834,1.8022105814422393,2.323703191098545,-124,+132,0.5238094988662143,0.5238094988662143,0.5,0.5,0.07519475523737729,0.06319722592447252,0.08271422248969264,7.519475523737729,6.319722592447253,-0.16610375523737708,-0.06319722592447252,0.0,-16.61037552373771,-6.319722592447253,,,,,,,,,,,,,,,,,,,,
Basketball,NBA,2025_10_26,NBA_2025_10_26_Dallas_Mavericks_Toronto_Raptors,2026_04_17,07:40 PM,Dallas Mavericks,Toronto Raptors,-4.5,4.5,232.5,-125,105,-105,-115,-110,-110,1.8,2.05,1.952381,1.869565,1.909091,1.909091,0.553,0.447,115.5,113.7,229.2,1,2025_NBA,,,,,,,,,,,,,,,,,,,,,,,,,away,4.5,-115.0,0.07326176620342628,0.08425105219670329,0.574070313791404,6.3236042454237085,0.02106276304917582,spread,nba,0.42592968620859595,0.574070313791404,2.3478053593809785,1.7419468939189269,2.383022439771693,1.7680760973277105,+138,-130,0.5121951094586559,0.5348837831260214,0.489165728662833,0.510834271337167,-0.16842297331037526,-0.06323604245423703,0.0,-16.842297331037525,-6.323604245423703,0.07326176620342628,0.06323604245423708,0.08425105219670329,7.326176620342628,6.3236042454237085,,,,,,,,,,,,,,,,,,,,
Basketball,NBA,2025_10_26,NBA_2025_10_26_Detroit_Pistons_Boston_Celtics,2026_04_17,03:40 PM,Detroit Pistons,Boston Celtics,-3.0,3.0,225.5,-165,145,-115,-105,-110,-110,1.606061,2.45,1.869565,1.952381,1.909091,1.909091,0.531,0.469,113.2,112.2,225.4,1,2025_NBA,,,,,,,,,,,,,,,,,,,,,,,,,away,3.0,-105.0,0.08359194123022973,0.08777153390316453,0.5550104929469349,6.584476428410197,0.021942883475791132,spread,nba,0.44498950705306506,0.5550104929469349,2.2472440004765097,1.8017677372013414,2.280952660483657,1.8287942532593613,+128,-120,0.5348837831260214,0.5121951094586559,0.510834271337167,0.489165728662833,-0.16806319224633648,-0.06584476428410191,0.0,-16.806319224633647,-6.584476428410191,0.08359194123022973,0.06584476428410196,0.08777153390316453,8.359194123022974,6.584476428410197,,,,,,,,,,,,,,,,,,,,
Basketball,NBA,2025_10_26,NBA_2025_10_26_Miami_Heat_New_York_Knicks,2026_04_17,06:10 PM,Miami Heat,New York Knicks,2.5,-2.5,227.5,120,-140,-110,-110,-110,-110,2.2,1.714286,1.909091,1.909091,1.909091,1.909091,0.357,0.643,108.3,113.4,221.7,1,2025_NBA,,,,,,,,,,,,,,,,,,,,,,,,,away,-2.5,-110.0,0.09077247057433602,0.09984970764679885,0.5713569811886055,7.135698118860545,0.02496242691169971,spread,nba,0.42864301881139455,0.5713569811886055,2.332943629346745,1.750219272581005,2.367937783786946,1.77647256166972,+136,-128,0.5238094988662143,0.5238094988662143,0.5,0.5,-0.18168147057433592,-0.07135698118860545,0.0,-18.168147057433593,-7.135698118860545,0.09077247057433602,0.07135698118860545,0.09984970764679885,9.077247057433603,7.135698118860545,,,,,,,,,,,,,,,,,,,,
Basketball,NBA,2025_10_26,NBA_2025_10_26_Sacramento_Kings_Los_Angeles_Lakers,2026_04_17,09:10 PM,Sacramento Kings,Los Angeles Lakers,1.5,-1.5,230.0,102,-122,-110,-110,-110,-110,2.02,1.819672,1.909091,1.909091,1.909091,1.909091,0.574,0.426,114.0,111.6,225.6,1,2025_NBA,,,,,,,,,,,,,,,,,,,,,,,,,home,1.5,-110.0,0.15752344554087228,0.1732757727673821,0.606321775934658,10.632177593465798,0.043318943191845524,spread,nba,0.606321775934658,0.39367822406534203,1.6492892712924232,2.54014557796324,1.6740286103618094,2.578247761632688,-148,+157,0.5238094988662143,0.5238094988662143,0.5,0.5,0.15752344554087228,0.10632177593465797,0.1732757727673821,15.752344554087227,10.632177593465798,-0.24843244554087207,-0.10632177593465797,0.0,-24.843244554087207,-10.632177593465798,,,,,,,,,,,,,,,,,,,,
Basketball,NBA,2025_10_26,NBA_2025_10_26_San_Antonio_Spurs_Brooklyn_Nets,2026_04_17,02:10 PM,San Antonio Spurs,Brooklyn Nets,-10.0,10.0,229.0,-655,479,-110,-110,-110,-110,1.152672,5.79,1.909091,1.909091,1.909091,1.909091,0.756,0.244,116.4,108.9,225.3,1,2025_NBA,,,,,,,,,,,,,,,,,,,,,,,,,away,10.0,-110.0,0.08558602485182543,0.09414461792254616,0.5686402716538004,6.864027165380038,0.02353615448063654,spread,nba,0.4313597283461996,0.5686402716538004,2.3182507181046406,1.758581039453393,2.35302447887621,1.7849597550451937,+135,-127,0.5238094988662143,0.5238094988662143,0.5,0.5,-0.17649502485182533,-0.06864027165380038,0.0,-17.649502485182534,-6.864027165380038,0.08558602485182543,0.06864027165380038,0.09414461792254616,8.558602485182544,6.864027165380038,,,,,,,,,,,,,,,,,,,,
Basketball,NBA,2025_10_26,NBA_2025_10_26_Washington_Wizards_Charlotte_Hornets,2026_04_17,06:10 PM,Washington Wizards,Charlotte Hornets,-1.0,1.0,234.5,-120,100,-110,-110,-110,-110,1.833333,2.0,1.909091,1.909091,1.909091,1.909091,0.563,0.437,112.3,110.1,222.4,1,2025_NBA,,,,,,,,,,,,,,,,,,,,,,,,,home,-1.0,-110.0,0.017686044522422728,0.019454647029200297,0.5330736169844301,3.307361698443012,0.004863661757300074,spread,nba,0.5330736169844301,0.4669263830155699,1.8759135101394593,2.1416652311262836,1.904052212791551,2.173790209593178,-110,+117,0.5238094988662143,0.5238094988662143,0.5,0.5,0.017686044522422728,0.03307361698443012,0.019454647029200297,1.7686044522422728,3.307361698443012,-0.10859504452242263,-0.03307361698443012,0.0,-10.859504452242263,-3.307361698443012,,,,,,,,,,,,,,,,,,,,
Basketball,NBA,2025_10_27,NBA_2025_10_27_Chicago_Bulls_Atlanta_Hawks,2026_04_17,08:10 PM,Chicago Bulls,Atlanta Hawks,-1.0,1.0,239.0,-105,-115,-110,-110,-110,-110,1.952381,1.869565,1.909091,1.909091,1.909091,1.909091,0.433,0.567,118.7,121.6,240.3,1,2025_NBA,,,,,,,,,,,,,,,,,,,,,,,,,away,1.0,-110.0,0.1575234455408716,0.17327577276738135,0.6063217759346576,10.632177593465764,0.04331894319184534,spread,nba,0.39367822406534236,0.6063217759346576,2.5401455779632376,1.6492892712924243,2.578247761632686,1.6740286103618105,+157,-148,0.5238094988662143,0.5238094988662143,0.5,0.5,-0.2484324455408714,-0.10632177593465764,0.0,-24.84324455408714,-10.632177593465764,0.1575234455408716,0.10632177593465764,0.17327577276738135,15.752344554087161,10.632177593465764,,,,,,,,,,,,,,,,,,,,
Basketball,NBA,2025_10_27,NBA_2025_10_27_Dallas_Mavericks_Oklahoma_City_Thunder,2026_04_17,08:40 PM,Dallas Mavericks,Oklahoma City Thunder,7.5,-7.5,228.5,245,-300,-110,-110,-110,-110,3.45,1.333333,1.909091,1.909091,1.909091,1.909091,0.205,0.795,110.1,119.3,229.4,1,2025_NBA,,,,,,,,,,,,,,,,,,,,,,,,,away,-7.5,-110.0,0.04389139521298513,0.04828052990623077,0.5468002285972671,4.680022859726707,0.012070132476557692,spread,nba,0.45319977140273293,0.5468002285972671,2.206532445735408,1.8288214739144277,2.2396304324214387,1.856253796023144,+123,-116,0.5238094988662143,0.5238094988662143,0.5,0.5,-0.13480039521298515,-0.04680022859726707,0.0,-13.480039521298515,-4.680022859726707,0.04389139521298513,0.04680022859726707,0.04828052990623077,4.389139521298513,4.680022859726707,,,,,,,,,,,,,,,,,,,,
Basketball,NBA,2025_10_27,NBA_2025_10_27_Golden_State_Warriors_Memphis_Grizzlies,2026_04_17,10:10 PM,Golden State Warriors,Memphis Grizzlies,-8.0,8.0,237.0,-300,245,-110,-110,-110,-110,1.333333,3.45,1.909091,1.909091,1.909091,1.909091,0.725,0.275,119.8,114.6,234.4,1,2025_NBA,,,,,,,,,,,,,,,,,,,,,,,,,away,8.0,-110.0,0.10112578193301935,0.11123834900248637,0.5767801440230033,7.678014402300326,0.027809587250621593,spread,nba,0.42321985597699674,0.5767801440230033,2.3628380991045774,1.7337628737096709,2.398280670591146,1.7597693168153157,+139,-131,0.5238094988662143,0.5238094988662143,0.5,0.5,-0.19203478193301926,-0.07678014402300326,0.0,-19.203478193301926,-7.678014402300326,0.10112578193301935,0.07678014402300326,0.11123834900248637,10.112578193301935,7.678014402300326,,,,,,,,,,,,,,,,,,,,
Basketball,NBA,2025_10_27,NBA_2025_10_27_Houston_Rockets_Brooklyn_Nets,2026_04_17,08:10 PM,Houston Rockets,Brooklyn Nets,-14.5,14.5,227.5,-1250,776,-110,-110,-110,-110,1.08,8.76,1.909091,1.909091,1.909091,1.909091,0.893,0.107,116.5,104.5,221.0,1,2025_NBA,,,,,,,,,,,,,,,,,,,,,,,,,away,14.5,-110.0,0.08558602485182543,0.09414461792254616,0.5686402716538004,6.864027165380038,0.02353615448063654,spread,nba,0.4313597283461996,0.5686402716538004,2.3182507181046406,1.758581039453393,2.35302447887621,1.7849597550451937,+135,-127,0.5238094988662143,0.5238094988662143,0.5,0.5,-0.17649502485182533,-0.06864027165380038,0.0,-17.649502485182534,-6.864027165380038,0.08558602485182543,0.06864027165380038,0.09414461792254616,8.558602485182544,6.864027165380038,,,,,,,,,,,,,,,,,,,,
Basketball,NBA,2025_10_27,NBA_2025_10_27_Los_Angeles_Lakers_Portland_Trail_Blazers,2026_04_17,10:40 PM,Los Angeles Lakers,Portland Trail Blazers,3.0,-3.0,222.0,-103,-117,100,-120,-110,-110,1.970874,1.854701,2.0,1.833333,1.909091,1.909091,0.527,0.473,111.4,110.7,222.1,1,2025_NBA,,,,,,,,,,,,,,,,,,,,,,,,,home,3.0,100.0,0.201981142811251,0.201981142811251,0.6009905714056255,12.272974720903212,0.05,spread,nba,0.6009905714056255,0.3990094285943745,1.6639196146807298,2.5062064410928526,1.6888784089009405,2.543799537709245,-145,+154,0.5,0.5454546446281172,0.4782608241965934,0.5217391758034066,0.201981142811251,0.12272974720903213,0.201981142811251,20.1981142811251,12.272974720903212,-0.2684828472467896,-0.12272974720903207,0.0,-26.84828472467896,-12.272974720903207,,,,,,,,,,,,,,,,,,,,
Basketball,NBA,2025_10_27,NBA_2025_10_27_New_Orleans_Pelicans_Boston_Celtics,2026_04_17,08:10 PM,New Orleans Pelicans,Boston Celtics,-2.0,2.0,233.5,-130,110,-110,-110,-110,-110,1.769231,2.1,1.909091,1.909091,1.909091,1.909091,0.421,0.579,109.0,112.4,221.4,1,2025_NBA,,,,,,,,,,,,,,,,,,,,,,,,,away,2.0,-110.0,0.23252679901455253,0.2557794533380624,0.645609244930992,14.560924493099204,0.05,spread,nba,0.35439075506900797,0.645609244930992,2.821744037327602,1.5489245357799797,2.864070197887516,1.5721584038166792,+186,-174,0.5238094988662143,0.5238094988662143,0.5,0.5,-0.32343579901455244,-0.14560924493099203,0.0,-32.34357990145524,-14.560924493099204,0.23252679901455253,0.14560924493099203,0.2557794533380624,23.252679901455252,14.560924493099204,,,,,,,,,,,,,,,,,,,,
Basketball,NBA,2025_10_27,NBA_2025_10_27_San_Antonio_Spurs_Toronto_Raptors,2026_04_17,08:10 PM,San Antonio Spurs,Toronto Raptors,-4.0,4.0,233.0,-185,161,-110,-110,-110,-110,1.540541,2.61,1.909091,1.909091,1.909091,1.909091,0.585,0.415,117.8,115.1,232.9,1,2025_NBA,,,,,,,,,,,,,,,,,,,,,,,,,away,4.0,-110.0,0.022934137105209196,0.025227548292975282,0.535822617730223,3.5822617730222994,0.0063068870732438205,spread,nba,0.464177382269777,0.535822617730223,2.15434882912672,1.8662892660934332,2.1866640615636204,1.8942836050848344,+118,-111,0.5238094988662143,0.5238094988662143,0.5,0.5,-0.1138431371052091,-0.035822617730222994,0.0,-11.38431371052091,-3.5822617730222994,0.022934137105209196,0.035822617730222994,0.025227548292975282,2.2934137105209196,3.5822617730222994,,,,,,,,,,,,,,,,,,,,
Basketball,NBA,2025_10_27,NBA_2025_10_27_Utah_Jazz_Phoenix_Suns,2026_04_17,09:10 PM,Utah Jazz,Phoenix Suns,2.0,-2.0,233.5,100,-120,-110,-110,-110,-110,2.0,1.833333,1.909091,1.909091,1.909091,1.909091,0.499,0.501,115.8,116.2,232.0,1,2025_NBA,,,,,,,,,,,,,,,,,,,,,,,,,home,2.0,-110.0,0.03865784392032312,0.04252362405999302,0.5440588447173671,4.40588447173671,0.010630906014998255,spread,nba,0.5440588447173671,0.4559411552826329,1.8380364729103698,2.19326548703442,1.8656070200040251,2.226164469339936,-115,+122,0.5238094988662143,0.5238094988662143,0.5,0.5,0.03865784392032312,0.044058844717367096,0.04252362405999302,3.865784392032312,4.40588447173671,-0.12956684392032303,-0.044058844717367096,0.0,-12.956684392032303,-4.40588447173671,,,,,,,,,,,,,,,,,,,,
Basketball,NBA,2025_10_28,NBA_2025_10_28_Golden_State_Warriors_Los_Angeles_Clippers,2026_04_17,11:10 PM,Golden State Warriors,Los Angeles Clippers,1.5,-1.5,227.0,-105,-115,-103,-117,-110,-110,1.952381,1.869565,1.970874,1.854701,1.909091,1.909091,0.525,0.475,111.4,110.6,222.0,1,2025_NBA,,,,,,,,,,,,,,,,,,,,,,,,,home,1.5,-103.0,0.10999076944666886,0.11329046760616605,0.5631972259244725,7.838095647478199,0.028322616901541513,spread,nba,0.5631972259244725,0.4368027740755275,1.7755769275293,2.2893627498507834,1.8022105814422393,2.323703191098545,-124,+132,0.5073891075735942,0.5391704646732816,0.48481626944969053,0.5151837305503094,0.10999076944666886,0.078380956474782,0.11329046760616605,10.999076944666886,7.838095647478199,-0.18986145811934518,-0.07838095647478194,0.0,-18.98614581193452,-7.838095647478194,,,,,,,,,,,,,,,,,,,,
Basketball,NBA,2025_10_28,NBA_2025_10_28_Milwaukee_Bucks_New_York_Knicks,2026_04_17,08:10 PM,Milwaukee Bucks,New York Knicks,1.0,-1.0,232.0,-102,-118,-110,-110,-110,-110,1.980392,1.847458,1.909091,1.909091,1.909091,1.909091,0.416,0.584,112.7,116.1,228.8,1,2025_NBA,,,,,,,,,,,,,,,,,,,,,,,,,away,-1.0,-110.0,0.0803933726488768,0.08843270107049436,0.5659203111055873,6.592031110558727,0.02210817526762359,spread,nba,0.43407968889441273,0.5659203111055873,2.303724467152491,1.7670332383836702,2.3382803341597778,1.7935387369594251,+133,-126,0.5238094988662143,0.5238094988662143,0.5,0.5,-0.1713023726488767,-0.06592031110558727,0.0,-17.130237264887672,-6.592031110558727,0.0803933726488768,0.06592031110558727,0.08843270107049436,8.039337264887681,6.592031110558727,,,,,,,,,,,,,,,,,,,,
Basketball,NBA,2025_10_28,NBA_2025_10_28_Oklahoma_City_Thunder_Sacramento_Kings,2026_04_17,08:10 PM,Oklahoma City Thunder,Sacramento Kings,-10.5,10.5,228.5,-510,390,-110,-110,-110,-110,1.196078,4.9,1.909091,1.909091,1.909091,1.909091,0.75,0.25,118.6,111.3,229.9,1,2025_NBA,,,,,,,,,,,,,,,,,,,,,,,,,away,10.5,-110.0,0.12174741289468827,0.13392214079194312,0.5875819502028391,8.75819502028391,0.03348053519798578,spread,nba,0.4124180497971609,0.5875819502028391,2.4247241372966797,1.701890263400348,2.4610949993561295,1.727418617351353,+146,-137,0.5238094988662143,0.5238094988662143,0.5,0.5,-0.21265641289468828,-0.0875819502028391,0.0,-21.265641289468828,-8.75819502028391,0.12174741289468827,0.0875819502028391,0.13392214079194312,12.174741289468827,8.75819502028391,,,,,,,,,,,,,,,,,,,,
Basketball,NBA,2025_10_28,NBA_2025_10_28_Washington_Wizards_Philadelphia_76ers,2026_04_17,07:10 PM,Washington Wizards,Philadelphia 76ers,5.0,-5.0,237.5,174,-200,-110,-110,-110,-110,2.74,1.5,1.909091,1.909091,1.909091,1.909091,0.408,0.592,112.3,116.0,228.3,1,2025_NBA,,,,,,,,,,,,,,,,,,,,,,,,,home,5.0,-110.0,0.022934137105209196,0.025227548292975282,0.535822617730223,3.5822617730222994,0.0063068870732438205,spread,nba,0.535822617730223,0.464177382269777,1.8662892660934332,2.15434882912672,1.8942836050848344,2.1866640615636204,-111,+118,0.5238094988662143,0.5238094988662143,0.5,0.5,0.022934137105209196,0.035822617730222994,0.025227548292975282,2.2934137105209196,3.5822617730222994,-0.1138431371052091,-0.035822617730222994,0.0,-11.38431371052091,-3.5822617730222994,,,,,,,,,,,,,,,,,,,,
Basketball,NBA,2025_10_29,NBA_2025_10_29_Dallas_Mavericks_Indiana_Pacers,2026_04_17,08:40 PM,Dallas Mavericks,Indiana Pacers,-7.5,7.5,228.0,-285,234,-110,-110,-105,-115,1.350877,3.34,1.909091,1.909091,1.952381,1.869565,0.648,0.352,116.0,111.7,227.7,1,2025_NBA,,,,,,,,,,,,,,,,,,,,,,,,,away,7.5,-110.0,0.12174741289468827,0.13392214079194312,0.5875819502028391,8.75819502028391,0.03348053519798578,spread,nba,0.4124180497971609,0.5875819502028391,2.4247241372966797,1.701890263400348,2.4610949993561295,1.727418617351353,+146,-137,0.5238094988662143,0.5238094988662143,0.5,0.5,-0.21265641289468828,-0.0875819502028391,0.0,-21.265641289468828,-8.75819502028391,0.12174741289468827,0.0875819502028391,0.13392214079194312,12.174741289468827,8.75819502028391,,,,,,,,,,,,,,,,,,,,
Basketball,NBA,2025_10_29,NBA_2025_10_29_Denver_Nuggets_New_Orleans_Pelicans,2026_04_17,09:10 PM,Denver Nuggets,New Orleans Pelicans,-12.5,12.5,237.5,-700,505,-110,-110,-110,-110,1.142857,6.05,1.909091,1.909091,1.909091,1.909091,0.863,0.137,121.0,110.1,231.1,1,2025_NBA,,,,,,,,,,,,,,,,,,,,,,,,,away,12.5,-110.0,0.03865784392032312,0.04252362405999302,0.5440588447173671,4.40588447173671,0.010630906014998255,spread,nba,0.4559411552826329,0.5440588447173671,2.19326548703442,1.8380364729103698,2.226164469339936,1.8656070200040251,+122,-115,0.5238094988662143,0.5238094988662143,0.5,0.5,-0.12956684392032303,-0.044058844717367096,0.0,-12.956684392032303,-4.40588447173671,0.03865784392032312,0.044058844717367096,0.04252362405999302,3.865784392032312,4.40588447173671,,,,,,,,,,,,,,,,,,,,
Basketball,NBA,2025_10_29,NBA_2025_10_29_Detroit_Pistons_Orlando_Magic,2026_04_17,07:10 PM,Detroit Pistons,Orlando Magic,-1.5,1.5,228.0,-105,-115,-110,-110,-110,-110,1.952381,1.869565,1.909091,1.909091,1.909091,1.909091,0.497,0.503,110.6,111.1,221.7,1,2025_NBA,,,,,,,,,,,,,,,,,,,,,,,,,away,1.5,-110.0,0.059565536990557,0.06552208413740428,0.5550104929469349,5.501049294693495,0.01638052103435107,spread,nba,0.44498950705306506,0.5550104929469349,2.2472440004765097,1.8017677372013414,2.280952660483657,1.8287942532593613,+128,-120,0.5238094988662143,0.5238094988662143,0.5,0.5,-0.1504745369905569,-0.05501049294693494,0.0,-15.04745369905569,-5.501049294693495,0.059565536990557,0.05501049294693494,0.06552208413740428,5.9565536990557,5.501049294693495,,,,,,,,,,,,,,,,,,,,
Basketball,NBA,2025_10_29,NBA_2025_10_29_Toronto_Raptors_Houston_Rockets,2026_04_17,06:40 PM,Toronto Raptors,Houston Rockets,3.5,-3.5,233.0,192,-230,-110,-110,-110,-110,2.92,1.434783,1.909091,1.909091,1.909091,1.909091,0.33,0.67,111.1,116.9,228.0,1,2025_NBA,,,,,,,,,,,,,,,,,,,,,,,,,away,-3.5,-110.0,0.07519475523737729,0.08271422248969264,0.5631972259244725,6.319722592447253,0.02067855562242316,spread,nba,0.4368027740755275,0.5631972259244725,2.2893627498507834,1.7755769275293,2.323703191098545,1.8022105814422393,+132,-124,0.5238094988662143,0.5238094988662143,0.5,0.5,-0.16610375523737708,-0.06319722592447252,0.0,-16.61037552373771,-6.319722592447253,0.07519475523737729,0.06319722592447252,0.08271422248969264,7.519475523737729,6.319722592447253,,,,,,,,,,,,,,,,,,,,
Basketball,NBA,2025_10_30,NBA_2025_10_30_Milwaukee_Bucks_Golden_State_Warriors,2026_04_17,08:10 PM,Milwaukee Bucks,Golden State Warriors,2.0,-2.0,231.0,113,-133,-115,-105,-110,-110,2.13,1.75188,1.869565,1.952381,1.909091,1.909091,0.291,0.709,110.7,117.4,228.1,1,2025_NBA,,,,,,,,,,,,,,,,,,,,,,,,,away,-2.0,-105.0,0.224999421398965,0.23624938065644424,0.627438712730233,13.827298406740002,0.05,spread,nba,0.372561287269767,0.627438712730233,2.684122140891983,1.593781160949738,2.7243839730053625,1.617687878363984,+172,-161,0.5348837831260214,0.5121951094586559,0.510834271337167,0.489165728662833,-0.30347245696549807,-0.13827298406739996,0.0,-30.347245696549805,-13.827298406739995,0.224999421398965,0.13827298406740002,0.23624938065644424,22.4999421398965,13.827298406740002,,,,,,,,,,,,,,,,,,,,
Basketball,NBA,2025_10_30,NBA_2025_10_30_Oklahoma_City_Thunder_Washington_Wizards,2026_04_17,08:10 PM,Oklahoma City Thunder,Washington Wizards,-14.5,14.5,230.0,-1100,709,-110,-110,-110,-110,1.090909,8.09,1.909091,1.909091,1.909091,1.909091,0.884,0.116,119.6,108.1,227.7,1,2025_NBA,,,,,,,,,,,,,,,,,,,,,,,,,away,14.5,-110.0,0.11145139478604937,0.12259652200500222,0.5821887981170355,8.21887981170355,0.030649130501250555,spread,nba,0.4178112018829645,0.5821887981170355,2.3934255364462818,1.7176558587768864,2.4293269194929756,1.7434206966585395,+142,-134,0.5238094988662143,0.5238094988662143,0.5,0.5,-0.2023603947860494,-0.0821887981170355,0.0,-20.23603947860494,-8.21887981170355,0.11145139478604937,0.0821887981170355,0.12259652200500222,11.145139478604937,8.21887981170355,,,,,,,,,,,,,,,,,,,,
Basketball,NBA,2025_10_30,NBA_2025_10_30_San_Antonio_Spurs_Miami_Heat,2026_04_17,08:40 PM,San Antonio Spurs,Miami Heat,-6.0,6.0,232.5,-220,186,-110,-110,-110,-110,1.454545,2.86,1.909091,1.909091,1.909091,1.909091,0.653,0.347,114.6,110.1,224.7,1,2025_NBA,,,,,,,,,,,,,,,,,,,,,,,,,away,6.0,-110.0,0.03342028526630725,0.03676231011670702,0.5413153617435247,4.131536174352468,0.009190577529176755,spread,nba,0.4586846382564753,0.5413153617435247,2.1801471350798676,1.8473519701696552,2.2128493421060655,1.8750622497221998,+121,-114,0.5238094988662143,0.5238094988662143,0.5,0.5,-0.12432928526630727,-0.04131536174352468,0.0,-12.432928526630727,-4.131536174352468,0.03342028526630725,0.04131536174352468,0.03676231011670702,3.342028526630725,4.131536174352468,,,,,,,,,,,,,,,,,,,,
Basketball,NBA,2025_10_31,NBA_2025_10_31_Chicago_Bulls_New_York_Knicks,2026_04_17,08:10 PM,Chicago Bulls,New York Knicks,3.5,-3.5,236.5,153,-175,-105,-115,-110,-110,2.53,1.571429,1.952381,1.869565,1.909091,1.909091,0.344,0.656,113.4,118.7,232.1,1,2025_NBA,,,,,,,,,,,,,,,,,,,,,,,,,away,-3.5,-115.0,0.02739959835371142,0.031509545984154695,0.549539383949588,3.8705112612421044,0.007877386496038674,spread,nba,0.450460616050412,0.549539383949588,2.2199499009877655,1.8197057921725497,2.2532491495025817,1.8470013790551378,+125,-118,0.5121951094586559,0.5348837831260214,0.489165728662833,0.510834271337167,-0.12052925197488062,-0.03870511261242099,0.0,-12.052925197488062,-3.8705112612420987,0.02739959835371142,0.038705112612421044,0.031509545984154695,2.739959835371142,3.8705112612421044,,,,,,,,,,,,,,,,,,,,
Basketball,NBA,2025_10_31,NBA_2025_10_31_Cleveland_Cavaliers_Toronto_Raptors,2026_04_17,07:40 PM,Cleveland Cavaliers,Toronto Raptors,-9.5,9.5,236.5,-295,241,-105,-115,-110,-110,1.338983,3.41,1.952381,1.869565,1.909091,1.909091,0.691,0.309,119.9,114.6,234.5,1,2025_NBA,,,,,,,,,,,,,,,,,,,,,,,,,away,9.5,-115.0,0.14843836986074233,0.17070416801589555,0.6142810599581947,10.344678862102775,0.04267604200397389,spread,nba,0.3857189400418053,0.6142810599581947,2.5925613087384747,1.6279193111831507,2.6314497283695517,1.6523381008508977,+163,-153,0.5121951094586559,0.5348837831260214,0.489165728662833,0.510834271337167,-0.2469296701222402,-0.10344678862102769,0.0,-24.69296701222402,-10.344678862102768,0.14843836986074233,0.10344678862102774,0.17070416801589555,14.843836986074233,10.344678862102775,,,,,,,,,,,,,,,,,,,,
Basketball,NBA,2025_10_31,NBA_2025_10_31_Los_Angeles_Clippers_New_Orleans_Pelicans,2026_04_17,10:40 PM,Los Angeles Clippers,New Orleans Pelicans,-10.5,10.5,227.0,-500,383,-110,-110,-110,-110,1.2,4.83,1.909091,1.909091,1.909091,1.909091,0.789,0.211,114.4,106.1,220.5,1,2025_NBA,,,,,,,,,,,,,,,,,,,,,,,,,away,10.5,-110.0,0.06999041473742307,0.0769894485122204,0.5604711429352623,6.047114293526235,0.0192473621280551,spread,nba,0.43952885706473765,0.5604711429352623,2.2751634708997304,1.78421317958114,2.309290922963226,1.8109763772748568,+130,-123,0.5238094988662143,0.5238094988662143,0.5,0.5,-0.16089941473742286,-0.060471142935262345,0.0,-16.089941473742286,-6.047114293526235,0.06999041473742307,0.060471142935262345,0.0769894485122204,6.999041473742307,6.047114293526235,,,,,,,,,,,,,,,,,,,,
Basketball,NBA,2025_10_31,NBA_2025_10_31_Memphis_Grizzlies_Los_Angeles_Lakers,2026_04_17,09:40 PM,Memphis Grizzlies,Los Angeles Lakers,-5.0,5.0,235.0,-140,120,-110,-110,-105,-115,1.714286,2.2,1.909091,1.909091,1.952381,1.869565,0.545,0.455,117.2,115.7,232.9,1,2025_NBA,,,,,,,,,,,,,,,,,,,,,,,,,away,5.0,-110.0,0.13713184334774708,0.15084501259802063,0.595640461008798,9.564046100879796,0.03771125314950516,spread,nba,0.404359538991202,0.595640461008798,2.473046641844544,1.678865129991949,2.510142341472212,1.704048106941828,+151,-142,0.5238094988662143,0.5238094988662143,0.5,0.5,-0.2280408433477471,-0.09564046100879797,0.0,-22.80408433477471,-9.564046100879796,0.13713184334774708,0.09564046100879797,0.15084501259802063,13.71318433477471,9.564046100879796,,,,,,,,,,,,,,,,,,,,
Basketball,NBA,2025_10_31,NBA_2025_10_31_Philadelphia_76ers_Boston_Celtics,2026_04_17,07:10 PM,Philadelphia 76ers,Boston Celtics,-3.5,3.5,234.5,-138,118,-110,-110,-110,-110,1.724638,2.18,1.909091,1.909091,1.909091,1.909091,0.477,0.523,115.0,116.5,231.5,1,2025_NBA,,,,,,,,,,,,,,,,,,,,,,,,,away,3.5,-110.0,0.21277601876182062,0.23405359723264293,0.6352635986245918,13.52635986245918,0.05,spread,nba,0.3647364013754082,0.6352635986245918,2.741706054643943,1.5741496949692984,2.782831645463602,1.5977619403938377,+178,-167,0.5238094988662143,0.5238094988662143,0.5,0.5,-0.3036850187618205,-0.1352635986245918,0.0,-30.36850187618205,-13.52635986245918,0.21277601876182062,0.1352635986245918,0.23405359723264293,21.27760187618206,13.52635986245918,,,,,,,,,,,,,,,,,,,,
Basketball,NBA,2025_10_31,NBA_2025_10_31_Portland_Trail_Blazers_Denver_Nuggets,2026_04_17,10:10 PM,Portland Trail Blazers,Denver Nuggets,5.5,-5.5,236.5,161,-185,-115,-105,-110,-110,2.61,1.540541,1.869565,1.952381,1.909091,1.909091,0.246,0.754,112.0,120.4,232.4,1,2025_NBA,,,,,,,,,,,,,,,,,,,,,,,,,away,-5.5,-105.0,0.13137813352701277,0.13794703330601177,0.5794863469409981,9.032061827816513,0.03448675832650294,spread,nba,0.4205136530590019,0.5794863469409981,2.378044072351893,1.7256661960697024,2.413714733437171,1.7515511890107478,+141,-133,0.5348837831260214,0.5121951094586559,0.510834271337167,0.489165728662833,-0.2138223922187471,-0.09032061827816507,0.0,-21.38223922187471,-9.032061827816506,0.13137813352701277,0.09032061827816512,0.13794703330601177,13.137813352701277,9.032061827816513,,,,,,,,,,,,,,,,,,,,
Basketball,NBA,2025_11_01,NBA_2025_11_01_Charlotte_Hornets_Minnesota_Timberwolves,2026_04_17,06:10 PM,Charlotte Hornets,Minnesota Timberwolves,3.0,-3.0,232.5,174,-200,105,-125,-110,-110,2.74,1.5,2.05,1.8,1.909091,1.909091,0.315,0.685,112.6,118.7,231.3,1,2025_NBA,,,,,,,,,,,,,,,,,,,,,,,,,away,-3.0,-125.0,0.05279727257713174,0.0659965907214146,0.584887373653962,5.24198411864295,0.01649914768035365,spread,nba,0.41511262634603796,0.584887373653962,2.408984782762064,1.709730873061438,2.4451195545034947,1.7353768361573594,+144,-135,0.48780487804878053,0.5555555555555556,0.4675324675324676,0.5324675324675325,-0.14901911599062223,-0.05241984118642962,0.0,-14.901911599062224,-5.241984118642962,0.05279727257713174,0.052419841186429506,0.0659965907214146,5.279727257713174,5.24198411864295,,,,,,,,,,,,,,,,,,,,
Basketball,NBA,2025_11_01,NBA_2025_11_01_Detroit_Pistons_Dallas_Mavericks,2026_04_17,10:10 PM,Detroit Pistons,Dallas Mavericks,-8.0,8.0,225.5,-310,252,-110,-110,-110,-110,1.322581,3.52,1.909091,1.909091,1.909091,1.909091,0.71,0.29,116.6,110.8,227.4,1,2025_NBA,,,,,,,,,,,,,,,,,,,,,,,,,away,8.0,-110.0,0.06999041473742373,0.07698944851222136,0.5604711429352628,6.047114293526279,0.01924736212805534,spread,nba,0.4395288570647372,0.5604711429352628,2.2751634708997326,1.7842131795811385,2.3092909229632284,1.8109763772748553,+130,-123,0.5238094988662143,0.5238094988662143,0.5,0.5,-0.16089941473742375,-0.06047114293526279,0.0,-16.089941473742375,-6.047114293526279,0.06999041473742373,0.06047114293526279,0.07698944851222136,6.999041473742373,6.047114293526279,,,,,,,,,,,,,,,,,,,,
Basketball,NBA,2025_11_01,NBA_2025_11_01_Milwaukee_Bucks_Sacramento_Kings,2026_04_17,05:10 PM,Milwaukee Bucks,Sacramento Kings,-6.0,6.0,233.0,-230,192,-110,-110,-110,-110,1.434783,2.92,1.909091,1.909091,1.909091,1.909091,0.648,0.352,116.7,112.2,228.9,1,2025_NBA,,,,,,,,,,,,,,,,,,,,,,,,,away,6.0,-110.0,0.03342028526630725,0.03676231011670702,0.5413153617435247,4.131536174352468,0.009190577529176755,spread,nba,0.4586846382564753,0.5413153617435247,2.1801471350798676,1.8473519701696552,2.2128493421060655,1.8750622497221998,+121,-114,0.5238094988662143,0.5238094988662143,0.5,0.5,-0.12432928526630727,-0.04131536174352468,0.0,-12.432928526630727,-4.131536174352468,0.03342028526630725,0.04131536174352468,0.03676231011670702,3.342028526630725,4.131536174352468,,,,,,,,,,,,,,,,,,,,
Basketball,NBA,2025_11_02,NBA_2025_11_02_Brooklyn_Nets_Philadelphia_76ers,2026_04_17,07:10 PM,Brooklyn Nets,Philadelphia 76ers,7.5,-7.5,235.0,186,-220,-110,-110,-110,-110,2.86,1.454545,1.909091,1.909091,1.909091,1.909091,0.357,0.643,112.6,117.6,230.2,1,2025_NBA,,,,,,,,,,,,,,,,,,,,,,,,,home,7.5,-110.0,0.08558602485182543,0.09414461792254616,0.5686402716538004,6.864027165380038,0.02353615448063654,spread,nba,0.5686402716538004,0.4313597283461996,1.758581039453393,2.3182507181046406,1.7849597550451937,2.35302447887621,-127,+135,0.5238094988662143,0.5238094988662143,0.5,0.5,0.08558602485182543,0.06864027165380038,0.09414461792254616,8.558602485182544,6.864027165380038,-0.17649502485182533,-0.06864027165380038,0.0,-17.649502485182534,-6.864027165380038,,,,,,,,,,,,,,,,,,,,
Basketball,NBA,2025_11_02,NBA_2025_11_02_Charlotte_Hornets_Utah_Jazz,2026_04_17,07:10 PM,Charlotte Hornets,Utah Jazz,-3.5,3.5,238.5,-155,135,-110,-110,-110,-110,1.645161,2.35,1.909091,1.909091,1.909091,1.909091,0.53,0.47,119.9,119.1,239.0,1,2025_NBA,,,,,,,,,,,,,,,,,,,,,,,,,away,3.5,-110.0,0.0959524694263445,0.10554770581420848,0.5740703137914036,7.407031379140361,0.02638692645355212,spread,nba,0.4259296862085964,0.5740703137914036,2.3478053593809762,1.7419468939189282,2.3830224397716906,1.7680760973277119,+138,-130,0.5238094988662143,0.5238094988662143,0.5,0.5,-0.18686146942634452,-0.07407031379140361,0.0,-18.68614694263445,-7.407031379140361,0.0959524694263445,0.07407031379140361,0.10554770581420848,9.59524694263445,7.407031379140361,,,,,,,,,,,,,,,,,,,,
Basketball,NBA,2025_11_02,NBA_2025_11_02_Los_Angeles_Lakers_Miami_Heat,2026_04_17,10:40 PM,Los Angeles Lakers,Miami Heat,-5.5,5.5,236.0,-200,174,-110,-110,-110,-110,1.5,2.74,1.909091,1.909091,1.909091,1.909091,0.613,0.387,114.9,111.5,226.4,1,2025_NBA,,,,,,,,,,,,,,,,,,,,,,,,,away,5.5,-110.0,0.06478059408351822,0.07125864636600528,0.5577421893893576,5.7742189389357605,0.01781466159150132,spread,nba,0.4422578106106424,0.5577421893893576,2.2611245658256696,1.792943081990708,2.2950414343130543,1.8198372282205684,+129,-121,0.5238094988662143,0.5238094988662143,0.5,0.5,-0.155689594083518,-0.0577421893893576,0.0,-15.568959408351802,-5.7742189389357605,0.06478059408351822,0.0577421893893576,0.07125864636600528,6.478059408351822,5.7742189389357605,,,,,,,,,,,,,,,,,,,,
Basketball,NBA,2025_11_02,NBA_2025_11_02_Oklahoma_City_Thunder_New_Orleans_Pelicans,2026_04_17,04:40 PM,Oklahoma City Thunder,New Orleans Pelicans,-11.5,11.5,229.5,-650,476,-110,-110,-110,-110,1.153846,5.76,1.909091,1.909091,1.909091,1.909091,0.829,0.171,118.3,108.6,226.9,1,2025_NBA,,,,,,,,,,,,,,,,,,,,,,,,,away,11.5,-110.0,0.04912069204370306,0.05403275584479766,0.549539383949588,4.953938394958801,0.013508188961199414,spread,nba,0.450460616050412,0.549539383949588,2.2199499009877655,1.8197057921725497,2.2532491495025817,1.8470013790551378,+125,-118,0.5238094988662143,0.5238094988662143,0.5,0.5,-0.14002969204370286,-0.04953938394958801,0.0,-14.002969204370286,-4.953938394958801,0.04912069204370306,0.04953938394958801,0.05403275584479766,4.912069204370306,4.953938394958801,,,,,,,,,,,,,,,,,,,,
Basketball,NBA,2025_11_02,NBA_2025_11_02_Phoenix_Suns_San_Antonio_Spurs,2026_04_17,09:10 PM,Phoenix Suns,San Antonio Spurs,6.5,-6.5,228.0,211,-255,-110,-110,-110,-110,3.11,1.392157,1.909091,1.909091,1.909091,1.909091,0.368,0.632,112.1,116.8,228.9,1,2025_NBA,,,,,,,,,,,,,,,,,,,,,,,,,home,6.5,-110.0,0.049120692043703285,0.0540327558447979,0.5495393839495881,4.953938394958812,0.013508188961199475,spread,nba,0.5495393839495881,0.4504606160504119,1.8197057921725492,2.2199499009877663,1.8470013790551374,2.2532491495025826,-118,+125,0.5238094988662143,0.5238094988662143,0.5,0.5,0.049120692043703285,0.04953938394958812,0.0540327558447979,4.9120692043703285,4.953938394958812,-0.14002969204370308,-0.04953938394958812,0.0,-14.002969204370308,-4.953938394958812,,,,,,,,,,,,,,,,,,,,
Basketball,NBA,2025_11_02,NBA_2025_11_02_Toronto_Raptors_Memphis_Grizzlies,2026_04_17,07:10 PM,Toronto Raptors,Memphis Grizzlies,-4.5,4.5,242.0,-220,186,-110,-110,-110,-110,1.454545,2.86,1.909091,1.909091,1.909091,1.909091,0.597,0.403,121.5,118.5,240.0,1,2025_NBA,,,,,,,,,,,,,,,,,,,,,,,,,away,4.5,-110.0,0.03342028526630725,0.03676231011670702,0.5413153617435247,4.131536174352468,0.009190577529176755,spread,nba,0.4586846382564753,0.5413153617435247,2.1801471350798676,1.8473519701696552,2.2128493421060655,1.8750622497221998,+121,-114,0.5238094988662143,0.5238094988662143,0.5,0.5,-0.12432928526630727,-0.04131536174352468,0.0,-12.432928526630727,-4.131536174352468,0.03342028526630725,0.04131536174352468,0.03676231011670702,3.342028526630725,4.131536174352468,,,,,,,,,,,,,,,,,,,,
Basketball,NBA,2025_11_03,NBA_2025_11_03_Boston_Celtics_Utah_Jazz,2026_04_17,08:40 PM,Boston Celtics,Utah Jazz,-8.5,8.5,232.5,-415,327,-110,-110,-110,-110,1.240964,4.27,1.909091,1.909091,1.909091,1.909091,0.835,0.165,121.6,111.8,233.4,1,2025_NBA,,,,,,,,,,,,,,,,,,,,,,,,,home,-8.5,-110.0,0.022934137105209196,0.025227548292975282,0.535822617730223,3.5822617730222994,0.0063068870732438205,spread,nba,0.535822617730223,0.464177382269777,1.8662892660934332,2.15434882912672,1.8942836050848344,2.1866640615636204,-111,+118,0.5238094988662143,0.5238094988662143,0.5,0.5,0.022934137105209196,0.035822617730222994,0.025227548292975282,2.2934137105209196,3.5822617730222994,-0.1138431371052091,-0.035822617730222994,0.0,-11.38431371052091,-3.5822617730222994,,,,,,,,,,,,,,,,,,,,
Basketball,NBA,2025_11_03,NBA_2025_11_03_Brooklyn_Nets_Minnesota_Timberwolves,2026_04_17,08:10 PM,Brooklyn Nets,Minnesota Timberwolves,9.0,-9.0,230.0,306,-385,-110,-110,-110,-110,4.06,1.25974,1.909091,1.909091,1.909091,1.909091,0.161,0.839,106.6,117.5,224.1,1,2025_NBA,,,,,,,,,,,,,,,,,,,,,,,,,away,-9.0,-110.0,0.05434548791963967,0.05978003073360055,0.5522761816590407,5.227618165904069,0.014945007683400138,spread,nba,0.4477238183409593,0.5522761816590407,2.23351977052617,1.8106882628832452,2.2670225670840622,1.8378485868264938,+126,-119,0.5238094988662143,0.5238094988662143,0.5,0.5,-0.14525448791963957,-0.05227618165904069,0.0,-14.525448791963957,-5.227618165904069,0.05434548791963967,0.05227618165904069,0.05978003073360055,5.434548791963967,5.227618165904069,,,,,,,,,,,,,,,,,,,,
Basketball,NBA,2025_11_03,NBA_2025_11_03_Houston_Rockets_Dallas_Mavericks,2026_04_17,09:10 PM,Houston Rockets,Dallas Mavericks,-12.0,12.0,229.0,-675,491,-110,-110,-110,-110,1.148148,5.91,1.909091,1.909091,1.909091,1.909091,0.804,0.196,116.9,108.2,225.1,1,2025_NBA,,,,,,,,,,,,,,,,,,,,,,,,,away,12.0,-110.0,0.12688373589535984,0.13957209552768612,0.5902724049798358,9.02724049798358,0.03489302388192153,spread,nba,0.4097275950201642,0.5902724049798358,2.440645961253321,1.6941330673151844,2.4772556506721206,1.719545063324912,+147,-138,0.5238094988662143,0.5238094988662143,0.5,0.5,-0.21779273589535963,-0.0902724049798358,0.0,-21.779273589535965,-9.02724049798358,0.12688373589535984,0.0902724049798358,0.13957209552768612,12.688373589535985,9.02724049798358,,,,,,,,,,,,,,,,,,,,
Basketball,NBA,2025_11_03,NBA_2025_11_03_Memphis_Grizzlies_Detroit_Pistons,2026_04_17,09:10 PM,Memphis Grizzlies,Detroit Pistons,3.0,-3.0,238.0,145,-165,-110,-110,-110,-110,2.45,1.606061,1.909091,1.909091,1.909091,1.909091,0.353,0.647,115.6,120.7,236.3,1,2025_NBA,,,,,,,,,,,,,,,,,,,,,,,,,away,-3.0,-110.0,0.06478059408351888,0.07125864636600625,0.557742189389358,5.774218938935805,0.017814661591501562,spread,nba,0.44225781061064195,0.557742189389358,2.261124565825672,1.7929430819907066,2.2950414343130565,1.819837228220567,+129,-121,0.5238094988662143,0.5238094988662143,0.5,0.5,-0.1556895940835189,-0.057742189389358045,0.0,-15.56895940835189,-5.774218938935805,0.06478059408351888,0.057742189389358045,0.07125864636600625,6.478059408351888,5.774218938935805,,,,,,,,,,,,,,,,,,,,
Basketball,NBA,2025_11_03,NBA_2025_11_03_New_York_Knicks_Washington_Wizards,2026_04_17,08:40 PM,New York Knicks,Washington Wizards,-11.5,11.5,236.0,-620,458,-110,-110,-110,-110,1.16129,5.58,1.909091,1.909091,1.909091,1.909091,0.818,0.182,120.5,111.3,231.8,1,2025_NBA,,,,,,,,,,,,,,,,,,,,,,,,,away,11.5,-110.0,0.07519475523737662,0.08271422248969203,0.5631972259244722,6.319722592447219,0.020678555622423007,spread,nba,0.4368027740755278,0.5631972259244722,2.2893627498507816,1.7755769275293012,2.3237031910985433,1.8022105814422404,+132,-124,0.5238094988662143,0.5238094988662143,0.5,0.5,-0.16610375523737653,-0.06319722592447219,0.0,-16.610375523737652,-6.319722592447219,0.07519475523737662,0.06319722592447219,0.08271422248969203,7.519475523737662,6.319722592447219,,,,,,,,,,,,,,,,,,,,
Basketball,NBA,2025_11_03,NBA_2025_11_03_Portland_Trail_Blazers_Los_Angeles_Lakers,2026_04_17,11:10 PM,Portland Trail Blazers,Los Angeles Lakers,-9.5,9.5,231.5,-165,145,-115,-105,-110,-110,1.606061,2.45,1.869565,1.952381,1.909091,1.909091,0.711,0.289,116.5,110.5,227.0,1,2025_NBA,,,,,,,,,,,,,,,,,,,,,,,,,away,9.5,-105.0,0.16291711890481797,0.17106296629691056,0.595640461008798,10.6474732345965,0.04276574157422764,spread,nba,0.404359538991202,0.595640461008798,2.473046641844544,1.678865129991949,2.510142341472212,1.704048106941828,+151,-142,0.5348837831260214,0.5121951094586559,0.510834271337167,0.489165728662833,-0.2440235584859134,-0.10647473234596494,0.0,-24.40235584859134,-10.647473234596493,0.16291711890481797,0.106474732345965,0.17106296629691056,16.291711890481796,10.6474732345965,,,,,,,,,,,,,,,,,,,,
Basketball,NBA,2025_11_04,NBA_2025_11_04_Golden_State_Warriors_Phoenix_Suns,2026_04_17,11:10 PM,Golden State Warriors,Phoenix Suns,-10.0,10.0,231.5,-450,350,-110,-110,-110,-110,1.222222,4.5,1.909091,1.909091,1.909091,1.909091,0.8,0.2,119.4,110.8,230.2,1,2025_NBA,,,,,,,,,,,,,,,,,,,,,,,,,away,10.0,-110.0,0.028178966924280013,0.03099686051702202,0.5385699094093891,3.856990940938909,0.007749215129255505,spread,nba,0.4614300905906109,0.5385699094093891,2.1671755275431703,1.8567691631651462,2.199683160456318,1.8846207006126232,+119,-113,0.5238094988662143,0.5238094988662143,0.5,0.5,-0.11908796692428003,-0.03856990940938909,0.0,-11.908796692428004,-3.856990940938909,0.028178966924280013,0.03856990940938909,0.03099686051702202,2.8178966924280013,3.856990940938909,,,,,,,,,,,,,,,,,,,,
Basketball,NBA,2025_11_04,NBA_2025_11_04_Toronto_Raptors_Milwaukee_Bucks,2026_04_17,08:40 PM,Toronto Raptors,Milwaukee Bucks,-4.0,4.0,237.5,-175,153,-115,-105,-110,-110,1.571429,2.53,1.869565,1.952381,1.909091,1.909091,0.588,0.412,118.5,115.7,234.2,1,2025_NBA,,,,,,,,,,,,,,,,,,,,,,,,,away,4.0,-105.0,0.04076280140167854,0.042800939331715616,0.5330736169844301,4.390788832159714,0.010700234832928904,spread,nba,0.4669263830155699,0.5330736169844301,2.1416652311262836,1.8759135101394593,2.173790209593178,1.904052212791551,+117,-110,0.5348837831260214,0.5121951094586559,0.510834271337167,0.489165728662833,-0.1270507767374961,-0.04390788832159709,0.0,-12.70507767374961,-4.390788832159709,0.04076280140167854,0.043907888321597144,0.042800939331715616,4.076280140167854,4.390788832159714,,,,,,,,,,,,,,,,,,,,
Basketball,NBA,2025_11_05,NBA_2025_11_05_Boston_Celtics_Washington_Wizards,2026_04_17,08:40 PM,Boston Celtics,Washington Wizards,-12.0,12.0,230.5,-580,434,-110,-110,-110,-110,1.172414,5.34,1.909091,1.909091,1.909091,1.909091,0.805,0.195,120.6,111.8,232.4,1,2025_NBA,,,,,,,,,,,,,,,,,,,,,,,,,away,12.0,-110.0,0.12174741289468827,0.13392214079194312,0.5875819502028391,8.75819502028391,0.03348053519798578,spread,nba,0.4124180497971609,0.5875819502028391,2.4247241372966797,1.701890263400348,2.4610949993561295,1.727418617351353,+146,-137,0.5238094988662143,0.5238094988662143,0.5,0.5,-0.21265641289468828,-0.0875819502028391,0.0,-21.265641289468828,-8.75819502028391,0.12174741289468827,0.0875819502028391,0.13392214079194312,12.174741289468827,8.75819502028391,,,,,,,,,,,,,,,,,,,,
Basketball,NBA,2025_11_05,NBA_2025_11_05_Dallas_Mavericks_New_Orleans_Pelicans,2026_04_17,09:40 PM,Dallas Mavericks,New Orleans Pelicans,-7.5,7.5,227.5,-290,237,-110,-110,-110,-110,1.344828,3.37,1.909091,1.909091,1.909091,1.909091,0.658,0.342,116.0,111.4,227.4,1,2025_NBA,,,,,,,,,,,,,,,,,,,,,,,,,away,7.5,-110.0,0.10629216956793708,0.1169213748325933,0.5794863469409981,7.94863469409981,0.029230343708148324,spread,nba,0.4205136530590019,0.5794863469409981,2.378044072351893,1.7256661960697024,2.413714733437171,1.7515511890107478,+141,-133,0.5238094988662143,0.5238094988662143,0.5,0.5,-0.19720116956793698,-0.0794863469409981,0.0,-19.7201169567937,-7.94863469409981,0.10629216956793708,0.0794863469409981,0.1169213748325933,10.629216956793709,7.94863469409981,,,,,,,,,,,,,,,,,,,,
Basketball,NBA,2025_11_05,NBA_2025_11_05_Indiana_Pacers_Brooklyn_Nets,2026_04_17,08:10 PM,Indiana Pacers,Brooklyn Nets,-6.5,6.5,232.5,-255,211,-110,-110,-110,-110,1.392157,3.11,1.909091,1.909091,1.909091,1.909091,0.639,0.361,115.9,111.8,227.7,1,2025_NBA,,,,,,,,,,,,,,,,,,,,,,,,,away,6.5,-110.0,0.0803933726488768,0.08843270107049436,0.5659203111055873,6.592031110558727,0.02210817526762359,spread,nba,0.43407968889441273,0.5659203111055873,2.303724467152491,1.7670332383836702,2.3382803341597778,1.7935387369594251,+133,-126,0.5238094988662143,0.5238094988662143,0.5,0.5,-0.1713023726488767,-0.06592031110558727,0.0,-17.130237264887672,-6.592031110558727,0.0803933726488768,0.06592031110558727,0.08843270107049436,8.039337264887681,6.592031110558727,,,,,,,,,,,,,,,,,,,,
Basketball,NBA,2025_11_05,NBA_2025_11_05_Los_Angeles_Lakers_San_Antonio_Spurs,2026_04_17,11:10 PM,Los Angeles Lakers,San Antonio Spurs,-3.5,3.5,230.5,-133,113,-110,-110,-110,-110,1.75188,2.13,1.909091,1.909091,1.909091,1.909091,0.483,0.517,113.7,114.9,228.6,1,2025_NBA,,,,,,,,,,,,,,,,,,,,,,,,,away,3.5,-110.0,0.19783759952487334,0.21762133771522688,0.627438712730233,12.743871273023299,0.05,spread,nba,0.372561287269767,0.627438712730233,2.684122140891983,1.593781160949738,2.7243839730053625,1.617687878363984,+172,-161,0.5238094988662143,0.5238094988662143,0.5,0.5,-0.28874659952487325,-0.127438712730233,0.0,-28.874659952487324,-12.743871273023299,0.19783759952487334,0.127438712730233,0.21762133771522688,19.783759952487333,12.743871273023299,,,,,,,,,,,,,,,,,,,,
Basketball,NBA,2025_11_05,NBA_2025_11_05_New_York_Knicks_Minnesota_Timberwolves,2026_04_17,08:40 PM,New York Knicks,Minnesota Timberwolves,-4.5,4.5,229.5,-200,174,-110,-110,-110,-110,1.5,2.74,1.909091,1.909091,1.909091,1.909091,0.552,0.448,112.7,111.0,223.7,1,2025_NBA,,,,,,,,,,,,,,,,,,,,,,,,,away,4.5,-110.0,0.10112578193301935,0.11123834900248637,0.5767801440230033,7.678014402300326,0.027809587250621593,spread,nba,0.42321985597699674,0.5767801440230033,2.3628380991045774,1.7337628737096709,2.398280670591146,1.7597693168153157,+139,-131,0.5238094988662143,0.5238094988662143,0.5,0.5,-0.19203478193301926,-0.07678014402300326,0.0,-19.203478193301926,-7.678014402300326,0.10112578193301935,0.07678014402300326,0.11123834900248637,10.112578193301935,7.678014402300326,,,,,,,,,,,,,,,,,,,,
Basketball,NBA,2025_11_05,NBA_2025_11_05_Sacramento_Kings_Golden_State_Warriors,2026_04_17,11:10 PM,Sacramento Kings,Golden State Warriors,-3.0,3.0,227.5,-145,125,-110,-110,-110,-110,1.689655,2.25,1.909091,1.909091,1.909091,1.909091,0.512,0.488,113.9,113.6,227.5,1,2025_NBA,,,,,,,,,,,,,,,,,,,,,,,,,away,3.0,-110.0,0.0959524694263445,0.10554770581420848,0.5740703137914036,7.407031379140361,0.02638692645355212,spread,nba,0.4259296862085964,0.5740703137914036,2.3478053593809762,1.7419468939189282,2.3830224397716906,1.7680760973277119,+138,-130,0.5238094988662143,0.5238094988662143,0.5,0.5,-0.18686146942634452,-0.07407031379140361,0.0,-18.68614694263445,-7.407031379140361,0.0959524694263445,0.07407031379140361,0.10554770581420848,9.59524694263445,7.407031379140361,,,,,,,,,,,,,,,,,,,,
Basketball,NBA,2025_11_06,NBA_2025_11_06_Phoenix_Suns_Los_Angeles_Clippers,2026_04_17,10:10 PM,Phoenix Suns,Los Angeles Clippers,5.5,-5.5,227.0,-145,125,-110,-110,-110,-110,1.689655,2.25,1.909091,1.909091,1.909091,1.909091,0.507,0.493,111.8,111.9,223.7,1,2025_NBA,,,,,,,,,,,,,,,,,,,,,,,,,home,5.5,-110.0,0.23252679901455164,0.25577945333806157,0.6456092449309916,14.560924493099158,0.05,spread,nba,0.6456092449309916,0.3543907550690084,1.5489245357799808,2.8217440373275986,1.5721584038166803,2.8640701978875125,-174,+186,0.5238094988662143,0.5238094988662143,0.5,0.5,0.23252679901455164,0.1456092449309916,0.25577945333806157,23.252679901455164,14.560924493099158,-0.32343579901455166,-0.1456092449309916,0.0,-32.343579901455165,-14.560924493099158,,,,,,,,,,,,,,,,,,,,
Basketball,NBA,2025_11_07,NBA_2025_11_07_Atlanta_Hawks_Toronto_Raptors,2026_04_17,08:40 PM,Atlanta Hawks,Toronto Raptors,-2.5,2.5,234.5,-115,-105,-110,-110,-110,-110,1.869565,1.952381,1.909091,1.909091,1.909091,1.909091,0.484,0.516,115.9,117.1,233.0,1,2025_NBA,,,,,,,,,,,,,,,,,,,,,,,,,away,2.5,-110.0,0.14734569095533634,0.1620802438428457,0.6009905714056252,10.099057140562518,0.040520060960711424,spread,nba,0.3990094285943748,0.6009905714056252,2.5062064410928504,1.6639196146807307,2.543799537709243,1.6888784089009414,+154,-145,0.5238094988662143,0.5238094988662143,0.5,0.5,-0.23825469095533636,-0.10099057140562517,0.0,-23.825469095533634,-10.099057140562518,0.14734569095533634,0.10099057140562517,0.1620802438428457,14.734569095533633,10.099057140562518,,,,,,,,,,,,,,,,,,,,
Basketball,NBA,2025_11_07,NBA_2025_11_07_Denver_Nuggets_Golden_State_Warriors,2026_04_17,11:10 PM,Denver Nuggets,Golden State Warriors,-5.0,5.0,236.0,-425,334,-110,-110,-110,-110,1.235294,4.34,1.909091,1.909091,1.909091,1.909091,0.757,0.243,120.6,113.0,233.6,1,2025_NBA,,,,,,,,,,,,,,,,,,,,,,,,,home,-5.0,-110.0,0.09077247057433513,0.09984970764679786,0.571356981188605,7.135698118860501,0.024962426911699465,spread,nba,0.571356981188605,0.428643018811395,1.7502192725810064,2.332943629346743,1.7764725616697212,2.3679377837869438,-128,+136,0.5238094988662143,0.5238094988662143,0.5,0.5,0.09077247057433513,0.071356981188605,0.09984970764679786,9.077247057433514,7.135698118860501,-0.18168147057433504,-0.071356981188605,0.0,-18.168147057433504,-7.135698118860501,,,,,,,,,,,,,,,,,,,,
Basketball,NBA,2025_11_07,NBA_2025_11_07_Miami_Heat_Charlotte_Hornets,2026_04_17,09:10 PM,Miami Heat,Charlotte Hornets,-5.0,5.0,238.5,-180,157,-110,-110,-110,-110,1.555556,2.57,1.909091,1.909091,1.909091,1.909091,0.601,0.399,119.6,116.5,236.1,1,2025_NBA,,,,,,,,,,,,,,,,,,,,,,,,,away,5.0,-110.0,0.05434548791963967,0.05978003073360055,0.5522761816590407,5.227618165904069,0.014945007683400138,spread,nba,0.4477238183409593,0.5522761816590407,2.23351977052617,1.8106882628832452,2.2670225670840622,1.8378485868264938,+126,-119,0.5238094988662143,0.5238094988662143,0.5,0.5,-0.14525448791963957,-0.05227618165904069,0.0,-14.525448791963957,-5.227618165904069,0.05434548791963967,0.05227618165904069,0.05978003073360055,5.434548791963967,5.227618165904069,,,,,,,,,,,,,,,,,,,,
Basketball,NBA,2025_11_07,NBA_2025_11_07_Minnesota_Timberwolves_Utah_Jazz,2026_04_17,09:10 PM,Minnesota Timberwolves,Utah Jazz,-14.0,14.0,230.5,-535,406,-110,-110,-110,-110,1.186916,5.06,1.909091,1.909091,1.909091,1.909091,0.846,0.154,120.4,110.1,230.5,1,2025_NBA,,,,,,,,,,,,,,,,,,,,,,,,,away,14.0,-110.0,0.14734569095533634,0.1620802438428457,0.6009905714056252,10.099057140562518,0.040520060960711424,spread,nba,0.3990094285943748,0.6009905714056252,2.5062064410928504,1.6639196146807307,2.543799537709243,1.6888784089009414,+154,-145,0.5238094988662143,0.5238094988662143,0.5,0.5,-0.23825469095533636,-0.10099057140562517,0.0,-23.825469095533634,-10.099057140562518,0.14734569095533634,0.10099057140562517,0.1620802438428457,14.734569095533633,10.099057140562518,,,,,,,,,,,,,,,,,,,,
Basketball,NBA,2025_11_07,NBA_2025_11_07_Orlando_Magic_Boston_Celtics,2026_04_17,08:10 PM,Orlando Magic,Boston Celtics,-4.0,4.0,224.5,-150,130,-110,-110,-110,-110,1.666667,2.3,1.909091,1.909091,1.909091,1.909091,0.578,0.422,115.7,113.1,228.8,1,2025_NBA,,,,,,,,,,,,,,,,,,,,,,,,,away,4.0,-110.0,0.028178966924280013,0.03099686051702202,0.5385699094093891,3.856990940938909,0.007749215129255505,spread,nba,0.4614300905906109,0.5385699094093891,2.1671755275431703,1.8567691631651462,2.199683160456318,1.8846207006126232,+119,-113,0.5238094988662143,0.5238094988662143,0.5,0.5,-0.11908796692428003,-0.03856990940938909,0.0,-11.908796692428004,-3.856990940938909,0.028178966924280013,0.03856990940938909,0.03099686051702202,2.8178966924280013,3.856990940938909,,,,,,,,,,,,,,,,,,,,
Basketball,NBA,2025_11_07,NBA_2025_11_07_San_Antonio_Spurs_Houston_Rockets,2026_04_17,08:40 PM,San Antonio Spurs,Houston Rockets,2.0,-2.0,225.0,125,-145,-110,-110,-110,-110,2.25,1.689655,1.909091,1.909091,1.909091,1.909091,0.422,0.578,111.0,114.3,225.3,1,2025_NBA,,,,,,,,,,,,,,,,,,,,,,,,,away,-2.0,-110.0,0.022934137105209196,0.025227548292975282,0.535822617730223,3.5822617730222994,0.0063068870732438205,spread,nba,0.464177382269777,0.535822617730223,2.15434882912672,1.8662892660934332,2.1866640615636204,1.8942836050848344,+118,-111,0.5238094988662143,0.5238094988662143,0.5,0.5,-0.1138431371052091,-0.035822617730222994,0.0,-11.38431371052091,-3.5822617730222994,0.022934137105209196,0.035822617730222994,0.025227548292975282,2.2934137105209196,3.5822617730222994,,,,,,,,,,,,,,,,,,,,
Basketball,NBA,2025_11_07,NBA_2025_11_07_Washington_Wizards_Cleveland_Cavaliers,2026_04_17,08:10 PM,Washington Wizards,Cleveland Cavaliers,12.5,-12.5,237.0,546,-775,-110,-110,-110,-110,6.46,1.129032,1.909091,1.909091,1.909091,1.909091,0.158,0.842,113.3,124.1,237.4,1,2025_NBA,,,,,,,,,,,,,,,,,,,,,,,,,home,12.5,-110.0,0.04389139521298513,0.04828052990623077,0.5468002285972671,4.680022859726707,0.012070132476557692,spread,nba,0.5468002285972671,0.45319977140273293,1.8288214739144277,2.206532445735408,1.856253796023144,2.2396304324214387,-116,+123,0.5238094988662143,0.5238094988662143,0.5,0.5,0.04389139521298513,0.04680022859726707,0.04828052990623077,4.389139521298513,4.680022859726707,-0.13480039521298515,-0.04680022859726707,0.0,-13.480039521298515,-4.680022859726707,,,,,,,,,,,,,,,,,,,,
Basketball,NBA,2025_11_08,NBA_2025_11_08_Atlanta_Hawks_Los_Angeles_Lakers,2026_04_17,09:10 PM,Atlanta Hawks,Los Angeles Lakers,2.0,-2.0,231.0,130,-150,-110,-110,-110,-110,2.3,1.666667,1.909091,1.909091,1.909091,1.909091,0.318,0.682,111.3,117.2,228.5,1,2025_NBA,,,,,,,,,,,,,,,,,,,,,,,,,away,-2.0,-110.0,0.15752344554087228,0.17327577276738232,0.6063217759346581,10.632177593465808,0.04331894319184558,spread,nba,0.3936782240653419,0.6063217759346581,2.5401455779632403,1.649289271292423,2.5782477616326887,1.6740286103618092,+157,-148,0.5238094988662143,0.5238094988662143,0.5,0.5,-0.2484324455408723,-0.10632177593465808,0.0,-24.843244554087228,-10.632177593465808,0.15752344554087228,0.10632177593465808,0.17327577276738232,15.752344554087227,10.632177593465808,,,,,,,,,,,,,,,,,,,,
Basketball,NBA,2025_11_08,NBA_2025_11_08_Denver_Nuggets_Indiana_Pacers,2026_04_17,10:10 PM,Denver Nuggets,Indiana Pacers,-12.5,12.5,235.0,-575,431,-110,-110,-110,-110,1.173913,5.31,1.909091,1.909091,1.909091,1.909091,0.773,0.227,120.9,113.0,233.9,1,2025_NBA,,,,,,,,,,,,,,,,,,,,,,,,,away,12.5,-110.0,0.1928353742467923,0.2121188904595826,0.6248184996141055,12.481849961410552,0.05,spread,nba,0.3751815003858945,0.6248184996141055,2.6653766216389823,1.6004647759591153,2.705357270963567,1.6244717475985018,+170,-160,0.5238094988662143,0.5238094988662143,0.5,0.5,-0.28374437424679233,-0.12481849961410552,0.0,-28.374437424679233,-12.481849961410552,0.1928353742467923,0.12481849961410552,0.2121188904595826,19.28353742467923,12.481849961410552,,,,,,,,,,,,,,,,,,,,
Basketball,NBA,2025_11_08,NBA_2025_11_08_Philadelphia_76ers_Toronto_Raptors,2026_04_17,08:40 PM,Philadelphia 76ers,Toronto Raptors,-5.5,5.5,237.5,-190,165,-110,-110,-110,-110,1.526316,2.65,1.909091,1.909091,1.909091,1.909091,0.56,0.44,118.1,116.2,234.3,1,2025_NBA,,,,,,,,,,,,,,,,,,,,,,,,,away,5.5,-110.0,0.14224316466924192,0.15646746548941953,0.5983178196687543,9.83178196687543,0.03911686637235488,spread,nba,0.4016821803312457,0.5983178196687543,2.4895304023079983,1.6713525272465197,2.526873358342618,1.6964228151552174,+152,-143,0.5238094988662143,0.5238094988662143,0.5,0.5,-0.23315216466924182,-0.0983178196687543,0.0,-23.315216466924184,-9.83178196687543,0.14224316466924192,0.0983178196687543,0.15646746548941953,14.224316466924192,9.83178196687543,,,,,,,,,,,,,,,,,,,,
Basketball,NBA,2025_11_08,NBA_2025_11_08_San_Antonio_Spurs_New_Orleans_Pelicans,2026_04_17,09:10 PM,San Antonio Spurs,New Orleans Pelicans,-12.0,12.0,230.0,-550,415,-110,-110,-110,-110,1.181818,5.15,1.909091,1.909091,1.909091,1.909091,0.734,0.266,117.3,110.4,227.7,1,2025_NBA,,,,,,,,,,,,,,,,,,,,,,,,,away,12.0,-110.0,0.2177320349844163,0.23950521453233656,0.6378596069985225,13.78596069985225,0.05,spread,nba,0.3621403930014775,0.6378596069985225,2.7613600120987334,1.567743103698862,2.8027804122802142,1.5912592502543448,+180,-169,0.5238094988662143,0.5238094988662143,0.5,0.5,-0.3086410349844163,-0.1378596069985225,0.0,-30.86410349844163,-13.78596069985225,0.2177320349844163,0.1378596069985225,0.23950521453233656,21.773203498441628,13.78596069985225,,,,,,,,,,,,,,,,,,,,
Basketball,NBA,2025_11_08,NBA_2025_11_08_Washington_Wizards_Dallas_Mavericks,2026_04_17,08:10 PM,Washington Wizards,Dallas Mavericks,4.0,-4.0,231.0,157,-180,-110,-110,-110,-110,2.57,1.555556,1.909091,1.909091,1.909091,1.909091,0.488,0.512,115.2,116.3,231.5,1,2025_NBA,,,,,,,,,,,,,,,,,,,,,,,,,home,4.0,-110.0,0.10629216956793708,0.1169213748325933,0.5794863469409981,7.94863469409981,0.029230343708148324,spread,nba,0.5794863469409981,0.4205136530590019,1.7256661960697024,2.378044072351893,1.7515511890107478,2.413714733437171,-133,+141,0.5238094988662143,0.5238094988662143,0.5,0.5,0.10629216956793708,0.0794863469409981,0.1169213748325933,10.629216956793709,7.94863469409981,-0.19720116956793698,-0.0794863469409981,0.0,-19.7201169567937,-7.94863469409981,,,,,,,,,,,,,,,,,,,,
Basketball,NBA,2025_11_09,NBA_2025_11_09_Golden_State_Warriors_Indiana_Pacers,2026_04_17,09:40 PM,Golden State Warriors,Indiana Pacers,-13.5,13.5,227.5,-750,534,-110,-110,-110,-110,1.133333,6.34,1.909091,1.909091,1.909091,1.909091,0.828,0.172,118.7,109.1,227.8,1,2025_NBA,,,,,,,,,,,,,,,,,,,,,,,,,away,13.5,-110.0,0.1575234455408716,0.17327577276738135,0.6063217759346576,10.632177593465764,0.04331894319184534,spread,nba,0.39367822406534236,0.6063217759346576,2.5401455779632376,1.6492892712924243,2.578247761632686,1.6740286103618105,+157,-148,0.5238094988662143,0.5238094988662143,0.5,0.5,-0.2484324455408714,-0.10632177593465764,0.0,-24.84324455408714,-10.632177593465764,0.1575234455408716,0.10632177593465764,0.17327577276738135,15.752344554087161,10.632177593465764,,,,,,,,,,,,,,,,,,,,
Basketball,NBA,2025_11_09,NBA_2025_11_09_Memphis_Grizzlies_Oklahoma_City_Thunder,2026_04_17,07:10 PM,Memphis Grizzlies,Oklahoma City Thunder,9.5,-9.5,235.5,400,-525,-110,-110,-110,-110,5.0,1.190476,1.909091,1.909091,1.909091,1.909091,0.244,0.756,114.5,122.8,237.3,1,2025_NBA,,,,,,,,,,,,,,,,,,,,,,,,,home,9.5,-110.0,0.017686044522422728,0.019454647029200297,0.5330736169844301,3.307361698443012,0.004863661757300074,spread,nba,0.5330736169844301,0.4669263830155699,1.8759135101394593,2.1416652311262836,1.904052212791551,2.173790209593178,-110,+117,0.5238094988662143,0.5238094988662143,0.5,0.5,0.017686044522422728,0.03307361698443012,0.019454647029200297,1.7686044522422728,3.307361698443012,-0.10859504452242263,-0.03307361698443012,0.0,-10.859504452242263,-3.307361698443012,,,,,,,,,,,,,,,,,,,,
Basketball,NBA,2025_11_09,NBA_2025_11_09_New_York_Knicks_Brooklyn_Nets,2026_04_17,07:10 PM,New York Knicks,Brooklyn Nets,-15.0,15.0,229.5,-1100,709,-110,-110,-110,-110,1.090909,8.09,1.909091,1.909091,1.909091,1.909091,0.872,0.128,118.1,107.1,225.2,1,2025_NBA,,,,,,,,,,,,,,,,,,,,,,,,,away,15.0,-110.0,0.16259822059719098,0.1788580247711077,0.6089799913137671,10.897999131376713,0.04471450619277693,spread,nba,0.3910200086862329,0.6089799913137671,2.557413886209676,1.6420900756405412,2.595775094502821,1.6667214267751491,+159,-149,0.5238094988662143,0.5238094988662143,0.5,0.5,-0.253507220597191,-0.10897999131376712,0.0,-25.3507220597191,-10.897999131376713,0.16259822059719098,0.10897999131376712,0.1788580247711077,16.2598220597191,10.897999131376713,,,,,,,,,,,,,,,,,,,,
Basketball,NBA,2025_11_09,NBA_2025_11_09_Orlando_Magic_Boston_Celtics,2026_04_17,07:10 PM,Orlando Magic,Boston Celtics,-4.0,4.0,228.0,-170,149,-110,-110,-110,-110,1.588235,2.49,1.909091,1.909091,1.909091,1.909091,0.573,0.427,115.5,113.2,228.7,1,2025_NBA,,,,,,,,,,,,,,,,,,,,,,,,,away,4.0,-110.0,0.04389139521298513,0.04828052990623077,0.5468002285972671,4.680022859726707,0.012070132476557692,spread,nba,0.45319977140273293,0.5468002285972671,2.206532445735408,1.8288214739144277,2.2396304324214387,1.856253796023144,+123,-116,0.5238094988662143,0.5238094988662143,0.5,0.5,-0.13480039521298515,-0.04680022859726707,0.0,-13.480039521298515,-4.680022859726707,0.04389139521298513,0.04680022859726707,0.04828052990623077,4.389139521298513,4.680022859726707,,,,,,,,,,,,,,,,,,,,
Basketball,NBA,2025_11_09,NBA_2025_11_09_Philadelphia_76ers_Detroit_Pistons,2026_04_17,08:40 PM,Philadelphia 76ers,Detroit Pistons,2.5,-2.5,232.5,137,-157,-105,-115,-110,-110,2.37,1.636943,1.952381,1.869565,1.909091,1.909091,0.355,0.645,112.5,117.6,230.1,1,2025_NBA,,,,,,,,,,,,,,,,,,,,,,,,,away,-2.5,-115.0,0.06818901453587434,0.07841738632060201,0.571356981188605,6.052270985143804,0.019604346580150502,spread,nba,0.428643018811395,0.571356981188605,2.332943629346743,1.7502192725810064,2.3679377837869438,1.7764725616697212,+136,-128,0.5121951094586559,0.5348837831260214,0.489165728662833,0.510834271337167,-0.1631255142899899,-0.060522709851437984,0.0,-16.31255142899899,-6.052270985143799,0.06818901453587434,0.06052270985143804,0.07841738632060201,6.818901453587434,6.052270985143804,,,,,,,,,,,,,,,,,,,,
Basketball,NBA,2025_11_09,NBA_2025_11_09_Sacramento_Kings_Minnesota_Timberwolves,2026_04_17,10:10 PM,Sacramento Kings,Minnesota Timberwolves,5.5,-5.5,234.5,183,-215,-110,-110,-110,-110,2.83,1.465116,1.909091,1.909091,1.909091,1.909091,0.395,0.605,110.7,114.7,225.4,1,2025_NBA,,,,,,,,,,,,,,,,,,,,,,,,,home,5.5,-110.0,0.03342028526630725,0.03676231011670702,0.5413153617435247,4.131536174352468,0.009190577529176755,spread,nba,0.5413153617435247,0.4586846382564753,1.8473519701696552,2.1801471350798676,1.8750622497221998,2.2128493421060655,-114,+121,0.5238094988662143,0.5238094988662143,0.5,0.5,0.03342028526630725,0.04131536174352468,0.03676231011670702,3.342028526630725,4.131536174352468,-0.12432928526630727,-0.04131536174352468,0.0,-12.432928526630727,-4.131536174352468,,,,,,,,,,,,,,,,,,,,
Basketball,NBA,2025_11_10,NBA_2025_11_10_Charlotte_Hornets_Los_Angeles_Lakers,2026_04_17,08:10 PM,Charlotte Hornets,Los Angeles Lakers,7.5,-7.5,231.0,234,-285,-110,-110,-110,-110,3.34,1.350877,1.909091,1.909091,1.909091,1.909091,0.313,0.687,113.8,119.9,233.7,1,2025_NBA,,,,,,,,,,,,,,,,,,,,,,,,,home,7.5,-110.0,0.028178966924280013,0.03099686051702202,0.5385699094093891,3.856990940938909,0.007749215129255505,spread,nba,0.5385699094093891,0.4614300905906109,1.8567691631651462,2.1671755275431703,1.8846207006126232,2.199683160456318,-113,+119,0.5238094988662143,0.5238094988662143,0.5,0.5,0.028178966924280013,0.03856990940938909,0.03099686051702202,2.8178966924280013,3.856990940938909,-0.11908796692428003,-0.03856990940938909,0.0,-11.908796692428004,-3.856990940938909,,,,,,,,,,,,,,,,,,,,
Basketball,NBA,2025_11_10,NBA_2025_11_10_Chicago_Bulls_San_Antonio_Spurs,2026_04_17,09:10 PM,Chicago Bulls,San Antonio Spurs,1.0,-1.0,234.5,145,-165,-110,-110,-110,-110,2.45,1.606061,1.909091,1.909091,1.909091,1.909091,0.36,0.64,113.7,118.6,232.3,1,2025_NBA,,,,,,,,,,,,,,,,,,,,,,,,,away,-1.0,-110.0,0.1575234455408716,0.17327577276738135,0.6063217759346576,10.632177593465764,0.04331894319184534,spread,nba,0.39367822406534236,0.6063217759346576,2.5401455779632376,1.6492892712924243,2.578247761632686,1.6740286103618105,+157,-148,0.5238094988662143,0.5238094988662143,0.5,0.5,-0.2484324455408714,-0.10632177593465764,0.0,-24.84324455408714,-10.632177593465764,0.1575234455408716,0.10632177593465764,0.17327577276738135,15.752344554087161,10.632177593465764,,,,,,,,,,,,,,,,,,,,
Basketball,NBA,2025_11_10,NBA_2025_11_10_Detroit_Pistons_Washington_Wizards,2026_04_17,08:10 PM,Detroit Pistons,Washington Wizards,-12.5,12.5,235.0,-725,520,-110,-110,-110,-110,1.137931,6.2,1.909091,1.909091,1.909091,1.909091,0.74,0.26,120.7,113.6,234.3,1,2025_NBA,,,,,,,,,,,,,,,,,,,,,,,,,away,12.5,-110.0,0.23252679901455164,0.25577945333806157,0.6456092449309916,14.560924493099158,0.05,spread,nba,0.3543907550690084,0.6456092449309916,2.8217440373275986,1.5489245357799808,2.8640701978875125,1.5721584038166803,+186,-174,0.5238094988662143,0.5238094988662143,0.5,0.5,-0.32343579901455166,-0.1456092449309916,0.0,-32.343579901455165,-14.560924493099158,0.23252679901455164,0.1456092449309916,0.25577945333806157,23.252679901455164,14.560924493099158,,,,,,,,,,,,,,,,,,,,
Basketball,NBA,2025_11_10,NBA_2025_11_10_Miami_Heat_Cleveland_Cavaliers,2026_04_17,08:40 PM,Miami Heat,Cleveland Cavaliers,6.5,-6.5,246.0,237,-290,-110,-110,-110,-110,3.37,1.344828,1.909091,1.909091,1.909091,1.909091,0.246,0.754,115.4,123.6,239.0,1,2025_NBA,,,,,,,,,,,,,,,,,,,,,,,,,away,-6.5,-110.0,0.04389139521298446,0.04828052990622985,0.5468002285972666,4.680022859726662,0.012070132476557463,spread,nba,0.4531997714027334,0.5468002285972666,2.2065324457354056,1.8288214739144293,2.2396304324214364,1.8562537960231456,+123,-116,0.5238094988662143,0.5238094988662143,0.5,0.5,-0.13480039521298426,-0.046800228597266624,0.0,-13.480039521298426,-4.680022859726662,0.04389139521298446,0.046800228597266624,0.04828052990622985,4.389139521298446,4.680022859726662,,,,,,,,,,,,,,,,,,,,
Basketball,NBA,2025_11_10,NBA_2025_11_10_Orlando_Magic_Portland_Trail_Blazers,2026_04_17,08:10 PM,Orlando Magic,Portland Trail Blazers,-2.5,2.5,236.0,-135,115,-105,-115,-110,-110,1.740741,2.15,1.952381,1.869565,1.909091,1.909091,0.616,0.384,117.2,113.8,231.0,1,2025_NBA,,,,,,,,,,,,,,,,,,,,,,,,,home,-2.5,-105.0,0.02464404090769956,0.0258762416592724,0.5248176666888786,3.5651938026045658,0.0064690604148181,spread,nba,0.5248176666888786,0.47518233331112136,1.9054236613433557,2.1044553425037775,1.9340050162635058,2.136022172641334,-107,+113,0.5121951094586559,0.5348837831260214,0.489165728662833,0.510834271337167,0.02464404090769956,0.03565193802604566,0.0258762416592724,2.464404090769956,3.5651938026045658,-0.11161574102319338,-0.035651938026045604,0.0,-11.161574102319339,-3.5651938026045604,,,,,,,,,,,,,,,,,,,,
Basketball,NBA,2025_11_11,NBA_2025_11_11_New_York_Knicks_Memphis_Grizzlies,2026_04_17,08:40 PM,New York Knicks,Memphis Grizzlies,-9.0,9.0,235.0,-400,316,-110,-110,-110,-110,1.25,4.16,1.909091,1.909091,1.909091,1.909091,0.763,0.237,121.0,113.3,234.3,1,2025_NBA,,,,,,,,,,,,,,,,,,,,,,,,,away,9.0,-110.0,0.022934137105209196,0.025227548292975282,0.535822617730223,3.5822617730222994,0.0063068870732438205,spread,nba,0.464177382269777,0.535822617730223,2.15434882912672,1.8662892660934332,2.1866640615636204,1.8942836050848344,+118,-111,0.5238094988662143,0.5238094988662143,0.5,0.5,-0.1138431371052091,-0.035822617730222994,0.0,-11.38431371052091,-3.5822617730222994,0.022934137105209196,0.035822617730222994,0.025227548292975282,2.2934137105209196,3.5822617730222994,,,,,,,,,,,,,,,,,,,,
Basketball,NBA,2025_11_11,NBA_2025_11_11_Oklahoma_City_Thunder_Golden_State_Warriors,2026_04_17,09:10 PM,Oklahoma City Thunder,Golden State Warriors,-7.5,7.5,228.5,-315,256,-110,-110,-110,-110,1.31746,3.56,1.909091,1.909091,1.909091,1.909091,0.677,0.323,116.8,111.7,228.5,1,2025_NBA,,,,,,,,,,,,,,,,,,,,,,,,,away,7.5,-110.0,0.08039337264887747,0.08843270107049497,0.5659203111055876,6.592031110558761,0.022108175267623743,spread,nba,0.4340796888944124,0.5659203111055876,2.3037244671524926,1.767033238383669,2.3382803341597795,1.793538736959424,+133,-126,0.5238094988662143,0.5238094988662143,0.5,0.5,-0.17130237264887727,-0.0659203111055876,0.0,-17.130237264887725,-6.592031110558761,0.08039337264887747,0.0659203111055876,0.08843270107049497,8.039337264887747,6.592031110558761,,,,,,,,,,,,,,,,,,,,
Basketball,NBA,2025_11_11,NBA_2025_11_11_Philadelphia_76ers_Boston_Celtics,2026_04_17,09:10 PM,Philadelphia 76ers,Boston Celtics,-1.5,1.5,233.0,-130,110,-110,-110,-110,-110,1.769231,2.1,1.909091,1.909091,1.909091,1.909091,0.448,0.552,113.7,116.3,230.0,1,2025_NBA,,,,,,,,,,,,,,,,,,,,,,,,,away,1.5,-110.0,0.16766329419219939,0.18442960516845866,0.6116331249752889,11.163312497528889,0.046107401292114665,spread,nba,0.3883668750247111,0.6116331249752889,2.574884894434861,1.634967040152382,2.6135081678513834,1.6594915457546675,+161,-151,0.5238094988662143,0.5238094988662143,0.5,0.5,-0.2585722941921992,-0.11163312497528888,0.0,-25.85722941921992,-11.163312497528889,0.16766329419219939,0.11163312497528888,0.18442960516845866,16.76632941921994,11.163312497528889,,,,,,,,,,,,,,,,,,,,
Basketball,NBA,2025_11_11,NBA_2025_11_11_Utah_Jazz_Indiana_Pacers,2026_04_17,10:10 PM,Utah Jazz,Indiana Pacers,1.5,-1.5,229.0,100,-120,-110,-110,-105,-115,2.0,1.833333,1.909091,1.909091,1.952381,1.869565,0.411,0.589,114.8,118.4,233.2,1,2025_NBA,,,,,,,,,,,,,,,,,,,,,,,,,away,-1.5,-110.0,0.06478059408351888,0.07125864636600625,0.557742189389358,5.774218938935805,0.017814661591501562,spread,nba,0.44225781061064195,0.557742189389358,2.261124565825672,1.7929430819907066,2.2950414343130565,1.819837228220567,+129,-121,0.5238094988662143,0.5238094988662143,0.5,0.5,-0.1556895940835189,-0.057742189389358045,0.0,-15.56895940835189,-5.774218938935805,0.06478059408351888,0.057742189389358045,0.07125864636600625,6.478059408351888,5.774218938935805,,,,,,,,,,,,,,,,,,,,
Basketball,NBA,2025_11_12,NBA_2025_11_12_Boston_Celtics_Memphis_Grizzlies,2026_04_17,08:40 PM,Boston Celtics,Memphis Grizzlies,-8.0,8.0,230.0,-250,207,-110,-110,-110,-110,1.4,3.07,1.909091,1.909091,1.909091,1.909091,0.7,0.3,119.2,113.7,232.9,1,2025_NBA,,,,,,,,,,,,,,,,,,,,,,,,,away,8.0,-110.0,0.08558602485182543,0.09414461792254616,0.5686402716538004,6.864027165380038,0.02353615448063654,spread,nba,0.4313597283461996,0.5686402716538004,2.3182507181046406,1.758581039453393,2.35302447887621,1.7849597550451937,+135,-127,0.5238094988662143,0.5238094988662143,0.5,0.5,-0.17649502485182533,-0.06864027165380038,0.0,-17.649502485182534,-6.864027165380038,0.08558602485182543,0.06864027165380038,0.09414461792254616,8.558602485182544,6.864027165380038,,,,,,,,,,,,,,,,,,,,
Basketball,NBA,2025_11_12,NBA_2025_11_12_Charlotte_Hornets_Milwaukee_Bucks,2026_04_17,08:10 PM,Charlotte Hornets,Milwaukee Bucks,5.0,-5.0,233.5,183,-215,-110,-110,-110,-110,2.83,1.465116,1.909091,1.909091,1.909091,1.909091,0.4,0.6,115.4,119.2,234.6,1,2025_NBA,,,,,,,,,,,,,,,,,,,,,,,,,home,5.0,-110.0,0.017686044522422728,0.019454647029200297,0.5330736169844301,3.307361698443012,0.004863661757300074,spread,nba,0.5330736169844301,0.4669263830155699,1.8759135101394593,2.1416652311262836,1.904052212791551,2.173790209593178,-110,+117,0.5238094988662143,0.5238094988662143,0.5,0.5,0.017686044522422728,0.03307361698443012,0.019454647029200297,1.7686044522422728,3.307361698443012,-0.10859504452242263,-0.03307361698443012,0.0,-10.859504452242263,-3.307361698443012,,,,,,,,,,,,,,,,,,,,
Basketball,NBA,2025_11_12,NBA_2025_11_12_Houston_Rockets_Washington_Wizards,2026_04_17,09:10 PM,Houston Rockets,Washington Wizards,-15.0,15.0,235.5,-1500,874,-110,-110,-110,-110,1.066667,9.74,1.909091,1.909091,1.909091,1.909091,0.855,0.145,121.0,110.6,231.6,1,2025_NBA,,,,,,,,,,,,,,,,,,,,,,,,,away,15.0,-110.0,0.1928353742467923,0.2121188904595826,0.6248184996141055,12.481849961410552,0.05,spread,nba,0.3751815003858945,0.6248184996141055,2.6653766216389823,1.6004647759591153,2.705357270963567,1.6244717475985018,+170,-160,0.5238094988662143,0.5238094988662143,0.5,0.5,-0.28374437424679233,-0.12481849961410552,0.0,-28.374437424679233,-12.481849961410552,0.1928353742467923,0.12481849961410552,0.2121188904595826,19.28353742467923,12.481849961410552,,,,,,,,,,,,,,,,,,,,
Basketball,NBA,2025_11_12,NBA_2025_11_12_Los_Angeles_Clippers_Denver_Nuggets,2026_04_17,11:40 PM,Los Angeles Clippers,Denver Nuggets,2.0,-2.0,226.0,115,-135,-110,-110,-110,-110,2.15,1.740741,1.909091,1.909091,1.909091,1.909091,0.407,0.593,112.0,115.7,227.7,1,2025_NBA,,,,,,,,,,,,,,,,,,,,,,,,,away,-2.0,-110.0,0.04389139521298513,0.04828052990623077,0.5468002285972671,4.680022859726707,0.012070132476557692,spread,nba,0.45319977140273293,0.5468002285972671,2.206532445735408,1.8288214739144277,2.2396304324214387,1.856253796023144,+123,-116,0.5238094988662143,0.5238094988662143,0.5,0.5,-0.13480039521298515,-0.04680022859726707,0.0,-13.480039521298515,-4.680022859726707,0.04389139521298513,0.04680022859726707,0.04828052990623077,4.389139521298513,4.680022859726707,,,,,,,,,,,,,,,,,,,,
Basketball,NBA,2025_11_12,NBA_2025_11_12_New_York_Knicks_Orlando_Magic,2026_04_17,08:10 PM,New York Knicks,Orlando Magic,-4.5,4.5,228.5,-160,140,-110,-110,-110,-110,1.625,2.4,1.909091,1.909091,1.909091,1.909091,0.55,0.45,114.4,112.7,227.1,1,2025_NBA,,,,,,,,,,,,,,,,,,,,,,,,,away,4.5,-110.0,0.10112578193301935,0.11123834900248637,0.5767801440230033,7.678014402300326,0.027809587250621593,spread,nba,0.42321985597699674,0.5767801440230033,2.3628380991045774,1.7337628737096709,2.398280670591146,1.7597693168153157,+139,-131,0.5238094988662143,0.5238094988662143,0.5,0.5,-0.19203478193301926,-0.07678014402300326,0.0,-19.203478193301926,-7.678014402300326,0.10112578193301935,0.07678014402300326,0.11123834900248637,10.112578193301935,7.678014402300326,,,,,,,,,,,,,,,,,,,,
Basketball,NBA,2025_11_12,NBA_2025_11_12_Oklahoma_City_Thunder_Los_Angeles_Lakers,2026_04_17,10:40 PM,Oklahoma City Thunder,Los Angeles Lakers,-6.5,6.5,232.0,-270,222,-110,-110,-110,-110,1.37037,3.22,1.909091,1.909091,1.909091,1.909091,0.632,0.368,116.3,112.5,228.8,1,2025_NBA,,,,,,,,,,,,,,,,,,,,,,,,,away,6.5,-110.0,0.09595246942634539,0.10554770581420933,0.574070313791404,7.407031379140405,0.026386926453552333,spread,nba,0.42592968620859595,0.574070313791404,2.3478053593809785,1.7419468939189269,2.383022439771693,1.7680760973277105,+138,-130,0.5238094988662143,0.5238094988662143,0.5,0.5,-0.1868614694263453,-0.07407031379140405,0.0,-18.68614694263453,-7.407031379140405,0.09595246942634539,0.07407031379140405,0.10554770581420933,9.595246942634539,7.407031379140405,,,,,,,,,,,,,,,,,,,,
Basketball,NBA,2025_11_13,NBA_2025_11_13_Phoenix_Suns_Indiana_Pacers,2026_04_17,10:10 PM,Phoenix Suns,Indiana Pacers,-4.0,4.0,234.5,-190,165,-110,-110,-110,-110,1.526316,2.65,1.909091,1.909091,1.909091,1.909091,0.5,0.5,115.4,115.8,231.2,1,2025_NBA,,,,,,,,,,,,,,,,,,,,,,,,,away,4.0,-110.0,0.18279808027664113,0.20107786819651852,0.6195608696896278,11.956086968962776,0.05,spread,nba,0.38043913031037224,0.6195608696896278,2.6285413889580016,1.6140464140366955,2.6679695097923712,1.6382571102472456,+166,-156,0.5238094988662143,0.5238094988662143,0.5,0.5,-0.27370708027664115,-0.11956086968962776,0.0,-27.370708027664115,-11.956086968962776,0.18279808027664113,0.11956086968962776,0.20107786819651852,18.279808027664114,11.956086968962776,,,,,,,,,,,,,,,,,,,,
Basketball,NBA,2025_11_14,NBA_2025_11_14_Dallas_Mavericks_Los_Angeles_Clippers,2026_04_17,09:40 PM,Dallas Mavericks,Los Angeles Clippers,3.5,-3.5,218.5,145,-165,-110,-110,-110,-110,2.45,1.606061,1.909091,1.909091,1.909091,1.909091,0.352,0.648,108.3,113.6,221.9,1,2025_NBA,,,,,,,,,,,,,,,,,,,,,,,,,away,-3.5,-110.0,0.04912069204370306,0.05403275584479766,0.549539383949588,4.953938394958801,0.013508188961199414,spread,nba,0.450460616050412,0.549539383949588,2.2199499009877655,1.8197057921725497,2.2532491495025817,1.8470013790551378,+125,-118,0.5238094988662143,0.5238094988662143,0.5,0.5,-0.14002969204370286,-0.04953938394958801,0.0,-14.002969204370286,-4.953938394958801,0.04912069204370306,0.04953938394958801,0.05403275584479766,4.912069204370306,4.953938394958801,,,,,,,,,,,,,,,,,,,,
Basketball,NBA,2025_11_14,NBA_2025_11_14_Detroit_Pistons_Philadelphia_76ers,2026_04_17,08:40 PM,Detroit Pistons,Philadelphia 76ers,-5.5,5.5,232.5,-210,180,-105,-115,-110,-110,1.47619,2.8,1.952381,1.869565,1.909091,1.909091,0.562,0.438,116.1,114.1,230.2,1,2025_NBA,,,,,,,,,,,,,,,,,,,,,,,,,away,5.5,-115.0,0.11358855848591332,0.13062687491551905,0.595640461008798,8.4806189671631,0.03265671872887976,spread,nba,0.404359538991202,0.595640461008798,2.473046641844544,1.678865129991949,2.510142341472212,1.704048106941828,+151,-142,0.5121951094586559,0.5348837831260214,0.489165728662833,0.510834271337167,-0.21053611890481805,-0.08480618967163095,0.0,-21.053611890481804,-8.480618967163094,0.11358855848591332,0.084806189671631,0.13062687491551905,11.358855848591332,8.4806189671631,,,,,,,,,,,,,,,,,,,,
Basketball,NBA,2025_11_14,NBA_2025_11_14_Milwaukee_Bucks_Charlotte_Hornets,2026_04_17,09:10 PM,Milwaukee Bucks,Charlotte Hornets,-10.0,10.0,238.0,-410,324,-110,-110,-110,-110,1.243902,4.24,1.909091,1.909091,1.909091,1.909091,0.758,0.242,122.1,114.4,236.5,1,2025_NBA,,,,,,,,,,,,,,,,,,,,,,,,,away,10.0,-110.0,0.07519475523737729,0.08271422248969264,0.5631972259244725,6.319722592447253,0.02067855562242316,spread,nba,0.4368027740755275,0.5631972259244725,2.2893627498507834,1.7755769275293,2.323703191098545,1.8022105814422393,+132,-124,0.5238094988662143,0.5238094988662143,0.5,0.5,-0.16610375523737708,-0.06319722592447252,0.0,-16.61037552373771,-6.319722592447253,0.07519475523737729,0.06319722592447252,0.08271422248969264,7.519475523737729,6.319722592447253,,,,,,,,,,,,,,,,,,,,
Basketball,NBA,2025_11_14,NBA_2025_11_14_Minnesota_Timberwolves_Sacramento_Kings,2026_04_17,09:10 PM,Minnesota Timberwolves,Sacramento Kings,-11.5,11.5,239.0,-600,446,-110,-110,-110,-110,1.166667,5.46,1.909091,1.909091,1.909091,1.909091,0.733,0.267,119.4,112.6,232.0,1,2025_NBA,,,,,,,,,,,,,,,,,,,,,,,,,away,11.5,-110.0,0.19783759952487245,0.2176213377152259,0.6274387127302326,12.743871273023256,0.05,spread,nba,0.37256128726976745,0.6274387127302326,2.6841221408919793,1.5937811609497392,2.724383973005359,1.6176878783639852,+172,-161,0.5238094988662143,0.5238094988662143,0.5,0.5,-0.28874659952487236,-0.12743871273023255,0.0,-28.874659952487235,-12.743871273023256,0.19783759952487245,0.12743871273023255,0.2176213377152259,19.783759952487245,12.743871273023256,,,,,,,,,,,,,,,,,,,,
Basketball,NBA,2025_11_14,NBA_2025_11_14_New_Orleans_Pelicans_Los_Angeles_Lakers,2026_04_17,09:10 PM,New Orleans Pelicans,Los Angeles Lakers,10.5,-10.5,233.5,361,-465,-110,-110,-110,-110,4.61,1.215054,1.909091,1.909091,1.909091,1.909091,0.252,0.748,110.4,118.4,228.8,1,2025_NBA,,,,,,,,,,,,,,,,,,,,,,,,,home,10.5,-110.0,0.08558602485182543,0.09414461792254616,0.5686402716538004,6.864027165380038,0.02353615448063654,spread,nba,0.5686402716538004,0.4313597283461996,1.758581039453393,2.3182507181046406,1.7849597550451937,2.35302447887621,-127,+135,0.5238094988662143,0.5238094988662143,0.5,0.5,0.08558602485182543,0.06864027165380038,0.09414461792254616,8.558602485182544,6.864027165380038,-0.17649502485182533,-0.06864027165380038,0.0,-17.649502485182534,-6.864027165380038,,,,,,,,,,,,,,,,,,,,
Basketball,NBA,2025_11_14,NBA_2025_11_14_Orlando_Magic_Brooklyn_Nets,2026_04_17,08:10 PM,Orlando Magic,Brooklyn Nets,-14.0,14.0,228.0,-890,607,-110,-110,-110,-110,1.11236,7.07,1.909091,1.909091,1.909091,1.909091,0.826,0.174,118.4,108.7,227.1,1,2025_NBA,,,,,,,,,,,,,,,,,,,,,,,,,away,14.0,-110.0,0.17776344522743348,0.19553977019619978,0.616923680027528,11.692368002752795,0.048884942549049945,spread,nba,0.38307631997247205,0.616923680027528,2.6104458768734653,1.6209460462846534,2.649602565026567,1.645260236978923,+164,-154,0.5238094988662143,0.5238094988662143,0.5,0.5,-0.2686724452274334,-0.11692368002752795,0.0,-26.867244522743338,-11.692368002752795,0.17776344522743348,0.11692368002752795,0.19553977019619978,17.776344522743347,11.692368002752795,,,,,,,,,,,,,,,,,,,,
Basketball,NBA,2025_11_15,NBA_2025_11_15_Charlotte_Hornets_Oklahoma_City_Thunder,2026_04_17,08:10 PM,Charlotte Hornets,Oklahoma City Thunder,16.5,-16.5,230.0,795,-1300,-110,-110,-110,-110,8.95,1.076923,1.909091,1.909091,1.909091,1.909091,0.136,0.864,109.1,120.8,229.9,1,2025_NBA,,,,,,,,,,,,,,,,,,,,,,,,,home,16.5,-110.0,0.20282859043142554,0.22311142716342536,0.6300530411758399,13.005304117583993,0.05,spread,nba,0.6300530411758399,0.36994695882416007,1.5871679599129378,2.703090202926391,1.6109754793116318,2.743636555970286,-163,+174,0.5238094988662143,0.5238094988662143,0.5,0.5,0.20282859043142554,0.13005304117583993,0.22311142716342536,20.282859043142555,13.005304117583993,-0.29373759043142544,-0.13005304117583993,0.0,-29.373759043142545,-13.005304117583993,,,,,,,,,,,,,,,,,,,,
Basketball,NBA,2025_11_15,NBA_2025_11_15_Cleveland_Cavaliers_Memphis_Grizzlies,2026_04_17,06:10 PM,Cleveland Cavaliers,Memphis Grizzlies,-10.0,10.0,238.5,-490,377,-110,-110,-110,-110,1.204082,4.77,1.909091,1.909091,1.909091,1.909091,0.796,0.204,123.3,114.7,238.0,1,2025_NBA,,,,,,,,,,,,,,,,,,,,,,,,,away,10.0,-110.0,0.0281789669242809,0.030996860517022936,0.5385699094093895,3.8569909409389536,0.007749215129255734,spread,nba,0.46143009059061046,0.5385699094093895,2.167175527543172,1.8567691631651446,2.1996831604563196,1.8846207006126217,+119,-113,0.5238094988662143,0.5238094988662143,0.5,0.5,-0.11908796692428081,-0.038569909409389536,0.0,-11.90879669242808,-3.8569909409389536,0.0281789669242809,0.038569909409389536,0.030996860517022936,2.81789669242809,3.8569909409389536,,,,,,,,,,,,,,,,,,,,
Basketball,NBA,2025_11_15,NBA_2025_11_15_Indiana_Pacers_Toronto_Raptors,2026_04_17,08:10 PM,Indiana Pacers,Toronto Raptors,7.0,-7.0,233.5,207,-250,-110,-110,-110,-110,3.07,1.4,1.909091,1.909091,1.909091,1.909091,0.399,0.601,114.8,118.7,233.5,1,2025_NBA,,,,,,,,,,,,,,,,,,,,,,,,,home,7.0,-110.0,0.11660322105641541,0.1282635303357039,0.5848873736539617,8.48873736539617,0.032065882583925974,spread,nba,0.5848873736539617,0.4151126263460383,1.709730873061439,2.4089847827620616,1.7353768361573603,2.4451195545034925,-135,+144,0.5238094988662143,0.5238094988662143,0.5,0.5,0.11660322105641541,0.0848873736539617,0.1282635303357039,11.66032210564154,8.48873736539617,-0.2075122210564153,-0.0848873736539617,0.0,-20.75122210564153,-8.48873736539617,,,,,,,,,,,,,,,,,,,,
Basketball,NBA,2025_11_15,NBA_2025_11_15_Minnesota_Timberwolves_Denver_Nuggets,2026_04_17,09:10 PM,Minnesota Timberwolves,Denver Nuggets,2.5,-2.5,241.0,-115,-105,-110,-110,-110,-110,1.869565,1.952381,1.909091,1.909091,1.909091,1.909091,0.487,0.513,116.7,117.7,234.4,1,2025_NBA,,,,,,,,,,,,,,,,,,,,,,,,,home,2.5,-110.0,0.03342028526630725,0.03676231011670702,0.5413153617435247,4.131536174352468,0.009190577529176755,spread,nba,0.5413153617435247,0.4586846382564753,1.8473519701696552,2.1801471350798676,1.8750622497221998,2.2128493421060655,-114,+121,0.5238094988662143,0.5238094988662143,0.5,0.5,0.03342028526630725,0.04131536174352468,0.03676231011670702,3.342028526630725,4.131536174352468,-0.12432928526630727,-0.04131536174352468,0.0,-12.432928526630727,-4.131536174352468,,,,,,,,,,,,,,,,,,,,
Basketball,NBA,2025_11_16,NBA_2025_11_16_Dallas_Mavericks_Portland_Trail_Blazers,2026_04_17,08:40 PM,Dallas Mavericks,Portland Trail Blazers,3.5,-3.5,229.5,140,-160,-110,-110,-110,-110,2.4,1.625,1.909091,1.909091,1.909091,1.909091,0.366,0.634,112.0,116.8,228.8,1,2025_NBA,,,,,,,,,,,,,,,,,,,,,,,,,away,-3.5,-110.0,0.022934137105209196,0.025227548292975282,0.535822617730223,3.5822617730222994,0.0063068870732438205,spread,nba,0.464177382269777,0.535822617730223,2.15434882912672,1.8662892660934332,2.1866640615636204,1.8942836050848344,+118,-111,0.5238094988662143,0.5238094988662143,0.5,0.5,-0.1138431371052091,-0.035822617730222994,0.0,-11.38431371052091,-3.5822617730222994,0.022934137105209196,0.035822617730222994,0.025227548292975282,2.2934137105209196,3.5822617730222994,,,,,,,,,,,,,,,,,,,,
Basketball,NBA,2025_11_16,NBA_2025_11_16_Houston_Rockets_Orlando_Magic,2026_04_17,08:10 PM,Houston Rockets,Orlando Magic,-8.0,8.0,230.0,-320,260,-110,-110,-110,-110,1.3125,3.6,1.909091,1.909091,1.909091,1.909091,0.717,0.283,117.8,111.7,229.5,1,2025_NBA,,,,,,,,,,,,,,,,,,,,,,,,,away,8.0,-110.0,0.05434548791963967,0.05978003073360055,0.5522761816590407,5.227618165904069,0.014945007683400138,spread,nba,0.4477238183409593,0.5522761816590407,2.23351977052617,1.8106882628832452,2.2670225670840622,1.8378485868264938,+126,-119,0.5238094988662143,0.5238094988662143,0.5,0.5,-0.14525448791963957,-0.05227618165904069,0.0,-14.525448791963957,-5.227618165904069,0.05434548791963967,0.05227618165904069,0.05978003073360055,5.434548791963967,5.227618165904069,,,,,,,,,,,,,,,,,,,,
Basketball,NBA,2025_11_16,NBA_2025_11_16_New_Orleans_Pelicans_Golden_State_Warriors,2026_04_17,08:10 PM,New Orleans Pelicans,Golden State Warriors,11.0,-11.0,227.5,383,-500,-110,-110,-110,-110,4.83,1.2,1.909091,1.909091,1.909091,1.909091,0.22,0.78,110.3,119.2,229.5,1,2025_NBA,,,,,,,,,,,,,,,,,,,,,,,,,home,11.0,-110.0,0.06478059408351822,0.07125864636600528,0.5577421893893576,5.7742189389357605,0.01781466159150132,spread,nba,0.5577421893893576,0.4422578106106424,1.792943081990708,2.2611245658256696,1.8198372282205684,2.2950414343130543,-121,+129,0.5238094988662143,0.5238094988662143,0.5,0.5,0.06478059408351822,0.0577421893893576,0.07125864636600528,6.478059408351822,5.7742189389357605,-0.155689594083518,-0.0577421893893576,0.0,-15.568959408351802,-5.7742189389357605,,,,,,,,,,,,,,,,,,,,
Basketball,NBA,2025_11_16,NBA_2025_11_16_Phoenix_Suns_Atlanta_Hawks,2026_04_17,09:10 PM,Phoenix Suns,Atlanta Hawks,1.0,-1.0,233.0,105,-125,-110,-110,-110,-110,2.05,1.8,1.909091,1.909091,1.909091,1.909091,0.568,0.432,116.1,113.9,230.0,1,2025_NBA,,,,,,,,,,,,,,,,,,,,,,,,,home,1.0,-110.0,0.12174741289468782,0.1339221407919424,0.5875819502028388,8.758195020283877,0.0334805351979856,spread,nba,0.5875819502028388,0.41241804979716123,1.701890263400349,2.4247241372966775,1.7274186173513542,2.4610949993561273,-137,+146,0.5238094988662143,0.5238094988662143,0.5,0.5,0.12174741289468782,0.08758195020283877,0.1339221407919424,12.174741289468782,8.758195020283877,-0.21265641289468762,-0.08758195020283877,0.0,-21.26564128946876,-8.758195020283877,,,,,,,,,,,,,,,,,,,,
Basketball,NBA,2025_11_17,NBA_2025_11_17_Cleveland_Cavaliers_Milwaukee_Bucks,2026_04_17,08:10 PM,Cleveland Cavaliers,Milwaukee Bucks,-7.5,7.5,238.5,-255,211,-115,-105,-110,-110,1.392157,3.11,1.869565,1.952381,1.909091,1.909091,0.639,0.361,119.3,115.1,234.4,1,2025_NBA,,,,,,,,,,,,,,,,,,,,,,,,,away,7.5,-105.0,0.15243662830693672,0.16005845171936098,0.5902724049798358,10.110667631700283,0.040014612929840244,spread,nba,0.4097275950201642,0.5902724049798358,2.440645961253321,1.6941330673151844,2.4772556506721206,1.719545063324912,+147,-138,0.5348837831260214,0.5121951094586559,0.510834271337167,0.489165728662833,-0.23398762881612678,-0.10110667631700276,0.0,-23.39876288161268,-10.110667631700277,0.15243662830693672,0.10110667631700282,0.16005845171936098,15.243662830693673,10.110667631700283,,,,,,,,,,,,,,,,,,,,
Basketball,NBA,2025_11_17,NBA_2025_11_17_Detroit_Pistons_Indiana_Pacers,2026_04_17,08:10 PM,Detroit Pistons,Indiana Pacers,-8.5,8.5,230.0,-420,330,-110,-110,-110,-110,1.238095,4.3,1.909091,1.909091,1.909091,1.909091,0.678,0.322,117.4,112.3,229.7,1,2025_NBA,,,,,,,,,,,,,,,,,,,,,,,,,away,8.5,-110.0,0.13201195676375233,0.14521313791881388,0.5929586157829838,9.295861578298382,0.03630328447970347,spread,nba,0.4070413842170162,0.5929586157829838,2.456752651634176,1.6864583351732405,2.4936039414086886,1.7117552102008389,+149,-140,0.5238094988662143,0.5238094988662143,0.5,0.5,-0.22292095676375234,-0.09295861578298381,0.0,-22.292095676375233,-9.295861578298382,0.13201195676375233,0.09295861578298381,0.14521313791881388,13.201195676375232,9.295861578298382,,,,,,,,,,,,,,,,,,,,
Basketball,NBA,2025_11_17,NBA_2025_11_17_Miami_Heat_New_York_Knicks,2026_04_17,08:40 PM,Miami Heat,New York Knicks,-1.0,1.0,242.5,-115,-105,-110,-110,-110,-110,1.869565,1.952381,1.909091,1.909091,1.909091,1.909091,0.481,0.519,116.7,117.8,234.5,1,2025_NBA,,,,,,,,,,,,,,,,,,,,,,,,,away,1.0,-110.0,0.06478059408351822,0.07125864636600528,0.5577421893893576,5.7742189389357605,0.01781466159150132,spread,nba,0.4422578106106424,0.5577421893893576,2.2611245658256696,1.792943081990708,2.2950414343130543,1.8198372282205684,+129,-121,0.5238094988662143,0.5238094988662143,0.5,0.5,-0.155689594083518,-0.0577421893893576,0.0,-15.568959408351802,-5.7742189389357605,0.06478059408351822,0.0577421893893576,0.07125864636600528,6.478059408351822,5.7742189389357605,,,,,,,,,,,,,,,,,,,,
Basketball,NBA,2025_11_17,NBA_2025_11_17_Minnesota_Timberwolves_Dallas_Mavericks,2026_04_17,09:10 PM,Minnesota Timberwolves,Dallas Mavericks,-13.5,13.5,227.5,-950,637,-115,-105,-110,-110,1.105263,7.37,1.869565,1.952381,1.909091,1.909091,0.902,0.098,120.6,108.0,228.6,1,2025_NBA,,,,,,,,,,,,,,,,,,,,,,,,,away,13.5,-105.0,0.02464404090769956,0.0258762416592724,0.5248176666888786,3.5651938026045658,0.0064690604148181,spread,nba,0.47518233331112136,0.5248176666888786,2.1044553425037775,1.9054236613433557,2.136022172641334,1.9340050162635058,+113,-107,0.5348837831260214,0.5121951094586559,0.510834271337167,0.489165728662833,-0.11161574102319338,-0.035651938026045604,0.0,-11.161574102319339,-3.5651938026045604,0.02464404090769956,0.03565193802604566,0.0258762416592724,2.464404090769956,3.5651938026045658,,,,,,,,,,,,,,,,,,,,
Basketball,NBA,2025_11_17,NBA_2025_11_17_New_Orleans_Pelicans_Oklahoma_City_Thunder,2026_04_17,09:10 PM,New Orleans Pelicans,Oklahoma City Thunder,17.5,-17.5,226.0,874,-1500,-110,-110,-110,-110,9.74,1.066667,1.909091,1.909091,1.909091,1.909091,0.111,0.889,107.8,120.2,228.0,1,2025_NBA,,,,,,,,,,,,,,,,,,,,,,,,,home,17.5,-110.0,0.21773203498441585,0.23950521453233584,0.6378596069985222,13.785960699852218,0.05,spread,nba,0.6378596069985222,0.3621403930014778,1.5677431036988627,2.761360012098731,1.5912592502543454,2.802780412280212,-169,+180,0.5238094988662143,0.5238094988662143,0.5,0.5,0.21773203498441585,0.13785960699852218,0.23950521453233584,21.773203498441585,13.785960699852218,-0.30864103498441564,-0.13785960699852218,0.0,-30.864103498441565,-13.785960699852218,,,,,,,,,,,,,,,,,,,,
Basketball,NBA,2025_11_17,NBA_2025_11_17_Philadelphia_76ers_Los_Angeles_Clippers,2026_04_17,08:10 PM,Philadelphia 76ers,Los Angeles Clippers,-4.5,4.5,223.0,-200,174,-110,-110,-110,-110,1.5,2.74,1.909091,1.909091,1.909091,1.909091,0.572,0.428,112.0,109.8,221.8,1,2025_NBA,,,,,,,,,,,,,,,,,,,,,,,,,away,4.5,-110.0,0.07519475523737662,0.08271422248969203,0.5631972259244722,6.319722592447219,0.020678555622423007,spread,nba,0.4368027740755278,0.5631972259244722,2.2893627498507816,1.7755769275293012,2.3237031910985433,1.8022105814422404,+132,-124,0.5238094988662143,0.5238094988662143,0.5,0.5,-0.16610375523737653,-0.06319722592447219,0.0,-16.610375523737652,-6.319722592447219,0.07519475523737662,0.06319722592447219,0.08271422248969203,7.519475523737662,6.319722592447219,,,,,,,,,,,,,,,,,,,,
Basketball,NBA,2025_11_18,NBA_2025_11_18_Atlanta_Hawks_Detroit_Pistons,2026_04_17,08:40 PM,Atlanta Hawks,Detroit Pistons,2.0,-2.0,229.5,110,-130,-110,-110,-115,-105,2.1,1.769231,1.909091,1.909091,1.869565,1.952381,0.51,0.49,114.4,114.4,228.8,1,2025_NBA,,,,,,,,,,,,,,,,,,,,,,,,,home,2.0,-110.0,0.059565536990557,0.06552208413740428,0.5550104929469349,5.501049294693495,0.01638052103435107,spread,nba,0.5550104929469349,0.44498950705306506,1.8017677372013414,2.2472440004765097,1.8287942532593613,2.280952660483657,-120,+128,0.5238094988662143,0.5238094988662143,0.5,0.5,0.059565536990557,0.05501049294693494,0.06552208413740428,5.9565536990557,5.501049294693495,-0.1504745369905569,-0.05501049294693494,0.0,-15.04745369905569,-5.501049294693495,,,,,,,,,,,,,,,,,,,,
Basketball,NBA,2025_11_18,NBA_2025_11_18_Los_Angeles_Lakers_Utah_Jazz,2026_04_17,11:40 PM,Los Angeles Lakers,Utah Jazz,-12.0,12.0,236.0,-600,446,-110,-110,-110,-110,1.166667,5.46,1.909091,1.909091,1.909091,1.909091,0.778,0.222,120.0,112.0,232.0,1,2025_NBA,,,,,,,,,,,,,,,,,,,,,,,,,away,12.0,-110.0,0.16259822059719098,0.1788580247711077,0.6089799913137671,10.897999131376713,0.04471450619277693,spread,nba,0.3910200086862329,0.6089799913137671,2.557413886209676,1.6420900756405412,2.595775094502821,1.6667214267751491,+159,-149,0.5238094988662143,0.5238094988662143,0.5,0.5,-0.253507220597191,-0.10897999131376712,0.0,-25.3507220597191,-10.897999131376713,0.16259822059719098,0.10897999131376712,0.1788580247711077,16.2598220597191,10.897999131376713,,,,,,,,,,,,,,,,,,,,
Basketball,NBA,2025_11_19,NBA_2025_11_19_Dallas_Mavericks_New_York_Knicks,2026_04_17,10:45 PM,Dallas Mavericks,New York Knicks,4.5,-4.5,228.5,157,-180,-110,-110,-110,-110,2.57,1.555556,1.909091,1.909091,1.909091,1.909091,0.277,0.723,110.6,118.0,228.6,1,2025_NBA,,,,,,,,,,,,,,,,,,,,,,,,,away,-4.5,-110.0,0.10629216956793708,0.1169213748325933,0.5794863469409981,7.94863469409981,0.029230343708148324,spread,nba,0.4205136530590019,0.5794863469409981,2.378044072351893,1.7256661960697024,2.413714733437171,1.7515511890107478,+141,-133,0.5238094988662143,0.5238094988662143,0.5,0.5,-0.19720116956793698,-0.0794863469409981,0.0,-19.7201169567937,-7.94863469409981,0.10629216956793708,0.0794863469409981,0.1169213748325933,10.629216956793709,7.94863469409981,,,,,,,,,,,,,,,,,,,,
Basketball,NBA,2025_11_19,NBA_2025_11_19_Indiana_Pacers_Charlotte_Hornets,2026_04_17,08:10 PM,Indiana Pacers,Charlotte Hornets,1.0,-1.0,234.5,100,-120,-110,-110,-110,-110,2.0,1.833333,1.909091,1.909091,1.909091,1.909091,0.556,0.444,117.6,115.7,233.3,1,2025_NBA,,,,,,,,,,,,,,,,,,,,,,,,,home,1.0,-110.0,0.10629216956793619,0.11692137483259231,0.5794863469409977,7.948634694099765,0.029230343708148077,spread,nba,0.5794863469409977,0.42051365305900235,1.7256661960697037,2.3780440723518907,1.7515511890107491,2.413714733437169,-133,+141,0.5238094988662143,0.5238094988662143,0.5,0.5,0.10629216956793619,0.07948634694099765,0.11692137483259231,10.62921695679362,7.948634694099765,-0.1972011695679361,-0.07948634694099765,0.0,-19.72011695679361,-7.948634694099765,,,,,,,,,,,,,,,,,,,,
Basketball,NBA,2025_11_19,NBA_2025_11_19_Miami_Heat_Golden_State_Warriors,2026_04_17,08:40 PM,Miami Heat,Golden State Warriors,-6.5,6.5,230.5,-235,195,-110,-110,-110,-110,1.425532,2.95,1.909091,1.909091,1.909091,1.909091,0.762,0.238,120.1,112.3,232.4,1,2025_NBA,,,,,,,,,,,,,,,,,,,,,,,,,home,-6.5,-110.0,0.022934137105209196,0.025227548292975282,0.535822617730223,3.5822617730222994,0.0063068870732438205,spread,nba,0.535822617730223,0.464177382269777,1.8662892660934332,2.15434882912672,1.8942836050848344,2.1866640615636204,-111,+118,0.5238094988662143,0.5238094988662143,0.5,0.5,0.022934137105209196,0.035822617730222994,0.025227548292975282,2.2934137105209196,3.5822617730222994,-0.1138431371052091,-0.035822617730222994,0.0,-11.38431371052091,-3.5822617730222994,,,,,,,,,,,,,,,,,,,,
Basketball,NBA,2025_11_19,NBA_2025_11_19_Minnesota_Timberwolves_Washington_Wizards,2026_04_17,09:10 PM,Minnesota Timberwolves,Washington Wizards,-15.0,15.0,238.0,-1200,754,-110,-110,-115,-105,1.083333,8.54,1.909091,1.909091,1.869565,1.952381,0.87,0.13,123.3,112.3,235.6,1,2025_NBA,,,,,,,,,,,,,,,,,,,,,,,,,away,15.0,-110.0,0.16259822059719098,0.1788580247711077,0.6089799913137671,10.897999131376713,0.04471450619277693,spread,nba,0.3910200086862329,0.6089799913137671,2.557413886209676,1.6420900756405412,2.595775094502821,1.6667214267751491,+159,-149,0.5238094988662143,0.5238094988662143,0.5,0.5,-0.253507220597191,-0.10897999131376712,0.0,-25.3507220597191,-10.897999131376713,0.16259822059719098,0.10897999131376712,0.1788580247711077,16.2598220597191,10.897999131376713,,,,,,,,,,,,,,,,,,,,
Basketball,NBA,2025_11_19,NBA_2025_11_19_New_Orleans_Pelicans_Denver_Nuggets,2026_04_17,09:10 PM,New Orleans Pelicans,Denver Nuggets,13.5,-13.5,232.5,561,-800,-110,-110,-110,-110,6.61,1.125,1.909091,1.909091,1.909091,1.909091,0.185,0.815,112.5,122.3,234.8,1,2025_NBA,,,,,,,,,,,,,,,,,,,,,,,,,home,13.5,-110.0,0.147345690955337,0.1620802438428463,0.6009905714056255,10.09905714056255,0.040520060960711576,spread,nba,0.6009905714056255,0.3990094285943745,1.6639196146807298,2.5062064410928526,1.6888784089009405,2.543799537709245,-145,+154,0.5238094988662143,0.5238094988662143,0.5,0.5,0.147345690955337,0.1009905714056255,0.1620802438428463,14.7345690955337,10.09905714056255,-0.2382546909553369,-0.1009905714056255,0.0,-23.82546909553369,-10.09905714056255,,,,,,,,,,,,,,,,,,,,
Basketball,NBA,2025_11_19,NBA_2025_11_19_Oklahoma_City_Thunder_Sacramento_Kings,2026_04_17,09:10 PM,Oklahoma City Thunder,Sacramento Kings,-16.5,16.5,233.5,-1900,1011,-110,-110,-110,-110,1.052632,11.11,1.909091,1.909091,1.909091,1.909091,0.874,0.126,120.2,109.0,229.2,1,2025_NBA,,,,,,,,,,,,,,,,,,,,,,,,,away,16.5,-110.0,0.22760763076682133,0.2503683688066666,0.6430325378763093,14.303253787630933,0.05,spread,nba,0.3569674621236907,0.6430325378763093,2.8013757726005175,1.5551312586803425,2.843396409189525,1.5784582275605474,+184,-172,0.5238094988662143,0.5238094988662143,0.5,0.5,-0.31851663076682124,-0.14303253787630932,0.0,-31.851663076682122,-14.303253787630933,0.22760763076682133,0.14303253787630932,0.2503683688066666,22.76076307668213,14.303253787630933,,,,,,,,,,,,,,,,,,,,
Basketball,NBA,2025_11_19,NBA_2025_11_19_Philadelphia_76ers_Toronto_Raptors,2026_04_17,08:10 PM,Philadelphia 76ers,Toronto Raptors,-1.5,1.5,236.5,-102,-118,-110,-110,-110,-110,1.980392,1.847458,1.909091,1.909091,1.909091,1.909091,0.445,0.555,115.1,117.6,232.7,1,2025_NBA,,,,,,,,,,,,,,,,,,,,,,,,,away,1.5,-110.0,0.16259822059719098,0.1788580247711077,0.6089799913137671,10.897999131376713,0.04471450619277693,spread,nba,0.3910200086862329,0.6089799913137671,2.557413886209676,1.6420900756405412,2.595775094502821,1.6667214267751491,+159,-149,0.5238094988662143,0.5238094988662143,0.5,0.5,-0.253507220597191,-0.10897999131376712,0.0,-25.3507220597191,-10.897999131376713,0.16259822059719098,0.10897999131376712,0.1788580247711077,16.2598220597191,10.897999131376713,,,,,,,,,,,,,,,,,,,,
Basketball,NBA,2025_11_19,NBA_2025_11_19_Portland_Trail_Blazers_Chicago_Bulls,2026_04_17,11:10 PM,Portland Trail Blazers,Chicago Bulls,1.5,-1.5,243.5,100,-120,-110,-110,-110,-110,2.0,1.833333,1.909091,1.909091,1.909091,1.909091,0.439,0.561,118.0,120.7,238.7,1,2025_NBA,,,,,,,,,,,,,,,,,,,,,,,,,away,-1.5,-110.0,0.017686044522422728,0.019454647029200297,0.5330736169844301,3.307361698443012,0.004863661757300074,spread,nba,0.4669263830155699,0.5330736169844301,2.1416652311262836,1.8759135101394593,2.173790209593178,1.904052212791551,+117,-110,0.5238094988662143,0.5238094988662143,0.5,0.5,-0.10859504452242263,-0.03307361698443012,0.0,-10.859504452242263,-3.307361698443012,0.017686044522422728,0.03307361698443012,0.019454647029200297,1.7686044522422728,3.307361698443012,,,,,,,,,,,,,,,,,,,,
Basketball,NBA,2025_11_20,NBA_2025_11_20_Memphis_Grizzlies_Sacramento_Kings,2026_04_17,09:10 PM,Memphis Grizzlies,Sacramento Kings,-2.5,2.5,234.5,-145,125,-110,-110,-110,-110,1.689655,2.25,1.909091,1.909091,1.909091,1.909091,0.634,0.366,119.7,115.7,235.4,1,2025_NBA,,,,,,,,,,,,,,,,,,,,,,,,,home,-2.5,-110.0,0.03342028526630725,0.03676231011670702,0.5413153617435247,4.131536174352468,0.009190577529176755,spread,nba,0.5413153617435247,0.4586846382564753,1.8473519701696552,2.1801471350798676,1.8750622497221998,2.2128493421060655,-114,+121,0.5238094988662143,0.5238094988662143,0.5,0.5,0.03342028526630725,0.04131536174352468,0.03676231011670702,3.342028526630725,4.131536174352468,-0.12432928526630727,-0.04131536174352468,0.0,-12.432928526630727,-4.131536174352468,,,,,,,,,,,,,,,,,,,,
Basketball,NBA,2025_11_20,NBA_2025_11_20_Milwaukee_Bucks_Philadelphia_76ers,2026_04_17,09:10 PM,Milwaukee Bucks,Philadelphia 76ers,1.0,-1.0,230.0,105,-125,-115,-105,-110,-110,2.05,1.8,1.869565,1.952381,1.909091,1.909091,0.545,0.455,116.3,114.8,231.1,1,2025_NBA,,,,,,,,,,,,,,,,,,,,,,,,,home,1.0,-115.0,0.06310994947443715,0.07257646003971788,0.5686402716538004,5.780600031663341,0.01814411500992947,spread,nba,0.5686402716538004,0.4313597283461996,1.758581039453393,2.3182507181046406,1.7849597550451937,2.35302447887621,-127,+135,0.5348837831260214,0.5121951094586559,0.510834271337167,0.489165728662833,0.06310994947443715,0.05780600031663341,0.07257646003971788,6.3109949474437155,5.780600031663341,-0.15782146221171844,-0.057806000316633355,0.0,-15.782146221171844,-5.780600031663336,,,,,,,,,,,,,,,,,,,,
Basketball,NBA,2025_11_20,NBA_2025_11_20_San_Antonio_Spurs_Atlanta_Hawks,2026_04_17,09:10 PM,San Antonio Spurs,Atlanta Hawks,-3.5,3.5,232.0,-115,-105,-110,-110,-110,-110,1.869565,1.952381,1.909091,1.909091,1.909091,1.909091,0.492,0.508,114.5,115.3,229.8,1,2025_NBA,,,,,,,,,,,,,,,,,,,,,,,,,away,3.5,-110.0,0.17776344522743348,0.19553977019619978,0.616923680027528,11.692368002752795,0.048884942549049945,spread,nba,0.38307631997247205,0.616923680027528,2.6104458768734653,1.6209460462846534,2.649602565026567,1.645260236978923,+164,-154,0.5238094988662143,0.5238094988662143,0.5,0.5,-0.2686724452274334,-0.11692368002752795,0.0,-26.867244522743338,-11.692368002752795,0.17776344522743348,0.11692368002752795,0.19553977019619978,17.776344522743347,11.692368002752795,,,,,,,,,,,,,,,,,,,,
Basketball,NBA,2025_11_21,NBA_2025_11_21_Boston_Celtics_Brooklyn_Nets,2026_04_17,08:40 PM,Boston Celtics,Brooklyn Nets,-15.0,15.0,221.5,-1100,709,-110,-110,-110,-110,1.090909,8.09,1.909091,1.909091,1.909091,1.909091,0.897,0.103,119.8,107.4,227.2,1,2025_NBA,,,,,,,,,,,,,,,,,,,,,,,,,away,15.0,-110.0,0.09077247057433602,0.09984970764679885,0.5713569811886055,7.135698118860545,0.02496242691169971,spread,nba,0.42864301881139455,0.5713569811886055,2.332943629346745,1.750219272581005,2.367937783786946,1.77647256166972,+136,-128,0.5238094988662143,0.5238094988662143,0.5,0.5,-0.18168147057433592,-0.07135698118860545,0.0,-18.168147057433593,-7.135698118860545,0.09077247057433602,0.07135698118860545,0.09984970764679885,9.077247057433603,7.135698118860545,,,,,,,,,,,,,,,,,,,,
Basketball,NBA,2025_11_21,NBA_2025_11_21_Chicago_Bulls_Miami_Heat,2026_04_17,09:10 PM,Chicago Bulls,Miami Heat,-3.0,3.0,247.5,-135,115,-110,-110,-110,-110,1.740741,2.15,1.909091,1.909091,1.909091,1.909091,0.555,0.445,120.8,119.0,239.8,1,2025_NBA,,,,,,,,,,,,,,,,,,,,,,,,,away,3.0,-110.0,0.017686044522422728,0.019454647029200297,0.5330736169844301,3.307361698443012,0.004863661757300074,spread,nba,0.4669263830155699,0.5330736169844301,2.1416652311262836,1.8759135101394593,2.173790209593178,1.904052212791551,+117,-110,0.5238094988662143,0.5238094988662143,0.5,0.5,-0.10859504452242263,-0.03307361698443012,0.0,-10.859504452242263,-3.307361698443012,0.017686044522422728,0.03307361698443012,0.019454647029200297,1.7686044522422728,3.307361698443012,,,,,,,,,,,,,,,,,,,,
Basketball,NBA,2025_11_21,NBA_2025_11_21_Cleveland_Cavaliers_Indiana_Pacers,2026_04_17,08:10 PM,Cleveland Cavaliers,Indiana Pacers,-14.0,14.0,236.5,-800,561,-115,-105,-110,-110,1.125,6.61,1.869565,1.952381,1.909091,1.909091,0.815,0.185,121.6,112.3,233.9,1,2025_NBA,,,,,,,,,,,,,,,,,,,,,,,,,away,14.0,-105.0,0.224999421398965,0.23624938065644424,0.627438712730233,13.827298406740002,0.05,spread,nba,0.372561287269767,0.627438712730233,2.684122140891983,1.593781160949738,2.7243839730053625,1.617687878363984,+172,-161,0.5348837831260214,0.5121951094586559,0.510834271337167,0.489165728662833,-0.30347245696549807,-0.13827298406739996,0.0,-30.347245696549805,-13.827298406739995,0.224999421398965,0.13827298406740002,0.23624938065644424,22.4999421398965,13.827298406740002,,,,,,,,,,,,,,,,,,,,
Basketball,NBA,2025_11_21,NBA_2025_11_21_Houston_Rockets_Denver_Nuggets,2026_04_17,10:40 PM,Houston Rockets,Denver Nuggets,-3.0,3.0,234.5,-127,107,-110,-110,-110,-110,1.787402,2.07,1.909091,1.909091,1.909091,1.909091,0.538,0.462,118.0,116.8,234.8,1,2025_NBA,,,,,,,,,,,,,,,,,,,,,,,,,away,3.0,-110.0,0.04912069204370306,0.05403275584479766,0.549539383949588,4.953938394958801,0.013508188961199414,spread,nba,0.450460616050412,0.549539383949588,2.2199499009877655,1.8197057921725497,2.2532491495025817,1.8470013790551378,+125,-118,0.5238094988662143,0.5238094988662143,0.5,0.5,-0.14002969204370286,-0.04953938394958801,0.0,-14.002969204370286,-4.953938394958801,0.04912069204370306,0.04953938394958801,0.05403275584479766,4.912069204370306,4.953938394958801,,,,,,,,,,,,,,,,,,,,
Basketball,NBA,2025_11_21,NBA_2025_11_21_Phoenix_Suns_Minnesota_Timberwolves,2026_04_17,10:10 PM,Phoenix Suns,Minnesota Timberwolves,3.0,-3.0,233.5,140,-160,-115,-105,-110,-110,2.4,1.625,1.869565,1.952381,1.909091,1.909091,0.376,0.624,113.3,117.7,231.0,1,2025_NBA,,,,,,,,,,,,,,,,,,,,,,,,,away,-3.0,-105.0,0.05149365830261332,0.05406833851432707,0.5385699094093895,4.940418074655656,0.013517084628581767,spread,nba,0.46143009059061046,0.5385699094093895,2.167175527543172,1.8567691631651446,2.1996831604563196,1.8846207006126217,+119,-113,0.5348837831260214,0.5121951094586559,0.510834271337167,0.489165728662833,-0.13732645268496535,-0.0494041807465565,0.0,-13.732645268496535,-4.94041807465565,0.05149365830261332,0.04940418074655656,0.05406833851432707,5.149365830261332,4.940418074655656,,,,,,,,,,,,,,,,,,,,
Basketball,NBA,2025_11_21,NBA_2025_11_21_Toronto_Raptors_Washington_Wizards,2026_04_17,08:40 PM,Toronto Raptors,Washington Wizards,-14.0,14.0,239.0,-900,613,-110,-110,-110,-110,1.111111,7.13,1.909091,1.909091,1.909091,1.909091,0.833,0.167,122.9,113.1,236.0,1,2025_NBA,,,,,,,,,,,,,,,,,,,,,,,,,away,14.0,-110.0,0.17271844303664996,0.1899902683412881,0.6142810599581947,11.428105995819472,0.047497567085322025,spread,nba,0.3857189400418053,0.6142810599581947,2.5925613087384747,1.6279193111831507,2.6314497283695517,1.6523381008508977,+163,-153,0.5238094988662143,0.5238094988662143,0.5,0.5,-0.26362744303664987,-0.11428105995819471,0.0,-26.362744303664986,-11.428105995819472,0.17271844303664996,0.11428105995819471,0.1899902683412881,17.271844303664995,11.428105995819472,,,,,,,,,,,,,,,,,,,,
Basketball,NBA,2025_11_21,NBA_2025_11_21_Utah_Jazz_Oklahoma_City_Thunder,2026_04_17,11:10 PM,Utah Jazz,Oklahoma City Thunder,14.5,-14.5,235.0,874,-1500,-110,-110,-110,-110,9.74,1.066667,1.909091,1.909091,1.909091,1.909091,0.178,0.822,110.3,120.5,230.8,1,2025_NBA,,,,,,,,,,,,,,,,,,,,,,,,,home,14.5,-110.0,0.17776344522743348,0.19553977019619978,0.616923680027528,11.692368002752795,0.048884942549049945,spread,nba,0.616923680027528,0.38307631997247205,1.6209460462846534,2.6104458768734653,1.645260236978923,2.649602565026567,-154,+164,0.5238094988662143,0.5238094988662143,0.5,0.5,0.17776344522743348,0.11692368002752795,0.19553977019619978,17.776344522743347,11.692368002752795,-0.2686724452274334,-0.11692368002752795,0.0,-26.867244522743338,-11.692368002752795,,,,,,,,,,,,,,,,,,,,
Basketball,NBA,2025_11_22,NBA_2025_11_22_Chicago_Bulls_Washington_Wizards,2026_04_17,09:10 PM,Chicago Bulls,Washington Wizards,-14.0,14.0,245.0,-700,505,-110,-110,-110,-110,1.142857,6.05,1.909091,1.909091,1.909091,1.909091,0.803,0.197,124.1,115.4,239.5,1,2025_NBA,,,,,,,,,,,,,,,,,,,,,,,,,away,14.0,-110.0,0.22760763076682222,0.2503683688066674,0.6430325378763098,14.303253787630975,0.05,spread,nba,0.35696746212369024,0.6430325378763098,2.801375772600521,1.5551312586803416,2.8433964091895287,1.5784582275605465,+184,-172,0.5238094988662143,0.5238094988662143,0.5,0.5,-0.318516630766822,-0.14303253787630976,0.0,-31.8516630766822,-14.303253787630975,0.22760763076682222,0.14303253787630976,0.2503683688066674,22.760763076682224,14.303253787630975,,,,,,,,,,,,,,,,,,,,
Basketball,NBA,2025_11_22,NBA_2025_11_22_Dallas_Mavericks_Memphis_Grizzlies,2026_04_17,09:40 PM,Dallas Mavericks,Memphis Grizzlies,-2.0,2.0,226.0,-135,115,-110,-110,-110,-110,1.740741,2.15,1.909091,1.909091,1.909091,1.909091,0.383,0.617,113.9,118.1,232.0,1,2025_NBA,,,,,,,,,,,,,,,,,,,,,,,,,away,2.0,-110.0,0.27140657445358785,0.29854720204422625,0.665974840619744,16.5974840619744,0.05,spread,nba,0.334025159380256,0.665974840619744,2.9937864616407373,1.5015582256372002,3.038693258565348,1.524081599021758,+203,-190,0.5238094988662143,0.5238094988662143,0.5,0.5,-0.36231557445358764,-0.165974840619744,0.0,-36.23155744535877,-16.5974840619744,0.27140657445358785,0.165974840619744,0.29854720204422625,27.140657445358784,16.5974840619744,,,,,,,,,,,,,,,,,,,,
Basketball,NBA,2025_11_22,NBA_2025_11_22_Denver_Nuggets_Sacramento_Kings,2026_04_17,11:10 PM,Denver Nuggets,Sacramento Kings,-13.5,13.5,237.0,-670,488,-110,-110,-115,-105,1.149254,5.88,1.909091,1.909091,1.869565,1.952381,0.82,0.18,122.9,113.6,236.5,1,2025_NBA,,,,,,,,,,,,,,,,,,,,,,,,,away,13.5,-110.0,0.17271844303664996,0.1899902683412881,0.6142810599581947,11.428105995819472,0.047497567085322025,spread,nba,0.3857189400418053,0.6142810599581947,2.5925613087384747,1.6279193111831507,2.6314497283695517,1.6523381008508977,+163,-153,0.5238094988662143,0.5238094988662143,0.5,0.5,-0.26362744303664987,-0.11428105995819471,0.0,-26.362744303664986,-11.428105995819472,0.17271844303664996,0.11428105995819471,0.1899902683412881,17.271844303664995,11.428105995819472,,,,,,,,,,,,,,,,,,,,
Basketball,NBA,2025_11_22,NBA_2025_11_22_Milwaukee_Bucks_Detroit_Pistons,2026_04_17,09:10 PM,Milwaukee Bucks,Detroit Pistons,7.5,-7.5,226.5,292,-365,-105,-115,-105,-115,3.92,1.273973,1.952381,1.869565,1.952381,1.869565,0.326,0.674,111.9,117.9,229.8,1,2025_NBA,,,,,,,,,,,,,,,,,,,,,,,,,home,7.5,-105.0,0.05685382727618449,0.059696515655167814,0.5413153617435247,5.21496330806917,0.014924128913791954,spread,nba,0.5413153617435247,0.4586846382564753,1.8473519701696552,2.1801471350798676,1.8750622497221998,2.2128493421060655,-114,+121,0.5121951094586559,0.5348837831260214,0.489165728662833,0.510834271337167,0.05685382727618449,0.052149633080691704,0.059696515655167814,5.685382727618449,5.21496330806917,-0.14245925427803274,-0.05214963308069165,0.0,-14.245925427803275,-5.214963308069165,,,,,,,,,,,,,,,,,,,,
Basketball,NBA,2025_11_22,NBA_2025_11_22_Orlando_Magic_New_York_Knicks,2026_04_17,06:10 PM,Orlando Magic,New York Knicks,-2.0,2.0,228.5,100,-120,-108,-112,-115,-105,2.0,1.833333,1.925926,1.892857,1.869565,1.952381,0.516,0.484,115.4,115.2,230.6,1,2025_NBA,,,,,,,,,,,,,,,,,,,,,,,,,away,2.0,-112.0,0.04019946968466526,0.04502341325057127,0.549539383949588,4.520960139844544,0.011255853312642818,spread,nba,0.450460616050412,0.549539383949588,2.2199499009877655,1.8197057921725497,2.2532491495025817,1.8470013790551378,+125,-118,0.5192307492603558,0.5283019266642963,0.4956702174488574,0.5043297825511426,-0.13244618757249427,-0.04520960139844543,0.0,-13.244618757249427,-4.520960139844544,0.04019946968466526,0.04520960139844543,0.04502341325057127,4.019946968466526,4.520960139844544,,,,,,,,,,,,,,,,,,,,
Basketball,NBA,2025_11_23,NBA_2025_11_23_Cleveland_Cavaliers_Los_Angeles_Clippers,2026_04_17,07:10 PM,Cleveland Cavaliers,Los Angeles Clippers,-7.5,7.5,230.0,-370,296,-110,-110,-110,-110,1.27027,3.96,1.909091,1.909091,1.909091,1.909091,0.804,0.196,116.7,108.0,224.7,1,2025_NBA,,,,,,,,,,,,,,,,,,,,,,,,,home,-7.5,-110.0,0.017686044522422728,0.019454647029200297,0.5330736169844301,3.307361698443012,0.004863661757300074,spread,nba,0.5330736169844301,0.4669263830155699,1.8759135101394593,2.1416652311262836,1.904052212791551,2.173790209593178,-110,+117,0.5238094988662143,0.5238094988662143,0.5,0.5,0.017686044522422728,0.03307361698443012,0.019454647029200297,1.7686044522422728,3.307361698443012,-0.10859504452242263,-0.03307361698443012,0.0,-10.859504452242263,-3.307361698443012,,,,,,,,,,,,,,,,,,,,
Basketball,NBA,2025_11_23,NBA_2025_11_23_Oklahoma_City_Thunder_Portland_Trail_Blazers,2026_04_17,08:10 PM,Oklahoma City Thunder,Portland Trail Blazers,-15.5,15.5,235.0,-1000,661,-110,-110,-110,-110,1.1,7.61,1.909091,1.909091,1.909091,1.909091,0.826,0.174,120.0,110.5,230.5,1,2025_NBA,,,,,,,,,,,,,,,,,,,,,,,,,away,15.5,-110.0,0.2617683090780467,0.28794511119134025,0.6609262256634423,16.09262256634423,0.05,spread,nba,0.3390737743365577,0.6609262256634423,2.949210690082508,1.513028173448849,2.993448850433745,1.5357235960505817,+199,-186,0.5238094988662143,0.5238094988662143,0.5,0.5,-0.3526773090780466,-0.16092622566344228,0.0,-35.26773090780466,-16.09262256634423,0.2617683090780467,0.16092622566344228,0.28794511119134025,26.17683090780467,16.09262256634423,,,,,,,,,,,,,,,,,,,,
Basketball,NBA,2025_11_23,NBA_2025_11_23_Toronto_Raptors_Brooklyn_Nets,2026_04_17,07:10 PM,Toronto Raptors,Brooklyn Nets,-14.0,14.0,231.0,-800,561,-110,-110,-110,-110,1.125,6.61,1.909091,1.909091,1.909091,1.909091,0.867,0.133,120.3,109.4,229.7,1,2025_NBA,,,,,,,,,,,,,,,,,,,,,,,,,away,14.0,-110.0,0.11660322105641607,0.12826353033570465,0.584887373653962,8.488737365396204,0.03206588258392616,spread,nba,0.41511262634603796,0.584887373653962,2.408984782762064,1.709730873061438,2.4451195545034947,1.7353768361573594,+144,-135,0.5238094988662143,0.5238094988662143,0.5,0.5,-0.20751222105641598,-0.08488737365396204,0.0,-20.7512221056416,-8.488737365396204,0.11660322105641607,0.08488737365396204,0.12826353033570465,11.660322105641608,8.488737365396204,,,,,,,,,,,,,,,,,,,,
Basketball,NBA,2025_11_23,NBA_2025_11_23_Utah_Jazz_Los_Angeles_Lakers,2026_04_17,09:10 PM,Utah Jazz,Los Angeles Lakers,10.5,-10.5,243.5,330,-420,-110,-110,-110,-110,4.3,1.238095,1.909091,1.909091,1.909091,1.909091,0.298,0.702,112.8,119.2,232.0,1,2025_NBA,,,,,,,,,,,,,,,,,,,,,,,,,home,10.5,-110.0,0.16766329419219939,0.18442960516845866,0.6116331249752889,11.163312497528889,0.046107401292114665,spread,nba,0.6116331249752889,0.3883668750247111,1.634967040152382,2.574884894434861,1.6594915457546675,2.6135081678513834,-151,+161,0.5238094988662143,0.5238094988662143,0.5,0.5,0.16766329419219939,0.11163312497528888,0.18442960516845866,16.76632941921994,11.163312497528889,-0.2585722941921992,-0.11163312497528888,0.0,-25.85722941921992,-11.163312497528889,,,,,,,,,,,,,,,,,,,,
Basketball,NBA,2025_11_24,NBA_2025_11_24_Brooklyn_Nets_New_York_Knicks,2026_04_17,08:40 PM,Brooklyn Nets,New York Knicks,14.0,-14.0,228.0,561,-800,-110,-110,-115,-105,6.61,1.125,1.909091,1.909091,1.869565,1.952381,0.141,0.859,108.9,120.3,229.2,1,2025_NBA,,,,,,,,,,,,,,,,,,,,,,,,,home,14.0,-110.0,0.09077247057433602,0.09984970764679885,0.5713569811886055,7.135698118860545,0.02496242691169971,spread,nba,0.5713569811886055,0.42864301881139455,1.750219272581005,2.332943629346745,1.77647256166972,2.367937783786946,-128,+136,0.5238094988662143,0.5238094988662143,0.5,0.5,0.09077247057433602,0.07135698118860545,0.09984970764679885,9.077247057433603,7.135698118860545,-0.18168147057433592,-0.07135698118860545,0.0,-18.168147057433593,-7.135698118860545,,,,,,,,,,,,,,,,,,,,
Basketball,NBA,2025_11_24,NBA_2025_11_24_Golden_State_Warriors_Utah_Jazz,2026_04_17,11:10 PM,Golden State Warriors,Utah Jazz,-14.5,14.5,239.5,-800,561,-110,-110,-110,-110,1.125,6.61,1.909091,1.909091,1.909091,1.909091,0.865,0.135,121.2,110.3,231.5,1,2025_NBA,,,,,,,,,,,,,,,,,,,,,,,,,away,14.5,-110.0,0.14224316466924125,0.1564674654894188,0.598317819668754,9.831781966875397,0.0391168663723547,spread,nba,0.40168218033124603,0.598317819668754,2.489530402307996,1.6713525272465208,2.5268733583426157,1.6964228151552185,+152,-143,0.5238094988662143,0.5238094988662143,0.5,0.5,-0.23315216466924116,-0.09831781966875397,0.0,-23.315216466924117,-9.831781966875397,0.14224316466924125,0.09831781966875397,0.1564674654894188,14.224316466924126,9.831781966875397,,,,,,,,,,,,,,,,,,,,
Basketball,NBA,2025_11_24,NBA_2025_11_24_Indiana_Pacers_Detroit_Pistons,2026_04_17,08:10 PM,Indiana Pacers,Detroit Pistons,10.0,-10.0,236.0,316,-400,-110,-110,-110,-110,4.16,1.25,1.909091,1.909091,1.909091,1.909091,0.231,0.769,110.7,119.3,230.0,1,2025_NBA,,,,,,,,,,,,,,,,,,,,,,,,,home,10.0,-110.0,0.0281789669242809,0.030996860517022936,0.5385699094093895,3.8569909409389536,0.007749215129255734,spread,nba,0.5385699094093895,0.46143009059061046,1.8567691631651446,2.167175527543172,1.8846207006126217,2.1996831604563196,-113,+119,0.5238094988662143,0.5238094988662143,0.5,0.5,0.0281789669242809,0.038569909409389536,0.030996860517022936,2.81789669242809,3.8569909409389536,-0.11908796692428081,-0.038569909409389536,0.0,-11.90879669242808,-3.8569909409389536,,,,,,,,,,,,,,,,,,,,
Basketball,NBA,2025_11_24,NBA_2025_11_24_New_Orleans_Pelicans_Chicago_Bulls,2026_04_17,09:10 PM,New Orleans Pelicans,Chicago Bulls,5.0,-5.0,241.5,174,-200,-110,-110,-110,-110,2.74,1.5,1.909091,1.909091,1.909091,1.909091,0.266,0.734,114.3,121.9,236.2,1,2025_NBA,,,,,,,,,,,,,,,,,,,,,,,,,away,-5.0,-110.0,0.09077247057433602,0.09984970764679885,0.5713569811886055,7.135698118860545,0.02496242691169971,spread,nba,0.42864301881139455,0.5713569811886055,2.332943629346745,1.750219272581005,2.367937783786946,1.77647256166972,+136,-128,0.5238094988662143,0.5238094988662143,0.5,0.5,-0.18168147057433592,-0.07135698118860545,0.0,-18.168147057433593,-7.135698118860545,0.09077247057433602,0.07135698118860545,0.09984970764679885,9.077247057433603,7.135698118860545,,,,,,,,,,,,,,,,,,,,
Basketball,NBA,2025_11_24,NBA_2025_11_24_Toronto_Raptors_Cleveland_Cavaliers,2026_04_17,08:10 PM,Toronto Raptors,Cleveland Cavaliers,2.0,-2.0,239.0,110,-130,-110,-110,-110,-110,2.1,1.769231,1.909091,1.909091,1.909091,1.909091,0.532,0.468,117.9,117.5,235.4,1,2025_NBA,,,,,,,,,,,,,,,,,,,,,,,,,home,2.0,-110.0,0.08039337264887747,0.08843270107049497,0.5659203111055876,6.592031110558761,0.022108175267623743,spread,nba,0.5659203111055876,0.4340796888944124,1.767033238383669,2.3037244671524926,1.793538736959424,2.3382803341597795,-126,+133,0.5238094988662143,0.5238094988662143,0.5,0.5,0.08039337264887747,0.0659203111055876,0.08843270107049497,8.039337264887747,6.592031110558761,-0.17130237264887727,-0.0659203111055876,0.0,-17.130237264887725,-6.592031110558761,,,,,,,,,,,,,,,,,,,,
Basketball,NBA,2025_11_25,NBA_2025_11_25_Philadelphia_76ers_Orlando_Magic,2026_04_17,09:10 PM,Philadelphia 76ers,Orlando Magic,1.0,-1.0,228.5,-105,-115,-110,-110,-110,-110,1.952381,1.869565,1.909091,1.909091,1.909091,1.909091,0.521,0.479,115.2,114.7,229.9,1,2025_NBA,,,,,,,,,,,,,,,,,,,,,,,,,home,1.0,-110.0,0.03342028526630725,0.03676231011670702,0.5413153617435247,4.131536174352468,0.009190577529176755,spread,nba,0.5413153617435247,0.4586846382564753,1.8473519701696552,2.1801471350798676,1.8750622497221998,2.2128493421060655,-114,+121,0.5238094988662143,0.5238094988662143,0.5,0.5,0.03342028526630725,0.04131536174352468,0.03676231011670702,3.342028526630725,4.131536174352468,-0.12432928526630727,-0.04131536174352468,0.0,-12.432928526630727,-4.131536174352468,,,,,,,,,,,,,,,,,,,,
Basketball,NBA,2025_11_25,NBA_2025_11_25_Washington_Wizards_Atlanta_Hawks,2026_04_17,08:10 PM,Washington Wizards,Atlanta Hawks,10.0,-10.0,236.5,337,-430,-110,-110,-110,-110,4.37,1.232558,1.909091,1.909091,1.909091,1.909091,0.229,0.771,112.6,121.3,233.9,1,2025_NBA,,,,,,,,,,,,,,,,,,,,,,,,,home,10.0,-110.0,0.022934137105209196,0.025227548292975282,0.535822617730223,3.5822617730222994,0.0063068870732438205,spread,nba,0.535822617730223,0.464177382269777,1.8662892660934332,2.15434882912672,1.8942836050848344,2.1866640615636204,-111,+118,0.5238094988662143,0.5238094988662143,0.5,0.5,0.022934137105209196,0.035822617730222994,0.025227548292975282,2.2934137105209196,3.5822617730222994,-0.1138431371052091,-0.035822617730222994,0.0,-11.38431371052091,-3.5822617730222994,,,,,,,,,,,,,,,,,,,,
Basketball,NBA,2025_11_26,NBA_2025_11_26_Boston_Celtics_Detroit_Pistons,2026_04_17,06:12 PM,Boston Celtics,Detroit Pistons,3.0,-3.0,231.0,130,-150,-110,-110,-110,-110,2.3,1.666667,1.909091,1.909091,1.909091,1.909091,0.547,0.453,115.0,113.6,228.6,1,2025_NBA,,,,,,,,,,,,,,,,,,,,,,,,,home,3.0,-110.0,0.18279808027664202,0.20107786819651938,0.6195608696896282,11.95608696896282,0.05,spread,nba,0.6195608696896282,0.3804391303103718,1.6140464140366941,2.6285413889580047,1.6382571102472443,2.6679695097923743,-156,+166,0.5238094988662143,0.5238094988662143,0.5,0.5,0.18279808027664202,0.1195608696896282,0.20107786819651938,18.279808027664203,11.95608696896282,-0.2737070802766419,-0.1195608696896282,0.0,-27.370708027664193,-11.95608696896282,,,,,,,,,,,,,,,,,,,,
Basketball,NBA,2025_11_26,NBA_2025_11_26_Oklahoma_City_Thunder_Minnesota_Timberwolves,2026_04_17,08:40 PM,Oklahoma City Thunder,Minnesota Timberwolves,-10.0,10.0,228.5,-350,280,-115,-105,-110,-110,1.285714,3.8,1.869565,1.952381,1.909091,1.909091,0.674,0.326,116.8,111.8,228.6,1,2025_NBA,,,,,,,,,,,,,,,,,,,,,,,,,away,10.0,-105.0,0.24027657994627916,0.2522903963290733,0.6352635986245918,14.609786996175883,0.05,spread,nba,0.3647364013754082,0.6352635986245918,2.741706054643943,1.5741496949692984,2.782831645463602,1.5977619403938377,+178,-167,0.5348837831260214,0.5121951094586559,0.510834271337167,0.489165728662833,-0.31810158976258496,-0.14609786996175878,0.0,-31.810158976258496,-14.609786996175878,0.24027657994627916,0.14609786996175883,0.2522903963290733,24.027657994627916,14.609786996175883,,,,,,,,,,,,,,,,,,,,
Basketball,NBA,2025_11_26,NBA_2025_11_26_Portland_Trail_Blazers_San_Antonio_Spurs,2026_04_17,11:10 PM,Portland Trail Blazers,San Antonio Spurs,-2.5,2.5,238.0,-135,115,-110,-110,-110,-110,1.740741,2.15,1.909091,1.909091,1.909091,1.909091,0.492,0.508,115.9,116.8,232.7,1,2025_NBA,,,,,,,,,,,,,,,,,,,,,,,,,away,2.5,-110.0,0.13201195676375233,0.14521313791881388,0.5929586157829838,9.295861578298382,0.03630328447970347,spread,nba,0.4070413842170162,0.5929586157829838,2.456752651634176,1.6864583351732405,2.4936039414086886,1.7117552102008389,+149,-140,0.5238094988662143,0.5238094988662143,0.5,0.5,-0.22292095676375234,-0.09295861578298381,0.0,-22.292095676375233,-9.295861578298382,0.13201195676375233,0.09295861578298381,0.14521313791881388,13.201195676375232,9.295861578298382,,,,,,,,,,,,,,,,,,,,
Basketball,NBA,2025_11_28,NBA_2025_11_28_Atlanta_Hawks_Cleveland_Cavaliers,2026_04_17,08:40 PM,Atlanta Hawks,Cleveland Cavaliers,5.5,-5.5,239.5,153,-175,-110,-110,-110,-110,2.53,1.571429,1.909091,1.909091,1.909091,1.909091,0.463,0.537,115.7,117.7,233.4,1,2025_NBA,,,,,,,,,,,,,,,,,,,,,,,,,home,5.5,-110.0,0.13713184334774708,0.15084501259802063,0.595640461008798,9.564046100879796,0.03771125314950516,spread,nba,0.595640461008798,0.404359538991202,1.678865129991949,2.473046641844544,1.704048106941828,2.510142341472212,-142,+151,0.5238094988662143,0.5238094988662143,0.5,0.5,0.13713184334774708,0.09564046100879797,0.15084501259802063,13.71318433477471,9.564046100879796,-0.2280408433477471,-0.09564046100879797,0.0,-22.80408433477471,-9.564046100879796,,,,,,,,,,,,,,,,,,,,
Basketball,NBA,2025_11_28,NBA_2025_11_28_Brooklyn_Nets_Philadelphia_76ers,2026_04_17,08:40 PM,Brooklyn Nets,Philadelphia 76ers,6.5,-6.5,227.5,226,-275,-110,-110,-110,-110,3.26,1.363636,1.909091,1.909091,1.909091,1.909091,0.197,0.803,109.5,119.1,228.6,1,2025_NBA,,,,,,,,,,,,,,,,,,,,,,,,,away,-6.5,-110.0,0.11660322105641518,0.12826353033570378,0.5848873736539616,8.48873736539616,0.032065882583925946,spread,nba,0.4151126263460384,0.5848873736539616,2.408984782762061,1.7097308730614393,2.445119554503492,1.7353768361573607,+144,-135,0.5238094988662143,0.5238094988662143,0.5,0.5,-0.2075122210564152,-0.0848873736539616,0.0,-20.75122210564152,-8.48873736539616,0.11660322105641518,0.0848873736539616,0.12826353033570378,11.66032210564152,8.48873736539616,,,,,,,,,,,,,,,,,,,,
Basketball,NBA,2025_11_28,NBA_2025_11_28_Charlotte_Hornets_Chicago_Bulls,2026_04_17,08:40 PM,Charlotte Hornets,Chicago Bulls,3.5,-3.5,247.5,135,-155,-110,-110,-110,-110,2.35,1.645161,1.909091,1.909091,1.909091,1.909091,0.367,0.633,116.6,121.4,238.0,1,2025_NBA,,,,,,,,,,,,,,,,,,,,,,,,,away,-3.5,-110.0,0.022934137105210084,0.025227548292976198,0.5358226177302234,3.582261773022344,0.0063068870732440495,spread,nba,0.46417738226977656,0.5358226177302234,2.154348829126722,1.8662892660934316,2.1866640615636226,1.8942836050848328,+118,-111,0.5238094988662143,0.5238094988662143,0.5,0.5,-0.11384313710520999,-0.03582261773022344,0.0,-11.384313710520999,-3.582261773022344,0.022934137105210084,0.03582261773022344,0.025227548292976198,2.2934137105210084,3.582261773022344,,,,,,,,,,,,,,,,,,,,
Basketball,NBA,2025_11_28,NBA_2025_11_28_Denver_Nuggets_San_Antonio_Spurs,2026_04_17,10:40 PM,Denver Nuggets,San Antonio Spurs,-10.5,10.5,237.0,-410,324,-110,-110,-110,-110,1.243902,4.24,1.909091,1.909091,1.909091,1.909091,0.752,0.248,121.0,113.5,234.5,1,2025_NBA,,,,,,,,,,,,,,,,,,,,,,,,,away,10.5,-110.0,0.11145139478604937,0.12259652200500222,0.5821887981170355,8.21887981170355,0.030649130501250555,spread,nba,0.4178112018829645,0.5821887981170355,2.3934255364462818,1.7176558587768864,2.4293269194929756,1.7434206966585395,+142,-134,0.5238094988662143,0.5238094988662143,0.5,0.5,-0.2023603947860494,-0.0821887981170355,0.0,-20.23603947860494,-8.21887981170355,0.11145139478604937,0.0821887981170355,0.12259652200500222,11.145139478604937,8.21887981170355,,,,,,,,,,,,,,,,,,,,
Basketball,NBA,2025_11_28,NBA_2025_11_28_Detroit_Pistons_Orlando_Magic,2026_04_17,08:40 PM,Detroit Pistons,Orlando Magic,-5.5,5.5,234.5,-197,172,-110,-110,-110,-110,1.507614,2.72,1.909091,1.909091,1.909091,1.909091,0.597,0.403,115.5,112.7,228.2,1,2025_NBA,,,,,,,,,,,,,,,,,,,,,,,,,away,5.5,-110.0,0.09595246942634539,0.10554770581420933,0.574070313791404,7.407031379140405,0.026386926453552333,spread,nba,0.42592968620859595,0.574070313791404,2.3478053593809785,1.7419468939189269,2.383022439771693,1.7680760973277105,+138,-130,0.5238094988662143,0.5238094988662143,0.5,0.5,-0.1868614694263453,-0.07407031379140405,0.0,-18.68614694263453,-7.407031379140405,0.09595246942634539,0.07407031379140405,0.10554770581420933,9.595246942634539,7.407031379140405,,,,,,,,,,,,,,,,,,,,
Basketball,NBA,2025_11_28,NBA_2025_11_28_Indiana_Pacers_Washington_Wizards,2026_04_17,08:40 PM,Indiana Pacers,Washington Wizards,-6.5,6.5,240.0,-255,211,-110,-110,-110,-110,1.392157,3.11,1.909091,1.909091,1.909091,1.909091,0.569,0.431,118.5,116.3,234.8,1,2025_NBA,,,,,,,,,,,,,,,,,,,,,,,,,away,6.5,-110.0,0.17776344522743348,0.19553977019619978,0.616923680027528,11.692368002752795,0.048884942549049945,spread,nba,0.38307631997247205,0.616923680027528,2.6104458768734653,1.6209460462846534,2.649602565026567,1.645260236978923,+164,-154,0.5238094988662143,0.5238094988662143,0.5,0.5,-0.2686724452274334,-0.11692368002752795,0.0,-26.867244522743338,-11.692368002752795,0.17776344522743348,0.11692368002752795,0.19553977019619978,17.776344522743347,11.692368002752795,,,,,,,,,,,,,,,,,,,,
Basketball,NBA,2025_11_28,NBA_2025_11_28_Los_Angeles_Clippers_Memphis_Grizzlies,2026_04_17,11:10 PM,Los Angeles Clippers,Memphis Grizzlies,-7.0,7.0,227.5,-255,211,-110,-110,-110,-110,1.392157,3.11,1.909091,1.909091,1.909091,1.909091,0.556,0.444,113.7,111.9,225.6,1,2025_NBA,,,,,,,,,,,,,,,,,,,,,,,,,away,7.0,-110.0,0.2226759744858926,0.24494354744012697,0.6404492894712156,14.04492894712156,0.05,spread,nba,0.3595507105287844,0.6404492894712156,2.7812488495136583,1.5614038713754308,2.822967582256363,1.5848249294460621,+182,-170,0.5238094988662143,0.5238094988662143,0.5,0.5,-0.3135849744858924,-0.1404492894712156,0.0,-31.35849744858924,-14.04492894712156,0.2226759744858926,0.1404492894712156,0.24494354744012697,22.26759744858926,14.04492894712156,,,,,,,,,,,,,,,,,,,,
Basketball,NBA,2025_11_28,NBA_2025_11_28_Oklahoma_City_Thunder_Phoenix_Suns,2026_04_17,10:40 PM,Oklahoma City Thunder,Phoenix Suns,-14.5,14.5,227.5,-1000,661,-110,-110,-110,-110,1.1,7.61,1.909091,1.909091,1.909091,1.909091,0.815,0.185,118.3,109.2,227.5,1,2025_NBA,,,,,,,,,,,,,,,,,,,,,,,,,away,14.5,-110.0,0.23252679901455253,0.2557794533380624,0.645609244930992,14.560924493099204,0.05,spread,nba,0.35439075506900797,0.645609244930992,2.821744037327602,1.5489245357799797,2.864070197887516,1.5721584038166792,+186,-174,0.5238094988662143,0.5238094988662143,0.5,0.5,-0.32343579901455244,-0.14560924493099203,0.0,-32.34357990145524,-14.560924493099204,0.23252679901455253,0.14560924493099203,0.2557794533380624,23.252679901455252,14.560924493099204,,,,,,,,,,,,,,,,,,,,
Basketball,NBA,2025_11_28,NBA_2025_11_28_Utah_Jazz_Sacramento_Kings,2026_04_17,10:40 PM,Utah Jazz,Sacramento Kings,-1.0,1.0,240.5,-115,-105,-114,-106,-110,-110,1.869565,1.952381,1.877193,1.943396,1.909091,1.909091,0.596,0.404,119.0,116.2,235.2,1,2025_NBA,,,,,,,,,,,,,,,,,,,,,,,,,home,-1.0,-114.0,0.03159148477447915,0.03601429192262033,0.5495393839495881,4.087540569911418,0.009003572980655083,spread,nba,0.5495393839495881,0.4504606160504119,1.8197057921725492,2.2199499009877663,1.8470013790551374,2.2532491495025826,-118,+125,0.5327102753952311,0.5145631667452233,0.5086639782504739,0.49133602174952606,0.03159148477447915,0.04087540569911419,0.03601429192262033,3.159148477447915,4.087540569911418,-0.12457664061009377,-0.04087540569911419,0.0,-12.457664061009377,-4.087540569911418,,,,,,,,,,,,,,,,,,,,
Basketball,NBA,2025_11_29,NBA_2025_11_29_Charlotte_Hornets_Toronto_Raptors,2026_04_17,07:10 PM,Charlotte Hornets,Toronto Raptors,6.5,-6.5,237.0,274,-340,-110,-110,-110,-110,3.74,1.294118,1.909091,1.909091,1.909091,1.909091,0.204,0.796,110.1,119.4,229.5,1,2025_NBA,,,,,,,,,,,,,,,,,,,,,,,,,away,-6.5,-110.0,0.10112578193302002,0.11123834900248711,0.5767801440230036,7.678014402300359,0.027809587250621777,spread,nba,0.4232198559769964,0.5767801440230036,2.362838099104579,1.73376287370967,2.3982806705911477,1.7597693168153148,+139,-131,0.5238094988662143,0.5238094988662143,0.5,0.5,-0.19203478193301993,-0.0767801440230036,0.0,-19.203478193301994,-7.678014402300359,0.10112578193302002,0.0767801440230036,0.11123834900248711,10.112578193302003,7.678014402300359,,,,,,,,,,,,,,,,,,,,
Basketball,NBA,2025_11_29,NBA_2025_11_29_Indiana_Pacers_Chicago_Bulls,2026_04_17,08:40 PM,Indiana Pacers,Chicago Bulls,3.0,-3.0,247.5,157,-180,-110,-110,-110,-110,2.57,1.555556,1.909091,1.909091,1.909091,1.909091,0.333,0.667,117.9,123.6,241.5,1,2025_NBA,,,,,,,,,,,,,,,,,,,,,,,,,away,-3.0,-110.0,0.0959524694263445,0.10554770581420848,0.5740703137914036,7.407031379140361,0.02638692645355212,spread,nba,0.4259296862085964,0.5740703137914036,2.3478053593809762,1.7419468939189282,2.3830224397716906,1.7680760973277119,+138,-130,0.5238094988662143,0.5238094988662143,0.5,0.5,-0.18686146942634452,-0.07407031379140361,0.0,-18.68614694263445,-7.407031379140361,0.0959524694263445,0.07407031379140361,0.10554770581420848,9.59524694263445,7.407031379140361,,,,,,,,,,,,,,,,,,,,
Basketball,NBA,2025_11_29,NBA_2025_11_29_Milwaukee_Bucks_Brooklyn_Nets,2026_04_17,09:10 PM,Milwaukee Bucks,Brooklyn Nets,-10.0,10.0,224.0,-415,327,-110,-110,-110,-110,1.240964,4.27,1.909091,1.909091,1.909091,1.909091,0.783,0.217,116.0,107.8,223.8,1,2025_NBA,,,,,,,,,,,,,,,,,,,,,,,,,away,10.0,-110.0,0.04912069204370306,0.05403275584479766,0.549539383949588,4.953938394958801,0.013508188961199414,spread,nba,0.450460616050412,0.549539383949588,2.2199499009877655,1.8197057921725497,2.2532491495025817,1.8470013790551378,+125,-118,0.5238094988662143,0.5238094988662143,0.5,0.5,-0.14002969204370286,-0.04953938394958801,0.0,-14.002969204370286,-4.953938394958801,0.04912069204370306,0.04953938394958801,0.05403275584479766,4.912069204370306,4.953938394958801,,,,,,,,,,,,,,,,,,,,
Basketball,NBA,2025_11_29,NBA_2025_11_29_Minnesota_Timberwolves_Boston_Celtics,2026_04_17,06:10 PM,Minnesota Timberwolves,Boston Celtics,-7.5,7.5,227.0,-285,234,-110,-110,-110,-110,1.350877,3.34,1.909091,1.909091,1.909091,1.909091,0.648,0.352,115.2,110.7,225.9,1,2025_NBA,,,,,,,,,,,,,,,,,,,,,,,,,away,7.5,-110.0,0.11145139478604937,0.12259652200500222,0.5821887981170355,8.21887981170355,0.030649130501250555,spread,nba,0.4178112018829645,0.5821887981170355,2.3934255364462818,1.7176558587768864,2.4293269194929756,1.7434206966585395,+142,-134,0.5238094988662143,0.5238094988662143,0.5,0.5,-0.2023603947860494,-0.0821887981170355,0.0,-20.23603947860494,-8.21887981170355,0.11145139478604937,0.0821887981170355,0.12259652200500222,11.145139478604937,8.21887981170355,,,,,,,,,,,,,,,,,,,,
Basketball,NBA,2025_11_29,NBA_2025_11_29_Phoenix_Suns_Denver_Nuggets,2026_04_17,10:10 PM,Phoenix Suns,Denver Nuggets,5.5,-5.5,234.0,189,-225,-105,-115,-110,-110,2.89,1.444444,1.952381,1.869565,1.909091,1.909091,0.368,0.632,115.1,119.7,234.8,1,2025_NBA,,,,,,,,,,,,,,,,,,,,,,,,,home,5.5,-105.0,0.024644040907698672,0.025876241659271524,0.5248176666888782,3.5651938026045213,0.006469060414817881,spread,nba,0.5248176666888782,0.4751823333111218,1.9054236613433573,2.1044553425037753,1.9340050162635074,2.1360221726413315,-107,+113,0.5121951094586559,0.5348837831260214,0.489165728662833,0.510834271337167,0.024644040907698672,0.035651938026045216,0.025876241659271524,2.464404090769867,3.5651938026045213,-0.1116157410231926,-0.03565193802604516,0.0,-11.16157410231926,-3.565193802604516,,,,,,,,,,,,,,,,,,,,
Basketball,NBA,2025_11_30,NBA_2025_11_30_Cleveland_Cavaliers_Boston_Celtics,2026_04_17,07:10 PM,Cleveland Cavaliers,Boston Celtics,-8.0,8.0,232.0,-320,260,-110,-110,-110,-110,1.3125,3.6,1.909091,1.909091,1.909091,1.909091,0.691,0.309,119.0,113.6,232.6,1,2025_NBA,,,,,,,,,,,,,,,,,,,,,,,,,away,8.0,-110.0,0.09077247057433513,0.09984970764679786,0.571356981188605,7.135698118860501,0.024962426911699465,spread,nba,0.428643018811395,0.571356981188605,2.332943629346743,1.7502192725810064,2.3679377837869438,1.7764725616697212,+136,-128,0.5238094988662143,0.5238094988662143,0.5,0.5,-0.18168147057433504,-0.071356981188605,0.0,-18.168147057433504,-7.135698118860501,0.09077247057433513,0.071356981188605,0.09984970764679786,9.077247057433514,7.135698118860501,,,,,,,,,,,,,,,,,,,,
Basketball,NBA,2025_11_30,NBA_2025_11_30_Los_Angeles_Lakers_New_Orleans_Pelicans,2026_04_17,10:40 PM,Los Angeles Lakers,New Orleans Pelicans,-14.5,14.5,233.5,-925,624,-110,-110,-110,-110,1.108108,7.24,1.909091,1.909091,1.909091,1.909091,0.9,0.1,120.8,108.3,229.1,1,2025_NBA,,,,,,,,,,,,,,,,,,,,,,,,,away,14.5,-110.0,0.059565536990557,0.06552208413740428,0.5550104929469349,5.501049294693495,0.01638052103435107,spread,nba,0.44498950705306506,0.5550104929469349,2.2472440004765097,1.8017677372013414,2.280952660483657,1.8287942532593613,+128,-120,0.5238094988662143,0.5238094988662143,0.5,0.5,-0.1504745369905569,-0.05501049294693494,0.0,-15.04745369905569,-5.501049294693495,0.059565536990557,0.05501049294693494,0.06552208413740428,5.9565536990557,5.501049294693495,,,,,,,,,,,,,,,,,,,,
Basketball,NBA,2025_12_01,NBA_2025_12_01_Brooklyn_Nets_Charlotte_Hornets,2026_04_17,08:40 PM,Brooklyn Nets,Charlotte Hornets,4.0,-4.0,228.0,157,-180,-110,-110,-110,-110,2.57,1.555556,1.909091,1.909091,1.909091,1.909091,0.339,0.661,112.2,117.7,229.9,1,2025_NBA,,,,,,,,,,,,,,,,,,,,,,,,,away,-4.0,-110.0,0.03342028526630725,0.03676231011670702,0.5413153617435247,4.131536174352468,0.009190577529176755,spread,nba,0.4586846382564753,0.5413153617435247,2.1801471350798676,1.8473519701696552,2.2128493421060655,1.8750622497221998,+121,-114,0.5238094988662143,0.5238094988662143,0.5,0.5,-0.12432928526630727,-0.04131536174352468,0.0,-12.432928526630727,-4.131536174352468,0.03342028526630725,0.04131536174352468,0.03676231011670702,3.342028526630725,4.131536174352468,,,,,,,,,,,,,,,,,,,,
Basketball,NBA,2025_12_01,NBA_2025_12_01_Los_Angeles_Lakers_Phoenix_Suns,2026_04_17,11:10 PM,Los Angeles Lakers,Phoenix Suns,-9.0,9.0,233.5,-215,183,-110,-110,-110,-110,1.465116,2.83,1.909091,1.909091,1.909091,1.909091,0.677,0.323,118.8,113.6,232.4,1,2025_NBA,,,,,,,,,,,,,,,,,,,,,,,,,away,9.0,-110.0,0.1524391936692393,0.16768309626785358,0.6036585965096684,10.365859650966836,0.041920774066963394,spread,nba,0.39634140349033165,0.6036585965096684,2.5230773045501262,1.6565654921208162,2.560923464118378,1.6814139745026282,+156,-146,0.5238094988662143,0.5238094988662143,0.5,0.5,-0.2433481936692392,-0.10365859650966835,0.0,-24.33481936692392,-10.365859650966836,0.1524391936692393,0.10365859650966835,0.16768309626785358,15.24391936692393,10.365859650966836,,,,,,,,,,,,,,,,,,,,
Basketball,NBA,2025_12_01,NBA_2025_12_01_Miami_Heat_Los_Angeles_Clippers,2026_04_17,08:40 PM,Miami Heat,Los Angeles Clippers,-5.0,5.0,237.5,-225,189,-110,-110,-115,-105,1.444444,2.89,1.909091,1.909091,1.869565,1.952381,0.735,0.265,120.3,113.5,233.8,1,2025_NBA,,,,,,,,,,,,,,,,,,,,,,,,,home,-5.0,-110.0,0.049120692043703285,0.0540327558447979,0.5495393839495881,4.953938394958812,0.013508188961199475,spread,nba,0.5495393839495881,0.4504606160504119,1.8197057921725492,2.2199499009877663,1.8470013790551374,2.2532491495025826,-118,+125,0.5238094988662143,0.5238094988662143,0.5,0.5,0.049120692043703285,0.04953938394958812,0.0540327558447979,4.9120692043703285,4.953938394958812,-0.14002969204370308,-0.04953938394958812,0.0,-14.002969204370308,-4.953938394958812,,,,,,,,,,,,,,,,,,,,
Basketball,NBA,2025_12_01,NBA_2025_12_01_Utah_Jazz_Houston_Rockets,2026_04_17,10:10 PM,Utah Jazz,Houston Rockets,12.0,-12.0,233.5,446,-600,-110,-110,-110,-110,5.46,1.166667,1.909091,1.909091,1.909091,1.909091,0.162,0.838,111.3,122.0,233.3,1,2025_NBA,,,,,,,,,,,,,,,,,,,,,,,,,home,12.0,-110.0,0.022934137105209196,0.025227548292975282,0.535822617730223,3.5822617730222994,0.0063068870732438205,spread,nba,0.535822617730223,0.464177382269777,1.8662892660934332,2.15434882912672,1.8942836050848344,2.1866640615636204,-111,+118,0.5238094988662143,0.5238094988662143,0.5,0.5,0.022934137105209196,0.035822617730222994,0.025227548292975282,2.2934137105209196,3.5822617730222994,-0.1138431371052091,-0.035822617730222994,0.0,-11.38431371052091,-3.5822617730222994,,,,,,,,,,,,,,,,,,,,
Basketball,NBA,2025_12_01,NBA_2025_12_01_Washington_Wizards_Milwaukee_Bucks,2026_04_17,08:10 PM,Washington Wizards,Milwaukee Bucks,10.0,-10.0,237.0,334,-425,-110,-110,-110,-110,4.34,1.235294,1.909091,1.909091,1.909091,1.909091,0.262,0.738,113.4,121.1,234.5,1,2025_NBA,,,,,,,,,,,,,,,,,,,,,,,,,home,10.0,-110.0,0.07519475523737729,0.08271422248969264,0.5631972259244725,6.319722592447253,0.02067855562242316,spread,nba,0.5631972259244725,0.4368027740755275,1.7755769275293,2.2893627498507834,1.8022105814422393,2.323703191098545,-124,+132,0.5238094988662143,0.5238094988662143,0.5,0.5,0.07519475523737729,0.06319722592447252,0.08271422248969264,7.519475523737729,6.319722592447253,-0.16610375523737708,-0.06319722592447252,0.0,-16.61037552373771,-6.319722592447253,,,,,,,,,,,,,,,,,,,,
Basketball,NBA,2025_12_02,NBA_2025_12_02_Boston_Celtics_New_York_Knicks,2026_04_17,09:10 PM,Boston Celtics,New York Knicks,1.0,-1.0,228.0,-105,-115,-110,-110,-110,-110,1.952381,1.869565,1.909091,1.909091,1.909091,1.909091,0.515,0.485,115.6,115.3,230.9,1,2025_NBA,,,,,,,,,,,,,,,,,,,,,,,,,home,1.0,-110.0,0.022934137105209196,0.025227548292975282,0.535822617730223,3.5822617730222994,0.0063068870732438205,spread,nba,0.535822617730223,0.464177382269777,1.8662892660934332,2.15434882912672,1.8942836050848344,2.1866640615636204,-111,+118,0.5238094988662143,0.5238094988662143,0.5,0.5,0.022934137105209196,0.035822617730222994,0.025227548292975282,2.2934137105209196,3.5822617730222994,-0.1138431371052091,-0.035822617730222994,0.0,-11.38431371052091,-3.5822617730222994,,,,,,,,,,,,,,,,,,,,
Basketball,NBA,2025_12_02,NBA_2025_12_02_New_Orleans_Pelicans_Minnesota_Timberwolves,2026_04_17,09:10 PM,New Orleans Pelicans,Minnesota Timberwolves,9.0,-9.0,232.5,299,-375,-110,-110,-110,-110,3.99,1.266667,1.909091,1.909091,1.909091,1.909091,0.165,0.835,111.0,121.7,232.7,1,2025_NBA,,,,,,,,,,,,,,,,,,,,,,,,,away,-9.0,-110.0,0.04389139521298513,0.04828052990623077,0.5468002285972671,4.680022859726707,0.012070132476557692,spread,nba,0.45319977140273293,0.5468002285972671,2.206532445735408,1.8288214739144277,2.2396304324214387,1.856253796023144,+123,-116,0.5238094988662143,0.5238094988662143,0.5,0.5,-0.13480039521298515,-0.04680022859726707,0.0,-13.480039521298515,-4.680022859726707,0.04389139521298513,0.04680022859726707,0.04828052990623077,4.389139521298513,4.680022859726707,,,,,,,,,,,,,,,,,,,,
Basketball,NBA,2025_12_02,NBA_2025_12_02_Philadelphia_76ers_Washington_Wizards,2026_04_17,08:10 PM,Philadelphia 76ers,Washington Wizards,-13.5,13.5,236.5,-800,561,-110,-110,-110,-110,1.125,6.61,1.909091,1.909091,1.909091,1.909091,0.869,0.131,122.4,111.5,233.9,1,2025_NBA,,,,,,,,,,,,,,,,,,,,,,,,,away,13.5,-110.0,0.09077247057433513,0.09984970764679786,0.571356981188605,7.135698118860501,0.024962426911699465,spread,nba,0.428643018811395,0.571356981188605,2.332943629346743,1.7502192725810064,2.3679377837869438,1.7764725616697212,+136,-128,0.5238094988662143,0.5238094988662143,0.5,0.5,-0.18168147057433504,-0.071356981188605,0.0,-18.168147057433504,-7.135698118860501,0.09077247057433513,0.071356981188605,0.09984970764679786,9.077247057433514,7.135698118860501,,,,,,,,,,,,,,,,,,,,
Basketball,NBA,2025_12_03,NBA_2025_12_03_Atlanta_Hawks_Los_Angeles_Clippers,2026_04_17,08:40 PM,Atlanta Hawks,Los Angeles Clippers,-3.5,3.5,229.0,-155,135,-110,-110,-110,-110,1.645161,2.35,1.909091,1.909091,1.909091,1.909091,0.492,0.508,113.6,114.5,228.1,1,2025_NBA,,,,,,,,,,,,,,,,,,,,,,,,,away,3.5,-110.0,0.18279808027664202,0.20107786819651938,0.6195608696896282,11.95608696896282,0.05,spread,nba,0.3804391303103718,0.6195608696896282,2.6285413889580047,1.6140464140366941,2.6679695097923743,1.6382571102472443,+166,-156,0.5238094988662143,0.5238094988662143,0.5,0.5,-0.2737070802766419,-0.1195608696896282,0.0,-27.370708027664193,-11.95608696896282,0.18279808027664202,0.1195608696896282,0.20107786819651938,18.279808027664203,11.95608696896282,,,,,,,,,,,,,,,,,,,,
Basketball,NBA,2025_12_03,NBA_2025_12_03_Chicago_Bulls_Brooklyn_Nets,2026_04_17,09:10 PM,Chicago Bulls,Brooklyn Nets,-9.5,9.5,232.0,-340,274,-110,-110,-110,-110,1.294118,3.74,1.909091,1.909091,1.909091,1.909091,0.682,0.318,119.9,114.7,234.6,1,2025_NBA,,,,,,,,,,,,,,,,,,,,,,,,,away,9.5,-110.0,0.17776344522743348,0.19553977019619978,0.616923680027528,11.692368002752795,0.048884942549049945,spread,nba,0.38307631997247205,0.616923680027528,2.6104458768734653,1.6209460462846534,2.649602565026567,1.645260236978923,+164,-154,0.5238094988662143,0.5238094988662143,0.5,0.5,-0.2686724452274334,-0.11692368002752795,0.0,-26.867244522743338,-11.692368002752795,0.17776344522743348,0.11692368002752795,0.19553977019619978,17.776344522743347,11.692368002752795,,,,,,,,,,,,,,,,,,,,
Basketball,NBA,2025_12_03,NBA_2025_12_03_Cleveland_Cavaliers_Portland_Trail_Blazers,2026_04_17,08:10 PM,Cleveland Cavaliers,Portland Trail Blazers,-9.5,9.5,236.0,-425,334,-110,-110,-110,-110,1.235294,4.34,1.909091,1.909091,1.909091,1.909091,0.748,0.252,124.3,117.0,241.3,1,2025_NBA,,,,,,,,,,,,,,,,,,,,,,,,,away,9.5,-110.0,0.06999041473742373,0.07698944851222136,0.5604711429352628,6.047114293526279,0.01924736212805534,spread,nba,0.4395288570647372,0.5604711429352628,2.2751634708997326,1.7842131795811385,2.3092909229632284,1.8109763772748553,+130,-123,0.5238094988662143,0.5238094988662143,0.5,0.5,-0.16089941473742375,-0.06047114293526279,0.0,-16.089941473742375,-6.047114293526279,0.06999041473742373,0.06047114293526279,0.07698944851222136,6.999041473742373,6.047114293526279,,,,,,,,,,,,,,,,,,,,
Basketball,NBA,2025_12_03,NBA_2025_12_03_Houston_Rockets_Sacramento_Kings,2026_04_17,09:10 PM,Houston Rockets,Sacramento Kings,-15.0,15.0,236.0,-1200,754,-110,-110,-110,-110,1.083333,8.54,1.909091,1.909091,1.909091,1.909091,0.894,0.106,121.7,109.5,231.2,1,2025_NBA,,,,,,,,,,,,,,,,,,,,,,,,,away,15.0,-110.0,0.10112578193301935,0.11123834900248637,0.5767801440230033,7.678014402300326,0.027809587250621593,spread,nba,0.42321985597699674,0.5767801440230033,2.3628380991045774,1.7337628737096709,2.398280670591146,1.7597693168153157,+139,-131,0.5238094988662143,0.5238094988662143,0.5,0.5,-0.19203478193301926,-0.07678014402300326,0.0,-19.203478193301926,-7.678014402300326,0.10112578193301935,0.07678014402300326,0.11123834900248637,10.112578193301935,7.678014402300326,,,,,,,,,,,,,,,,,,,,
Basketball,NBA,2025_12_03,NBA_2025_12_03_Indiana_Pacers_Denver_Nuggets,2026_04_17,08:10 PM,Indiana Pacers,Denver Nuggets,7.5,-7.5,236.0,249,-305,-110,-110,-110,-110,3.49,1.327869,1.909091,1.909091,1.909091,1.909091,0.396,0.604,115.3,119.2,234.5,1,2025_NBA,,,,,,,,,,,,,,,,,,,,,,,,,home,7.5,-110.0,0.14224316466924125,0.1564674654894188,0.598317819668754,9.831781966875397,0.0391168663723547,spread,nba,0.598317819668754,0.40168218033124603,1.6713525272465208,2.489530402307996,1.6964228151552185,2.5268733583426157,-143,+152,0.5238094988662143,0.5238094988662143,0.5,0.5,0.14224316466924125,0.09831781966875397,0.1564674654894188,14.224316466924126,9.831781966875397,-0.23315216466924116,-0.09831781966875397,0.0,-23.315216466924117,-9.831781966875397,,,,,,,,,,,,,,,,,,,,
Basketball,NBA,2025_12_03,NBA_2025_12_03_Orlando_Magic_San_Antonio_Spurs,2026_04_17,08:10 PM,Orlando Magic,San Antonio Spurs,-7.0,7.0,233.5,-250,207,-110,-110,-110,-110,1.4,3.07,1.909091,1.909091,1.909091,1.909091,0.646,0.354,118.9,114.6,233.5,1,2025_NBA,,,,,,,,,,,,,,,,,,,,,,,,,away,7.0,-110.0,0.0959524694263445,0.10554770581420848,0.5740703137914036,7.407031379140361,0.02638692645355212,spread,nba,0.4259296862085964,0.5740703137914036,2.3478053593809762,1.7419468939189282,2.3830224397716906,1.7680760973277119,+138,-130,0.5238094988662143,0.5238094988662143,0.5,0.5,-0.18686146942634452,-0.07407031379140361,0.0,-18.68614694263445,-7.407031379140361,0.0959524694263445,0.07407031379140361,0.10554770581420848,9.59524694263445,7.407031379140361,,,,,,,,,,,,,,,,,,,,
Basketball,NBA,2025_12_04,NBA_2025_12_04_Brooklyn_Nets_Utah_Jazz,2026_04_17,08:40 PM,Brooklyn Nets,Utah Jazz,2.5,-2.5,232.0,153,-175,-110,-110,-110,-110,2.53,1.571429,1.909091,1.909091,1.909091,1.909091,0.338,0.662,113.7,119.2,232.9,1,2025_NBA,,,,,,,,,,,,,,,,,,,,,,,,,away,-2.5,-110.0,0.11145139478604937,0.12259652200500222,0.5821887981170355,8.21887981170355,0.030649130501250555,spread,nba,0.4178112018829645,0.5821887981170355,2.3934255364462818,1.7176558587768864,2.4293269194929756,1.7434206966585395,+142,-134,0.5238094988662143,0.5238094988662143,0.5,0.5,-0.2023603947860494,-0.0821887981170355,0.0,-20.23603947860494,-8.21887981170355,0.11145139478604937,0.0821887981170355,0.12259652200500222,11.145139478604937,8.21887981170355,,,,,,,,,,,,,,,,,,,,
Basketball,NBA,2025_12_04,NBA_2025_12_04_New_Orleans_Pelicans_Minnesota_Timberwolves,2026_04_17,09:10 PM,New Orleans Pelicans,Minnesota Timberwolves,11.5,-11.5,234.5,415,-550,-110,-110,-115,-105,5.15,1.181818,1.909091,1.909091,1.869565,1.952381,0.208,0.792,112.1,121.4,233.5,1,2025_NBA,,,,,,,,,,,,,,,,,,,,,,,,,home,11.5,-110.0,0.06999041473742307,0.0769894485122204,0.5604711429352623,6.047114293526235,0.0192473621280551,spread,nba,0.5604711429352623,0.43952885706473765,1.78421317958114,2.2751634708997304,1.8109763772748568,2.309290922963226,-123,+130,0.5238094988662143,0.5238094988662143,0.5,0.5,0.06999041473742307,0.060471142935262345,0.0769894485122204,6.999041473742307,6.047114293526235,-0.16089941473742286,-0.060471142935262345,0.0,-16.089941473742286,-6.047114293526235,,,,,,,,,,,,,,,,,,,,
Basketball,NBA,2025_12_04,NBA_2025_12_04_Toronto_Raptors_Los_Angeles_Lakers,2026_04_17,08:40 PM,Toronto Raptors,Los Angeles Lakers,3.0,-3.0,234.5,-130,110,-110,-110,-110,-110,1.769231,2.1,1.909091,1.909091,1.909091,1.909091,0.522,0.478,114.7,114.0,228.7,1,2025_NBA,,,,,,,,,,,,,,,,,,,,,,,,,home,3.0,-110.0,0.147345690955337,0.1620802438428463,0.6009905714056255,10.09905714056255,0.040520060960711576,spread,nba,0.6009905714056255,0.3990094285943745,1.6639196146807298,2.5062064410928526,1.6888784089009405,2.543799537709245,-145,+154,0.5238094988662143,0.5238094988662143,0.5,0.5,0.147345690955337,0.1009905714056255,0.1620802438428463,14.7345690955337,10.09905714056255,-0.2382546909553369,-0.1009905714056255,0.0,-23.82546909553369,-10.09905714056255,,,,,,,,,,,,,,,,,,,,
Basketball,NBA,2025_12_04,NBA_2025_12_04_Washington_Wizards_Boston_Celtics,2026_04_17,08:10 PM,Washington Wizards,Boston Celtics,10.5,-10.5,234.0,327,-415,-110,-110,-110,-110,4.27,1.240964,1.909091,1.909091,1.909091,1.909091,0.233,0.767,111.5,120.1,231.6,1,2025_NBA,,,,,,,,,,,,,,,,,,,,,,,,,home,10.5,-110.0,0.05434548791963967,0.05978003073360055,0.5522761816590407,5.227618165904069,0.014945007683400138,spread,nba,0.5522761816590407,0.4477238183409593,1.8106882628832452,2.23351977052617,1.8378485868264938,2.2670225670840622,-119,+126,0.5238094988662143,0.5238094988662143,0.5,0.5,0.05434548791963967,0.05227618165904069,0.05978003073360055,5.434548791963967,5.227618165904069,-0.14525448791963957,-0.05227618165904069,0.0,-14.525448791963957,-5.227618165904069,,,,,,,,,,,,,,,,,,,,
Basketball,NBA,2025_12_05,NBA_2025_12_05_Atlanta_Hawks_Denver_Nuggets,2026_04_17,08:40 PM,Atlanta Hawks,Denver Nuggets,8.0,-8.0,238.0,252,-310,-105,-115,-110,-110,3.52,1.322581,1.952381,1.869565,1.909091,1.909091,0.364,0.636,116.4,121.2,237.6,1,2025_NBA,,,,,,,,,,,,,,,,,,,,,,,,,home,8.0,-105.0,0.14718383551896919,0.15454301956776667,0.5875819502028391,9.841622154000612,0.03863575489194167,spread,nba,0.5875819502028391,0.4124180497971609,1.701890263400348,2.4247241372966797,1.727418617351353,2.4610949993561295,-137,+146,0.5121951094586559,0.5348837831260214,0.489165728662833,0.510834271337167,0.14718383551896919,0.09841622154000612,0.15454301956776667,14.718383551896919,9.841622154000612,-0.2289576487309709,-0.09841622154000607,0.0,-22.89576487309709,-9.841622154000607,,,,,,,,,,,,,,,,,,,,
Basketball,NBA,2025_12_05,NBA_2025_12_05_Chicago_Bulls_Indiana_Pacers,2026_04_17,09:10 PM,Chicago Bulls,Indiana Pacers,-5.5,5.5,239.0,-210,180,-110,-110,-110,-110,1.47619,2.8,1.909091,1.909091,1.909091,1.909091,0.612,0.388,121.6,118.4,240.0,1,2025_NBA,,,,,,,,,,,,,,,,,,,,,,,,,away,5.5,-110.0,0.07519475523737729,0.08271422248969264,0.5631972259244725,6.319722592447253,0.02067855562242316,spread,nba,0.4368027740755275,0.5631972259244725,2.2893627498507834,1.7755769275293,2.323703191098545,1.8022105814422393,+132,-124,0.5238094988662143,0.5238094988662143,0.5,0.5,-0.16610375523737708,-0.06319722592447252,0.0,-16.61037552373771,-6.319722592447253,0.07519475523737729,0.06319722592447252,0.08271422248969264,7.519475523737729,6.319722592447253,,,,,,,,,,,,,,,,,,,,
Basketball,NBA,2025_12_05,NBA_2025_12_05_Cleveland_Cavaliers_San_Antonio_Spurs,2026_04_17,08:40 PM,Cleveland Cavaliers,San Antonio Spurs,-5.0,5.0,238.5,-195,170,-110,-110,-110,-110,1.512821,2.7,1.909091,1.909091,1.909091,1.909091,0.62,0.38,119.8,116.3,236.1,1,2025_NBA,,,,,,,,,,,,,,,,,,,,,,,,,away,5.0,-110.0,0.03342028526630725,0.03676231011670702,0.5413153617435247,4.131536174352468,0.009190577529176755,spread,nba,0.4586846382564753,0.5413153617435247,2.1801471350798676,1.8473519701696552,2.2128493421060655,1.8750622497221998,+121,-114,0.5238094988662143,0.5238094988662143,0.5,0.5,-0.12432928526630727,-0.04131536174352468,0.0,-12.432928526630727,-4.131536174352468,0.03342028526630725,0.04131536174352468,0.03676231011670702,3.342028526630725,4.131536174352468,,,,,,,,,,,,,,,,,,,,
Basketball,NBA,2025_12_05,NBA_2025_12_05_Detroit_Pistons_Portland_Trail_Blazers,2026_04_17,08:40 PM,Detroit Pistons,Portland Trail Blazers,-7.0,7.0,237.5,-250,207,-110,-110,-110,-110,1.4,3.07,1.909091,1.909091,1.909091,1.909091,0.698,0.302,120.4,115.0,235.4,1,2025_NBA,,,,,,,,,,,,,,,,,,,,,,,,,away,7.0,-110.0,0.03865784392032312,0.04252362405999302,0.5440588447173671,4.40588447173671,0.010630906014998255,spread,nba,0.4559411552826329,0.5440588447173671,2.19326548703442,1.8380364729103698,2.226164469339936,1.8656070200040251,+122,-115,0.5238094988662143,0.5238094988662143,0.5,0.5,-0.12956684392032303,-0.044058844717367096,0.0,-12.956684392032303,-4.40588447173671,0.03865784392032312,0.044058844717367096,0.04252362405999302,3.865784392032312,4.40588447173671,,,,,,,,,,,,,,,,,,,,
Basketball,NBA,2025_12_05,NBA_2025_12_05_Houston_Rockets_Phoenix_Suns,2026_04_17,09:10 PM,Houston Rockets,Phoenix Suns,-11.0,11.0,222.0,-525,400,-110,-110,-110,-110,1.190476,5.0,1.909091,1.909091,1.909091,1.909091,0.79,0.21,115.8,107.6,223.4,1,2025_NBA,,,,,,,,,,,,,,,,,,,,,,,,,away,11.0,-110.0,0.10112578193301935,0.11123834900248637,0.5767801440230033,7.678014402300326,0.027809587250621593,spread,nba,0.42321985597699674,0.5767801440230033,2.3628380991045774,1.7337628737096709,2.398280670591146,1.7597693168153157,+139,-131,0.5238094988662143,0.5238094988662143,0.5,0.5,-0.19203478193301926,-0.07678014402300326,0.0,-19.203478193301926,-7.678014402300326,0.10112578193301935,0.07678014402300326,0.11123834900248637,10.112578193301935,7.678014402300326,,,,,,,,,,,,,,,,,,,,
Basketball,NBA,2025_12_05,NBA_2025_12_05_New_York_Knicks_Utah_Jazz,2026_04_17,08:40 PM,New York Knicks,Utah Jazz,-14.0,14.0,236.5,-1100,709,-110,-110,-110,-110,1.090909,8.09,1.909091,1.909091,1.909091,1.909091,0.839,0.161,124.9,114.9,239.8,1,2025_NBA,,,,,,,,,,,,,,,,,,,,,,,,,away,14.0,-110.0,0.16259822059719098,0.1788580247711077,0.6089799913137671,10.897999131376713,0.04471450619277693,spread,nba,0.3910200086862329,0.6089799913137671,2.557413886209676,1.6420900756405412,2.595775094502821,1.6667214267751491,+159,-149,0.5238094988662143,0.5238094988662143,0.5,0.5,-0.253507220597191,-0.10897999131376712,0.0,-25.3507220597191,-10.897999131376713,0.16259822059719098,0.10897999131376712,0.1788580247711077,16.2598220597191,10.897999131376713,,,,,,,,,,,,,,,,,,,,
Basketball,NBA,2025_12_05,NBA_2025_12_05_Oklahoma_City_Thunder_Dallas_Mavericks,2026_04_17,10:42 PM,Oklahoma City Thunder,Dallas Mavericks,-15.0,15.0,225.5,-1050,686,-110,-110,-110,-110,1.095238,7.86,1.909091,1.909091,1.909091,1.909091,0.876,0.124,119.6,108.4,228.0,1,2025_NBA,,,,,,,,,,,,,,,,,,,,,,,,,away,15.0,-110.0,0.15243919366923997,0.16768309626785433,0.6036585965096687,10.365859650966868,0.04192077406696358,spread,nba,0.3963414034903313,0.6036585965096687,2.5230773045501285,1.6565654921208153,2.56092346411838,1.6814139745026273,+156,-146,0.5238094988662143,0.5238094988662143,0.5,0.5,-0.24334819366923988,-0.10365859650966869,0.0,-24.334819366923988,-10.365859650966868,0.15243919366923997,0.10365859650966869,0.16768309626785433,15.243919366923997,10.365859650966868,,,,,,,,,,,,,,,,,,,,
Basketball,NBA,2025_12_06,NBA_2025_12_06_Cleveland_Cavaliers_Golden_State_Warriors,2026_04_17,08:40 PM,Cleveland Cavaliers,Golden State Warriors,-7.5,7.5,227.0,-285,234,-110,-110,-110,-110,1.350877,3.34,1.909091,1.909091,1.909091,1.909091,0.686,0.314,117.8,112.6,230.4,1,2025_NBA,,,,,,,,,,,,,,,,,,,,,,,,,away,7.5,-110.0,0.07519475523737662,0.08271422248969203,0.5631972259244722,6.319722592447219,0.020678555622423007,spread,nba,0.4368027740755278,0.5631972259244722,2.2893627498507816,1.7755769275293012,2.3237031910985433,1.8022105814422404,+132,-124,0.5238094988662143,0.5238094988662143,0.5,0.5,-0.16610375523737653,-0.06319722592447219,0.0,-16.610375523737652,-6.319722592447219,0.07519475523737662,0.06319722592447219,0.08271422248969203,7.519475523737662,6.319722592447219,,,,,,,,,,,,,,,,,,,,
Basketball,NBA,2025_12_06,NBA_2025_12_06_Dallas_Mavericks_Houston_Rockets,2026_04_17,09:40 PM,Dallas Mavericks,Houston Rockets,10.0,-10.0,222.0,350,-450,-105,-115,-105,-115,4.5,1.222222,1.952381,1.869565,1.952381,1.869565,0.212,0.788,107.8,117.0,224.8,1,2025_NBA,,,,,,,,,,,,,,,,,,,,,,,,,home,10.0,-105.0,0.019266149622956696,0.020229456092631787,0.522063137073633,3.2897408410800075,0.005057364023157947,spread,nba,0.522063137073633,0.47793686292636695,1.9154771309949004,2.092326576102719,1.9442092879598236,2.1237114747442596,-105,+112,0.5121951094586559,0.5348837831260214,0.489165728662833,0.510834271337167,0.019266149622956696,0.03289740841080008,0.020229456092631787,1.9266149622956696,3.2897408410800075,-0.1064659688630668,-0.03289740841080002,0.0,-10.64659688630668,-3.289740841080002,,,,,,,,,,,,,,,,,,,,
Basketball,NBA,2025_12_06,NBA_2025_12_06_Detroit_Pistons_Milwaukee_Bucks,2026_04_17,08:40 PM,Detroit Pistons,Milwaukee Bucks,-12.0,12.0,226.5,-650,476,-110,-110,-110,-110,1.153846,5.76,1.909091,1.909091,1.909091,1.909091,0.798,0.202,116.0,107.4,223.4,1,2025_NBA,,,,,,,,,,,,,,,,,,,,,,,,,away,12.0,-110.0,0.1320119567637532,0.14521313791881474,0.5929586157829843,9.295861578298425,0.036303284479703685,spread,nba,0.40704138421701574,0.5929586157829843,2.456752651634179,1.6864583351732392,2.4936039414086912,1.7117552102008375,+149,-140,0.5238094988662143,0.5238094988662143,0.5,0.5,-0.22292095676375312,-0.09295861578298426,0.0,-22.29209567637531,-9.295861578298425,0.1320119567637532,0.09295861578298426,0.14521313791881474,13.20119567637532,9.295861578298425,,,,,,,,,,,,,,,,,,,,
Basketball,NBA,2025_12_06,NBA_2025_12_06_Minnesota_Timberwolves_Los_Angeles_Clippers,2026_04_17,09:10 PM,Minnesota Timberwolves,Los Angeles Clippers,-10.5,10.5,225.5,-485,374,-110,-110,-110,-110,1.206186,4.74,1.909091,1.909091,1.909091,1.909091,0.786,0.214,118.0,109.9,227.9,1,2025_NBA,,,,,,,,,,,,,,,,,,,,,,,,,away,10.5,-110.0,0.08039337264887747,0.08843270107049497,0.5659203111055876,6.592031110558761,0.022108175267623743,spread,nba,0.4340796888944124,0.5659203111055876,2.3037244671524926,1.767033238383669,2.3382803341597795,1.793538736959424,+133,-126,0.5238094988662143,0.5238094988662143,0.5,0.5,-0.17130237264887727,-0.0659203111055876,0.0,-17.130237264887725,-6.592031110558761,0.08039337264887747,0.0659203111055876,0.08843270107049497,8.039337264887747,6.592031110558761,,,,,,,,,,,,,,,,,,,,
Basketball,NBA,2025_12_06,NBA_2025_12_06_Washington_Wizards_Atlanta_Hawks,2026_04_17,08:10 PM,Washington Wizards,Atlanta Hawks,9.5,-9.5,236.0,306,-385,-110,-110,-110,-110,4.06,1.25974,1.909091,1.909091,1.909091,1.909091,0.349,0.651,115.2,120.5,235.7,1,2025_NBA,,,,,,,,,,,,,,,,,,,,,,,,,home,9.5,-110.0,0.17271844303665063,0.18999026834128885,0.614281059958195,11.428105995819504,0.04749756708532221,spread,nba,0.614281059958195,0.38571894004180496,1.6279193111831498,2.592561308738477,1.6523381008508968,2.631449728369554,-153,+163,0.5238094988662143,0.5238094988662143,0.5,0.5,0.17271844303665063,0.11428105995819504,0.18999026834128885,17.271844303665063,11.428105995819504,-0.26362744303665053,-0.11428105995819504,0.0,-26.362744303665053,-11.428105995819504,,,,,,,,,,,,,,,,,,,,
Basketball,NBA,2025_12_07,NBA_2025_12_07_Charlotte_Hornets_Denver_Nuggets,2026_04_17,07:10 PM,Charlotte Hornets,Denver Nuggets,10.5,-10.5,234.0,377,-490,-110,-110,-110,-110,4.77,1.204082,1.909091,1.909091,1.909091,1.909091,0.209,0.791,114.1,123.3,237.4,1,2025_NBA,,,,,,,,,,,,,,,,,,,,,,,,,home,10.5,-110.0,0.022934137105209196,0.025227548292975282,0.535822617730223,3.5822617730222994,0.0063068870732438205,spread,nba,0.535822617730223,0.464177382269777,1.8662892660934332,2.15434882912672,1.8942836050848344,2.1866640615636204,-111,+118,0.5238094988662143,0.5238094988662143,0.5,0.5,0.022934137105209196,0.035822617730222994,0.025227548292975282,2.2934137105209196,3.5822617730222994,-0.1138431371052091,-0.035822617730222994,0.0,-11.38431371052091,-3.5822617730222994,,,,,,,,,,,,,,,,,,,,
Basketball,NBA,2025_12_07,NBA_2025_12_07_Memphis_Grizzlies_Portland_Trail_Blazers,2026_04_17,07:10 PM,Memphis Grizzlies,Portland Trail Blazers,-1.5,1.5,236.5,-115,-105,-110,-110,-110,-110,1.869565,1.952381,1.909091,1.909091,1.909091,1.909091,0.51,0.49,118.4,118.2,236.6,1,2025_NBA,,,,,,,,,,,,,,,,,,,,,,,,,away,1.5,-110.0,0.022934137105209196,0.025227548292975282,0.535822617730223,3.5822617730222994,0.0063068870732438205,spread,nba,0.464177382269777,0.535822617730223,2.15434882912672,1.8662892660934332,2.1866640615636204,1.8942836050848344,+118,-111,0.5238094988662143,0.5238094988662143,0.5,0.5,-0.1138431371052091,-0.035822617730222994,0.0,-11.38431371052091,-3.5822617730222994,0.022934137105209196,0.035822617730222994,0.025227548292975282,2.2934137105209196,3.5822617730222994,,,,,,,,,,,,,,,,,,,,
Basketball,NBA,2025_12_07,NBA_2025_12_07_New_York_Knicks_Orlando_Magic,2026_04_17,01:10 PM,New York Knicks,Orlando Magic,-3.0,3.0,233.5,-155,135,-110,-110,-110,-110,1.645161,2.35,1.909091,1.909091,1.909091,1.909091,0.535,0.465,115.5,114.4,229.9,1,2025_NBA,,,,,,,,,,,,,,,,,,,,,,,,,away,3.0,-110.0,0.05434548791963967,0.05978003073360055,0.5522761816590407,5.227618165904069,0.014945007683400138,spread,nba,0.4477238183409593,0.5522761816590407,2.23351977052617,1.8106882628832452,2.2670225670840622,1.8378485868264938,+126,-119,0.5238094988662143,0.5238094988662143,0.5,0.5,-0.14525448791963957,-0.05227618165904069,0.0,-14.525448791963957,-5.227618165904069,0.05434548791963967,0.05227618165904069,0.05978003073360055,5.434548791963967,5.227618165904069,,,,,,,,,,,,,,,,,,,,
Basketball,NBA,2025_12_09,NBA_2025_12_09_Orlando_Magic_Miami_Heat,2026_04_17,07:10 PM,Orlando Magic,Miami Heat,2.0,-2.0,237.5,-105,-115,-110,-110,-110,-110,1.952381,1.869565,1.909091,1.909091,1.909091,1.909091,0.491,0.509,115.6,116.4,232.0,1,2025_NBA,,,,,,,,,,,,,,,,,,,,,,,,,home,2.0,-110.0,0.01768604452242184,0.01945464702919938,0.5330736169844297,3.3073616984429677,0.004863661757299845,spread,nba,0.5330736169844297,0.4669263830155703,1.8759135101394608,2.1416652311262814,1.9040522127915525,2.1737902095931756,-110,+117,0.5238094988662143,0.5238094988662143,0.5,0.5,0.01768604452242184,0.03307361698442968,0.01945464702919938,1.768604452242184,3.3073616984429677,-0.10859504452242175,-0.03307361698442968,0.0,-10.859504452242174,-3.3073616984429677,,,,,,,,,,,,,,,,,,,,
Basketball,NBA,2025_12_10,NBA_2025_12_10_Oklahoma_City_Thunder_Phoenix_Suns,2026_04_17,08:40 PM,Oklahoma City Thunder,Phoenix Suns,-15.5,15.5,224.5,-1000,661,-110,-110,-110,-110,1.1,7.61,1.909091,1.909091,1.909091,1.909091,0.894,0.106,117.7,105.5,223.2,1,2025_NBA,,,,,,,,,,,,,,,,,,,,,,,,,away,15.5,-110.0,0.12688373589535984,0.13957209552768612,0.5902724049798358,9.02724049798358,0.03489302388192153,spread,nba,0.4097275950201642,0.5902724049798358,2.440645961253321,1.6941330673151844,2.4772556506721206,1.719545063324912,+147,-138,0.5238094988662143,0.5238094988662143,0.5,0.5,-0.21779273589535963,-0.0902724049798358,0.0,-21.779273589535965,-9.02724049798358,0.12688373589535984,0.0902724049798358,0.13957209552768612,12.688373589535985,9.02724049798358,,,,,,,,,,,,,,,,,,,,
Basketball,NBA,2025_12_12,NBA_2025_12_12_Dallas_Mavericks_Brooklyn_Nets,2026_04_17,09:40 PM,Dallas Mavericks,Brooklyn Nets,-7.0,7.0,224.5,-300,245,-110,-110,-110,-110,1.333333,3.45,1.909091,1.909091,1.909091,1.909091,0.683,0.317,114.8,109.6,224.4,1,2025_NBA,,,,,,,,,,,,,,,,,,,,,,,,,away,7.0,-110.0,0.04912069204370306,0.05403275584479766,0.549539383949588,4.953938394958801,0.013508188961199414,spread,nba,0.450460616050412,0.549539383949588,2.2199499009877655,1.8197057921725497,2.2532491495025817,1.8470013790551378,+125,-118,0.5238094988662143,0.5238094988662143,0.5,0.5,-0.14002969204370286,-0.04953938394958801,0.0,-14.002969204370286,-4.953938394958801,0.04912069204370306,0.04953938394958801,0.05403275584479766,4.912069204370306,4.953938394958801,,,,,,,,,,,,,,,,,,,,
Basketball,NBA,2025_12_12,NBA_2025_12_12_Golden_State_Warriors_Minnesota_Timberwolves,2026_04_17,11:10 PM,Golden State Warriors,Minnesota Timberwolves,-2.0,2.0,227.5,-170,149,-115,-105,-110,-110,1.588235,2.49,1.869565,1.952381,1.909091,1.909091,0.623,0.377,115.2,111.5,226.7,1,2025_NBA,,,,,,,,,,,,,,,,,,,,,,,,,home,-2.0,-115.0,0.022278569377449653,0.025620361189157274,0.5468002285972671,3.59659572601001,0.006405090297289319,spread,nba,0.5468002285972671,0.45319977140273293,1.8288214739144277,2.206532445735408,1.856253796023144,2.2396304324214387,-116,+123,0.5348837831260214,0.5121951094586559,0.510834271337167,0.489165728662833,0.022278569377449653,0.0359659572601001,0.025620361189157274,2.2278569377449653,3.59659572601001,-0.11518137710896093,-0.035965957260100045,0.0,-11.518137710896092,-3.5965957260100048,,,,,,,,,,,,,,,,,,,,
Basketball,NBA,2025_12_12,NBA_2025_12_12_Philadelphia_76ers_Indiana_Pacers,2026_04_17,08:10 PM,Philadelphia 76ers,Indiana Pacers,-7.5,7.5,229.5,-300,245,-110,-110,-110,-110,1.333333,3.45,1.909091,1.909091,1.909091,1.909091,0.678,0.322,117.5,112.4,229.9,1,2025_NBA,,,,,,,,,,,,,,,,,,,,,,,,,away,7.5,-110.0,0.08039337264887747,0.08843270107049497,0.5659203111055876,6.592031110558761,0.022108175267623743,spread,nba,0.4340796888944124,0.5659203111055876,2.3037244671524926,1.767033238383669,2.3382803341597795,1.793538736959424,+133,-126,0.5238094988662143,0.5238094988662143,0.5,0.5,-0.17130237264887727,-0.0659203111055876,0.0,-17.130237264887725,-6.592031110558761,0.08039337264887747,0.0659203111055876,0.08843270107049497,8.039337264887747,6.592031110558761,,,,,,,,,,,,,,,,,,,,
Basketball,NBA,2025_12_12,NBA_2025_12_12_Washington_Wizards_Cleveland_Cavaliers,2026_04_17,08:10 PM,Washington Wizards,Cleveland Cavaliers,14.5,-14.5,239.0,637,-950,-110,-110,-110,-110,7.37,1.105263,1.909091,1.909091,1.909091,1.909091,0.172,0.828,115.2,125.5,240.7,1,2025_NBA,,,,,,,,,,,,,,,,,,,,,,,,,home,14.5,-110.0,0.17271844303665063,0.18999026834128885,0.614281059958195,11.428105995819504,0.04749756708532221,spread,nba,0.614281059958195,0.38571894004180496,1.6279193111831498,2.592561308738477,1.6523381008508968,2.631449728369554,-153,+163,0.5238094988662143,0.5238094988662143,0.5,0.5,0.17271844303665063,0.11428105995819504,0.18999026834128885,17.271844303665063,11.428105995819504,-0.26362744303665053,-0.11428105995819504,0.0,-26.362744303665053,-11.428105995819504,,,,,,,,,,,,,,,,,,,,
Basketball,NBA,2025_12_14,NBA_2025_12_14_Atlanta_Hawks_Philadelphia_76ers,2026_04_17,07:10 PM,Atlanta Hawks,Philadelphia 76ers,-5.0,5.0,226.5,-200,174,-110,-110,-110,-110,1.5,2.74,1.909091,1.909091,1.909091,1.909091,0.568,0.432,115.5,113.2,228.7,1,2025_NBA,,,,,,,,,,,,,,,,,,,,,,,,,away,5.0,-110.0,0.09595246942634539,0.10554770581420933,0.574070313791404,7.407031379140405,0.026386926453552333,spread,nba,0.42592968620859595,0.574070313791404,2.3478053593809785,1.7419468939189269,2.383022439771693,1.7680760973277105,+138,-130,0.5238094988662143,0.5238094988662143,0.5,0.5,-0.1868614694263453,-0.07407031379140405,0.0,-18.68614694263453,-7.407031379140405,0.09595246942634539,0.07407031379140405,0.10554770581420933,9.595246942634539,7.407031379140405,,,,,,,,,,,,,,,,,,,,
Basketball,NBA,2025_12_14,NBA_2025_12_14_Chicago_Bulls_New_Orleans_Pelicans,2026_04_17,08:10 PM,Chicago Bulls,New Orleans Pelicans,-6.0,6.0,243.5,-205,177,-110,-110,-110,-110,1.487805,2.77,1.909091,1.909091,1.909091,1.909091,0.64,0.36,123.0,118.9,241.9,1,2025_NBA,,,,,,,,,,,,,,,,,,,,,,,,,away,6.0,-110.0,0.05434548791963967,0.05978003073360055,0.5522761816590407,5.227618165904069,0.014945007683400138,spread,nba,0.4477238183409593,0.5522761816590407,2.23351977052617,1.8106882628832452,2.2670225670840622,1.8378485868264938,+126,-119,0.5238094988662143,0.5238094988662143,0.5,0.5,-0.14525448791963957,-0.05227618165904069,0.0,-14.525448791963957,-5.227618165904069,0.05434548791963967,0.05227618165904069,0.05978003073360055,5.434548791963967,5.227618165904069,,,,,,,,,,,,,,,,,,,,
Basketball,NBA,2025_12_14,NBA_2025_12_14_Cleveland_Cavaliers_Charlotte_Hornets,2026_04_17,04:40 PM,Cleveland Cavaliers,Charlotte Hornets,-10.5,10.5,236.0,-500,383,-110,-110,-110,-110,1.2,4.83,1.909091,1.909091,1.909091,1.909091,0.788,0.212,120.9,112.5,233.4,1,2025_NBA,,,,,,,,,,,,,,,,,,,,,,,,,away,10.5,-110.0,0.06478059408351822,0.07125864636600528,0.5577421893893576,5.7742189389357605,0.01781466159150132,spread,nba,0.4422578106106424,0.5577421893893576,2.2611245658256696,1.792943081990708,2.2950414343130543,1.8198372282205684,+129,-121,0.5238094988662143,0.5238094988662143,0.5,0.5,-0.155689594083518,-0.0577421893893576,0.0,-15.568959408351802,-5.7742189389357605,0.06478059408351822,0.0577421893893576,0.07125864636600528,6.478059408351822,5.7742189389357605,,,,,,,,,,,,,,,,,,,,
Basketball,NBA,2025_12_14,NBA_2025_12_14_Indiana_Pacers_Washington_Wizards,2026_04_17,04:10 PM,Indiana Pacers,Washington Wizards,-9.5,9.5,235.5,-350,280,-110,-110,-110,-110,1.285714,3.8,1.909091,1.909091,1.909091,1.909091,0.755,0.245,122.2,114.6,236.8,1,2025_NBA,,,,,,,,,,,,,,,,,,,,,,,,,away,9.5,-110.0,0.054345487919639,0.05978003073359994,0.5522761816590404,5.227618165904035,0.014945007683399986,spread,nba,0.44772381834095965,0.5522761816590404,2.233519770526168,1.8106882628832464,2.2670225670840605,1.8378485868264949,+126,-119,0.5238094988662143,0.5238094988662143,0.5,0.5,-0.14525448791963902,-0.052276181659040355,0.0,-14.525448791963901,-5.227618165904035,0.054345487919639,0.052276181659040355,0.05978003073359994,5.4345487919639,5.227618165904035,,,,,,,,,,,,,,,,,,,,
Basketball,NBA,2025_12_14,NBA_2025_12_14_Minnesota_Timberwolves_Sacramento_Kings,2026_04_17,08:10 PM,Minnesota Timberwolves,Sacramento Kings,-11.5,11.5,229.5,-540,409,-110,-110,-110,-110,1.185185,5.09,1.909091,1.909091,1.909091,1.909091,0.802,0.198,121.0,112.3,233.3,1,2025_NBA,,,,,,,,,,,,,,,,,,,,,,,,,away,11.5,-110.0,0.10112578193301935,0.11123834900248637,0.5767801440230033,7.678014402300326,0.027809587250621593,spread,nba,0.42321985597699674,0.5767801440230033,2.3628380991045774,1.7337628737096709,2.398280670591146,1.7597693168153157,+139,-131,0.5238094988662143,0.5238094988662143,0.5,0.5,-0.19203478193301926,-0.07678014402300326,0.0,-19.203478193301926,-7.678014402300326,0.10112578193301935,0.07678014402300326,0.11123834900248637,10.112578193301935,7.678014402300326,,,,,,,,,,,,,,,,,,,,
Basketball,NBA,2025_12_14,NBA_2025_12_14_Phoenix_Suns_Los_Angeles_Lakers,2026_04_17,09:10 PM,Phoenix Suns,Los Angeles Lakers,3.5,-3.5,229.0,115,-135,-110,-110,-105,-115,2.15,1.740741,1.909091,1.909091,1.952381,1.869565,0.521,0.479,114.8,114.3,229.1,1,2025_NBA,,,,,,,,,,,,,,,,,,,,,,,,,home,3.5,-110.0,0.16259822059719098,0.1788580247711077,0.6089799913137671,10.897999131376713,0.04471450619277693,spread,nba,0.6089799913137671,0.3910200086862329,1.6420900756405412,2.557413886209676,1.6667214267751491,2.595775094502821,-149,+159,0.5238094988662143,0.5238094988662143,0.5,0.5,0.16259822059719098,0.10897999131376712,0.1788580247711077,16.2598220597191,10.897999131376713,-0.253507220597191,-0.10897999131376712,0.0,-25.3507220597191,-10.897999131376713,,,,,,,,,,,,,,,,,,,,
Basketball,NBA,2025_12_15,NBA_2025_12_15_Boston_Celtics_Detroit_Pistons,2026_04_17,08:10 PM,Boston Celtics,Detroit Pistons,-2.0,2.0,231.0,-130,110,-110,-110,-110,-110,1.769231,2.1,1.909091,1.909091,1.909091,1.909091,0.519,0.481,114.0,113.6,227.6,1,2025_NBA,,,,,,,,,,,,,,,,,,,,,,,,,away,2.0,-110.0,0.03865784392032312,0.04252362405999302,0.5440588447173671,4.40588447173671,0.010630906014998255,spread,nba,0.4559411552826329,0.5440588447173671,2.19326548703442,1.8380364729103698,2.226164469339936,1.8656070200040251,+122,-115,0.5238094988662143,0.5238094988662143,0.5,0.5,-0.12956684392032303,-0.044058844717367096,0.0,-12.956684392032303,-4.40588447173671,0.03865784392032312,0.044058844717367096,0.04252362405999302,3.865784392032312,4.40588447173671,,,,,,,,,,,,,,,,,,,,
Basketball,NBA,2025_12_15,NBA_2025_12_15_Los_Angeles_Clippers_Memphis_Grizzlies,2026_04_17,11:40 PM,Los Angeles Clippers,Memphis Grizzlies,-3.0,3.0,226.0,-145,125,-110,-110,-110,-110,1.689655,2.25,1.909091,1.909091,1.909091,1.909091,0.527,0.473,113.8,112.9,226.7,1,2025_NBA,,,,,,,,,,,,,,,,,,,,,,,,,away,3.0,-110.0,0.06478059408351888,0.07125864636600625,0.557742189389358,5.774218938935805,0.017814661591501562,spread,nba,0.44225781061064195,0.557742189389358,2.261124565825672,1.7929430819907066,2.2950414343130565,1.819837228220567,+129,-121,0.5238094988662143,0.5238094988662143,0.5,0.5,-0.1556895940835189,-0.057742189389358045,0.0,-15.56895940835189,-5.774218938935805,0.06478059408351888,0.057742189389358045,0.07125864636600625,6.478059408351888,5.774218938935805,,,,,,,,,,,,,,,,,,,,
Basketball,NBA,2025_12_15,NBA_2025_12_15_Miami_Heat_Toronto_Raptors,2026_04_17,08:40 PM,Miami Heat,Toronto Raptors,-5.5,5.5,238.5,-230,192,-110,-110,-110,-110,1.434783,2.92,1.909091,1.909091,1.909091,1.909091,0.596,0.404,118.9,116.0,234.9,1,2025_NBA,,,,,,,,,,,,,,,,,,,,,,,,,away,5.5,-110.0,0.09077247057433513,0.09984970764679786,0.571356981188605,7.135698118860501,0.024962426911699465,spread,nba,0.428643018811395,0.571356981188605,2.332943629346743,1.7502192725810064,2.3679377837869438,1.7764725616697212,+136,-128,0.5238094988662143,0.5238094988662143,0.5,0.5,-0.18168147057433504,-0.071356981188605,0.0,-18.168147057433504,-7.135698118860501,0.09077247057433513,0.071356981188605,0.09984970764679786,9.077247057433514,7.135698118860501,,,,,,,,,,,,,,,,,,,,
Basketball,NBA,2025_12_15,NBA_2025_12_15_Utah_Jazz_Dallas_Mavericks,2026_04_17,10:10 PM,Utah Jazz,Dallas Mavericks,2.5,-2.5,237.5,105,-125,-110,-110,-110,-110,2.05,1.8,1.909091,1.909091,1.909091,1.909091,0.533,0.467,118.6,117.6,236.2,1,2025_NBA,,,,,,,,,,,,,,,,,,,,,,,,,home,2.5,-110.0,0.13713184334774708,0.15084501259802063,0.595640461008798,9.564046100879796,0.03771125314950516,spread,nba,0.595640461008798,0.404359538991202,1.678865129991949,2.473046641844544,1.704048106941828,2.510142341472212,-142,+151,0.5238094988662143,0.5238094988662143,0.5,0.5,0.13713184334774708,0.09564046100879797,0.15084501259802063,13.71318433477471,9.564046100879796,-0.2280408433477471,-0.09564046100879797,0.0,-22.80408433477471,-9.564046100879796,,,,,,,,,,,,,,,,,,,,
Basketball,NBA,2025_12_17,NBA_2025_12_17_Minnesota_Timberwolves_Memphis_Grizzlies,2026_04_17,09:10 PM,Minnesota Timberwolves,Memphis Grizzlies,-8.0,8.0,233.5,-290,237,-110,-110,-110,-110,1.344828,3.37,1.909091,1.909091,1.909091,1.909091,0.68,0.32,118.4,113.3,231.7,1,2025_NBA,,,,,,,,,,,,,,,,,,,,,,,,,away,8.0,-110.0,0.10629216956793619,0.11692137483259231,0.5794863469409977,7.948634694099765,0.029230343708148077,spread,nba,0.42051365305900235,0.5794863469409977,2.3780440723518907,1.7256661960697037,2.413714733437169,1.7515511890107491,+141,-133,0.5238094988662143,0.5238094988662143,0.5,0.5,-0.1972011695679361,-0.07948634694099765,0.0,-19.72011695679361,-7.948634694099765,0.10629216956793619,0.07948634694099765,0.11692137483259231,10.62921695679362,7.948634694099765,,,,,,,,,,,,,,,,,,,,
Basketball,NBA,2025_12_18,NBA_2025_12_18_Charlotte_Hornets_Atlanta_Hawks,2026_04_17,08:10 PM,Charlotte Hornets,Atlanta Hawks,6.0,-6.0,237.5,170,-195,-110,-110,-110,-110,2.7,1.512821,1.909091,1.909091,1.909091,1.909091,0.383,0.617,115.9,120.2,236.1,1,2025_NBA,,,,,,,,,,,,,,,,,,,,,,,,,home,6.0,-110.0,0.04389139521298513,0.04828052990623077,0.5468002285972671,4.680022859726707,0.012070132476557692,spread,nba,0.5468002285972671,0.45319977140273293,1.8288214739144277,2.206532445735408,1.856253796023144,2.2396304324214387,-116,+123,0.5238094988662143,0.5238094988662143,0.5,0.5,0.04389139521298513,0.04680022859726707,0.04828052990623077,4.389139521298513,4.680022859726707,-0.13480039521298515,-0.04680022859726707,0.0,-13.480039521298515,-4.680022859726707,,,,,,,,,,,,,,,,,,,,
Basketball,NBA,2025_12_18,NBA_2025_12_18_Denver_Nuggets_Orlando_Magic,2026_04_17,10:10 PM,Denver Nuggets,Orlando Magic,-8.0,8.0,233.5,-290,237,-110,-110,-110,-110,1.344828,3.37,1.909091,1.909091,1.909091,1.909091,0.692,0.308,120.4,115.0,235.4,1,2025_NBA,,,,,,,,,,,,,,,,,,,,,,,,,away,8.0,-110.0,0.09077247057433513,0.09984970764679786,0.571356981188605,7.135698118860501,0.024962426911699465,spread,nba,0.428643018811395,0.571356981188605,2.332943629346743,1.7502192725810064,2.3679377837869438,1.7764725616697212,+136,-128,0.5238094988662143,0.5238094988662143,0.5,0.5,-0.18168147057433504,-0.071356981188605,0.0,-18.168147057433504,-7.135698118860501,0.09077247057433513,0.071356981188605,0.09984970764679786,9.077247057433514,7.135698118860501,,,,,,,,,,,,,,,,,,,,
Basketball,NBA,2025_12_18,NBA_2025_12_18_Oklahoma_City_Thunder_Los_Angeles_Clippers,2026_04_17,09:10 PM,Oklahoma City Thunder,Los Angeles Clippers,-15.0,15.0,223.5,-1500,874,-110,-110,-110,-110,1.066667,9.74,1.909091,1.909091,1.909091,1.909091,0.87,0.13,116.0,104.9,220.9,1,2025_NBA,,,,,,,,,,,,,,,,,,,,,,,,,away,15.0,-110.0,0.15752344554087228,0.17327577276738232,0.6063217759346581,10.632177593465808,0.04331894319184558,spread,nba,0.3936782240653419,0.6063217759346581,2.5401455779632403,1.649289271292423,2.5782477616326887,1.6740286103618092,+157,-148,0.5238094988662143,0.5238094988662143,0.5,0.5,-0.2484324455408723,-0.10632177593465808,0.0,-24.843244554087228,-10.632177593465808,0.15752344554087228,0.10632177593465808,0.17327577276738232,15.752344554087227,10.632177593465808,,,,,,,,,,,,,,,,,,,,
Basketball,NBA,2025_12_18,NBA_2025_12_18_San_Antonio_Spurs_Washington_Wizards,2026_04_17,09:10 PM,San Antonio Spurs,Washington Wizards,-14.5,14.5,242.0,-950,637,-110,-110,-110,-110,1.105263,7.37,1.909091,1.909091,1.909091,1.909091,0.861,0.139,124.4,113.8,238.2,1,2025_NBA,,,,,,,,,,,,,,,,,,,,,,,,,away,14.5,-110.0,0.1575234455408716,0.17327577276738135,0.6063217759346576,10.632177593465764,0.04331894319184534,spread,nba,0.39367822406534236,0.6063217759346576,2.5401455779632376,1.6492892712924243,2.578247761632686,1.6740286103618105,+157,-148,0.5238094988662143,0.5238094988662143,0.5,0.5,-0.2484324455408714,-0.10632177593465764,0.0,-24.84324455408714,-10.632177593465764,0.1575234455408716,0.10632177593465764,0.17327577276738135,15.752344554087161,10.632177593465764,,,,,,,,,,,,,,,,,,,,
Basketball,NBA,2025_12_18,NBA_2025_12_18_Utah_Jazz_Los_Angeles_Lakers,2026_04_17,10:10 PM,Utah Jazz,Los Angeles Lakers,7.0,-7.0,244.0,237,-290,-110,-110,-110,-110,3.37,1.344828,1.909091,1.909091,1.909091,1.909091,0.335,0.665,117.5,123.2,240.7,1,2025_NBA,,,,,,,,,,,,,,,,,,,,,,,,,home,7.0,-110.0,0.022934137105209196,0.025227548292975282,0.535822617730223,3.5822617730222994,0.0063068870732438205,spread,nba,0.535822617730223,0.464177382269777,1.8662892660934332,2.15434882912672,1.8942836050848344,2.1866640615636204,-111,+118,0.5238094988662143,0.5238094988662143,0.5,0.5,0.022934137105209196,0.035822617730222994,0.025227548292975282,2.2934137105209196,3.5822617730222994,-0.1138431371052091,-0.035822617730222994,0.0,-11.38431371052091,-3.5822617730222994,,,,,,,,,,,,,,,,,,,,
Basketball,NBA,2025_12_19,NBA_2025_12_19_Atlanta_Hawks_San_Antonio_Spurs,2026_04_17,08:40 PM,Atlanta Hawks,San Antonio Spurs,2.0,-2.0,242.0,110,-130,-110,-110,-110,-110,2.1,1.769231,1.909091,1.909091,1.909091,1.909091,0.346,0.654,116.0,121.2,237.2,1,2025_NBA,,,,,,,,,,,,,,,,,,,,,,,,,away,-2.0,-110.0,0.12174741289468827,0.13392214079194312,0.5875819502028391,8.75819502028391,0.03348053519798578,spread,nba,0.4124180497971609,0.5875819502028391,2.4247241372966797,1.701890263400348,2.4610949993561295,1.727418617351353,+146,-137,0.5238094988662143,0.5238094988662143,0.5,0.5,-0.21265641289468828,-0.0875819502028391,0.0,-21.265641289468828,-8.75819502028391,0.12174741289468827,0.0875819502028391,0.13392214079194312,12.174741289468827,8.75819502028391,,,,,,,,,,,,,,,,,,,,
Basketball,NBA,2025_12_19,NBA_2025_12_19_Boston_Celtics_Miami_Heat,2026_04_17,08:10 PM,Boston Celtics,Miami Heat,-6.5,6.5,234.0,-250,207,-110,-110,-110,-110,1.4,3.07,1.909091,1.909091,1.909091,1.909091,0.768,0.232,120.6,112.8,233.4,1,2025_NBA,,,,,,,,,,,,,,,,,,,,,,,,,home,-6.5,-110.0,0.022934137105209196,0.025227548292975282,0.535822617730223,3.5822617730222994,0.0063068870732438205,spread,nba,0.535822617730223,0.464177382269777,1.8662892660934332,2.15434882912672,1.8942836050848344,2.1866640615636204,-111,+118,0.5238094988662143,0.5238094988662143,0.5,0.5,0.022934137105209196,0.035822617730222994,0.025227548292975282,2.2934137105209196,3.5822617730222994,-0.1138431371052091,-0.035822617730222994,0.0,-11.38431371052091,-3.5822617730222994,,,,,,,,,,,,,,,,,,,,
Basketball,NBA,2025_12_19,NBA_2025_12_19_Cleveland_Cavaliers_Chicago_Bulls,2026_04_17,08:40 PM,Cleveland Cavaliers,Chicago Bulls,-7.5,7.5,242.0,-260,215,-110,-110,-110,-110,1.384615,3.15,1.909091,1.909091,1.909091,1.909091,0.668,0.332,122.7,117.8,240.5,1,2025_NBA,,,,,,,,,,,,,,,,,,,,,,,,,away,7.5,-110.0,0.09077247057433513,0.09984970764679786,0.571356981188605,7.135698118860501,0.024962426911699465,spread,nba,0.428643018811395,0.571356981188605,2.332943629346743,1.7502192725810064,2.3679377837869438,1.7764725616697212,+136,-128,0.5238094988662143,0.5238094988662143,0.5,0.5,-0.18168147057433504,-0.071356981188605,0.0,-18.168147057433504,-7.135698118860501,0.09077247057433513,0.071356981188605,0.09984970764679786,9.077247057433514,7.135698118860501,,,,,,,,,,,,,,,,,,,,
Basketball,NBA,2025_12_19,NBA_2025_12_19_Minnesota_Timberwolves_Oklahoma_City_Thunder,2026_04_17,10:40 PM,Minnesota Timberwolves,Oklahoma City Thunder,7.5,-7.5,226.0,260,-320,-110,-110,-110,-110,3.6,1.3125,1.909091,1.909091,1.909091,1.909091,0.298,0.702,111.6,117.8,229.4,1,2025_NBA,,,,,,,,,,,,,,,,,,,,,,,,,home,7.5,-110.0,0.022934137105209196,0.025227548292975282,0.535822617730223,3.5822617730222994,0.0063068870732438205,spread,nba,0.535822617730223,0.464177382269777,1.8662892660934332,2.15434882912672,1.8942836050848344,2.1866640615636204,-111,+118,0.5238094988662143,0.5238094988662143,0.5,0.5,0.022934137105209196,0.035822617730222994,0.025227548292975282,2.2934137105209196,3.5822617730222994,-0.1138431371052091,-0.035822617730222994,0.0,-11.38431371052091,-3.5822617730222994,,,,,,,,,,,,,,,,,,,,
Basketball,NBA,2025_12_20,NBA_2025_12_20_Golden_State_Warriors_Phoenix_Suns,2026_04_17,09:40 PM,Golden State Warriors,Phoenix Suns,-6.5,6.5,225.5,-230,192,-110,-110,-110,-110,1.434783,2.92,1.909091,1.909091,1.909091,1.909091,0.662,0.338,115.0,110.4,225.4,1,2025_NBA,,,,,,,,,,,,,,,,,,,,,,,,,away,6.5,-110.0,0.05434548791963967,0.05978003073360055,0.5522761816590407,5.227618165904069,0.014945007683400138,spread,nba,0.4477238183409593,0.5522761816590407,2.23351977052617,1.8106882628832452,2.2670225670840622,1.8378485868264938,+126,-119,0.5238094988662143,0.5238094988662143,0.5,0.5,-0.14525448791963957,-0.05227618165904069,0.0,-14.525448791963957,-5.227618165904069,0.05434548791963967,0.05227618165904069,0.05978003073360055,5.434548791963967,5.227618165904069,,,,,,,,,,,,,,,,,,,,
Basketball,NBA,2025_12_20,NBA_2025_12_20_Los_Angeles_Clippers_Los_Angeles_Lakers,2026_04_17,11:40 PM,Los Angeles Clippers,Los Angeles Lakers,4.0,-4.0,230.5,125,-145,-110,-110,-110,-110,2.25,1.689655,1.909091,1.909091,1.909091,1.909091,0.468,0.532,113.0,114.8,227.8,1,2025_NBA,,,,,,,,,,,,,,,,,,,,,,,,,home,4.0,-110.0,0.06999041473742373,0.07698944851222136,0.5604711429352628,6.047114293526279,0.01924736212805534,spread,nba,0.5604711429352628,0.4395288570647372,1.7842131795811385,2.2751634708997326,1.8109763772748553,2.3092909229632284,-123,+130,0.5238094988662143,0.5238094988662143,0.5,0.5,0.06999041473742373,0.06047114293526279,0.07698944851222136,6.999041473742373,6.047114293526279,-0.16089941473742375,-0.06047114293526279,0.0,-16.089941473742375,-6.047114293526279,,,,,,,,,,,,,,,,,,,,
Basketball,NBA,2025_12_20,NBA_2025_12_20_New_Orleans_Pelicans_Indiana_Pacers,2026_04_17,08:10 PM,New Orleans Pelicans,Indiana Pacers,-3.5,3.5,234.0,-160,140,-110,-110,-115,-105,1.625,2.4,1.909091,1.909091,1.869565,1.952381,0.523,0.477,117.0,116.4,233.4,1,2025_NBA,,,,,,,,,,,,,,,,,,,,,,,,,away,3.5,-110.0,0.10629216956793708,0.1169213748325933,0.5794863469409981,7.94863469409981,0.029230343708148324,spread,nba,0.4205136530590019,0.5794863469409981,2.378044072351893,1.7256661960697024,2.413714733437171,1.7515511890107478,+141,-133,0.5238094988662143,0.5238094988662143,0.5,0.5,-0.19720116956793698,-0.0794863469409981,0.0,-19.7201169567937,-7.94863469409981,0.10629216956793708,0.0794863469409981,0.1169213748325933,10.629216956793709,7.94863469409981,,,,,,,,,,,,,,,,,,,,
Basketball,NBA,2025_12_20,NBA_2025_12_20_Sacramento_Kings_Portland_Trail_Blazers,2026_04_17,11:10 PM,Sacramento Kings,Portland Trail Blazers,4.0,-4.0,238.0,153,-175,-110,-110,-110,-110,2.53,1.571429,1.909091,1.909091,1.909091,1.909091,0.445,0.555,116.7,119.3,236.0,1,2025_NBA,,,,,,,,,,,,,,,,,,,,,,,,,home,4.0,-110.0,0.0281789669242809,0.030996860517022936,0.5385699094093895,3.8569909409389536,0.007749215129255734,spread,nba,0.5385699094093895,0.46143009059061046,1.8567691631651446,2.167175527543172,1.8846207006126217,2.1996831604563196,-113,+119,0.5238094988662143,0.5238094988662143,0.5,0.5,0.0281789669242809,0.038569909409389536,0.030996860517022936,2.81789669242809,3.8569909409389536,-0.11908796692428081,-0.038569909409389536,0.0,-11.90879669242808,-3.8569909409389536,,,,,,,,,,,,,,,,,,,,
Basketball,NBA,2025_12_20,NBA_2025_12_20_Toronto_Raptors_Boston_Celtics,2026_04_17,08:10 PM,Toronto Raptors,Boston Celtics,2.5,-2.5,223.5,100,-120,-110,-110,-110,-110,2.0,1.833333,1.909091,1.909091,1.909091,1.909091,0.545,0.455,113.2,111.7,224.9,1,2025_NBA,,,,,,,,,,,,,,,,,,,,,,,,,home,2.5,-110.0,0.16259822059719098,0.1788580247711077,0.6089799913137671,10.897999131376713,0.04471450619277693,spread,nba,0.6089799913137671,0.3910200086862329,1.6420900756405412,2.557413886209676,1.6667214267751491,2.595775094502821,-149,+159,0.5238094988662143,0.5238094988662143,0.5,0.5,0.16259822059719098,0.10897999131376712,0.1788580247711077,16.2598220597191,10.897999131376713,-0.253507220597191,-0.10897999131376712,0.0,-25.3507220597191,-10.897999131376713,,,,,,,,,,,,,,,,,,,,
Basketball,NBA,2025_12_20,NBA_2025_12_20_Utah_Jazz_Orlando_Magic,2026_04_17,10:40 PM,Utah Jazz,Orlando Magic,7.5,-7.5,240.5,230,-280,-110,-110,-110,-110,3.3,1.357143,1.909091,1.909091,1.909091,1.909091,0.346,0.654,115.8,121.2,237.0,1,2025_NBA,,,,,,,,,,,,,,,,,,,,,,,,,home,7.5,-110.0,0.06478059408351822,0.07125864636600528,0.5577421893893576,5.7742189389357605,0.01781466159150132,spread,nba,0.5577421893893576,0.4422578106106424,1.792943081990708,2.2611245658256696,1.8198372282205684,2.2950414343130543,-121,+129,0.5238094988662143,0.5238094988662143,0.5,0.5,0.06478059408351822,0.0577421893893576,0.07125864636600528,6.478059408351822,5.7742189389357605,-0.155689594083518,-0.0577421893893576,0.0,-15.568959408351802,-5.7742189389357605,,,,,,,,,,,,,,,,,,,,
Basketball,NBA,2025_12_21,NBA_2025_12_21_Brooklyn_Nets_Toronto_Raptors,2026_04_17,07:10 PM,Brooklyn Nets,Toronto Raptors,6.5,-6.5,222.5,140,-160,-115,-105,-110,-110,2.4,1.625,1.869565,1.952381,1.909091,1.909091,0.429,0.571,109.1,112.2,221.3,1,2025_NBA,,,,,,,,,,,,,,,,,,,,,,,,,home,6.5,-115.0,0.10857467451631408,0.12486090690898793,0.5929586157829838,8.212434444581685,0.031215226727246984,spread,nba,0.5929586157829838,0.4070413842170162,1.6864583351732405,2.456752651634176,1.7117552102008389,2.4936039414086886,-140,+149,0.5348837831260214,0.5121951094586559,0.510834271337167,0.489165728662833,0.10857467451631408,0.08212434444581684,0.12486090690898793,10.857467451631408,8.212434444581685,-0.20530013524099777,-0.08212434444581679,0.0,-20.53001352409978,-8.212434444581678,,,,,,,,,,,,,,,,,,,,
Basketball,NBA,2025_12_21,NBA_2025_12_21_Minnesota_Timberwolves_Milwaukee_Bucks,2026_04_17,08:10 PM,Minnesota Timberwolves,Milwaukee Bucks,-12.0,12.0,222.5,-650,476,-110,-110,-110,-110,1.153846,5.76,1.909091,1.909091,1.909091,1.909091,0.829,0.171,118.6,109.0,227.6,1,2025_NBA,,,,,,,,,,,,,,,,,,,,,,,,,away,12.0,-110.0,0.08039337264887747,0.08843270107049497,0.5659203111055876,6.592031110558761,0.022108175267623743,spread,nba,0.4340796888944124,0.5659203111055876,2.3037244671524926,1.767033238383669,2.3382803341597795,1.793538736959424,+133,-126,0.5238094988662143,0.5238094988662143,0.5,0.5,-0.17130237264887727,-0.0659203111055876,0.0,-17.130237264887725,-6.592031110558761,0.08039337264887747,0.0659203111055876,0.08843270107049497,8.039337264887747,6.592031110558761,,,,,,,,,,,,,,,,,,,,
Basketball,NBA,2025_12_21,NBA_2025_12_21_New_York_Knicks_Miami_Heat,2026_04_17,07:10 PM,New York Knicks,Miami Heat,-8.0,8.0,235.5,-335,270,-110,-110,-110,-110,1.298507,3.7,1.909091,1.909091,1.909091,1.909091,0.699,0.301,121.8,116.3,238.1,1,2025_NBA,,,,,,,,,,,,,,,,,,,,,,,,,away,8.0,-110.0,0.08558602485182543,0.09414461792254616,0.5686402716538004,6.864027165380038,0.02353615448063654,spread,nba,0.4313597283461996,0.5686402716538004,2.3182507181046406,1.758581039453393,2.35302447887621,1.7849597550451937,+135,-127,0.5238094988662143,0.5238094988662143,0.5,0.5,-0.17649502485182533,-0.06864027165380038,0.0,-17.649502485182534,-6.864027165380038,0.08558602485182543,0.06864027165380038,0.09414461792254616,8.558602485182544,6.864027165380038,,,,,,,,,,,,,,,,,,,,
Basketball,NBA,2025_12_21,NBA_2025_12_21_Washington_Wizards_San_Antonio_Spurs,2026_04_17,08:10 PM,Washington Wizards,San Antonio Spurs,14.5,-14.5,240.0,817,-1350,-110,-110,-110,-110,9.17,1.074074,1.909091,1.909091,1.909091,1.909091,0.126,0.874,113.1,124.9,238.0,1,2025_NBA,,,,,,,,,,,,,,,,,,,,,,,,,home,14.5,-110.0,0.0959524694263445,0.10554770581420848,0.5740703137914036,7.407031379140361,0.02638692645355212,spread,nba,0.5740703137914036,0.4259296862085964,1.7419468939189282,2.3478053593809762,1.7680760973277119,2.3830224397716906,-130,+138,0.5238094988662143,0.5238094988662143,0.5,0.5,0.0959524694263445,0.07407031379140361,0.10554770581420848,9.59524694263445,7.407031379140361,-0.18686146942634452,-0.07407031379140361,0.0,-18.68614694263445,-7.407031379140361,,,,,,,,,,,,,,,,,,,,
Basketball,NBA,2025_12_22,NBA_2025_12_22_Boston_Celtics_Indiana_Pacers,2026_04_17,08:40 PM,Boston Celtics,Indiana Pacers,-10.0,10.0,226.0,-425,334,-110,-110,-110,-110,1.235294,4.34,1.909091,1.909091,1.909091,1.909091,0.799,0.201,117.4,108.8,226.2,1,2025_NBA,,,,,,,,,,,,,,,,,,,,,,,,,away,10.0,-110.0,0.028178966924280013,0.03099686051702202,0.5385699094093891,3.856990940938909,0.007749215129255505,spread,nba,0.4614300905906109,0.5385699094093891,2.1671755275431703,1.8567691631651462,2.199683160456318,1.8846207006126232,+119,-113,0.5238094988662143,0.5238094988662143,0.5,0.5,-0.11908796692428003,-0.03856990940938909,0.0,-11.908796692428004,-3.856990940938909,0.028178966924280013,0.03856990940938909,0.03099686051702202,2.8178966924280013,3.856990940938909,,,,,,,,,,,,,,,,,,,,
Basketball,NBA,2025_12_22,NBA_2025_12_22_Cleveland_Cavaliers_Charlotte_Hornets,2026_04_17,08:10 PM,Cleveland Cavaliers,Charlotte Hornets,-9.0,9.0,237.0,-380,303,-110,-110,-110,-110,1.263158,4.03,1.909091,1.909091,1.909091,1.909091,0.752,0.248,121.3,114.0,235.3,1,2025_NBA,,,,,,,,,,,,,,,,,,,,,,,,,away,9.0,-110.0,0.04389139521298513,0.04828052990623077,0.5468002285972671,4.680022859726707,0.012070132476557692,spread,nba,0.45319977140273293,0.5468002285972671,2.206532445735408,1.8288214739144277,2.2396304324214387,1.856253796023144,+123,-116,0.5238094988662143,0.5238094988662143,0.5,0.5,-0.13480039521298515,-0.04680022859726707,0.0,-13.480039521298515,-4.680022859726707,0.04389139521298513,0.04680022859726707,0.04828052990623077,4.389139521298513,4.680022859726707,,,,,,,,,,,,,,,,,,,,
Basketball,NBA,2025_12_22,NBA_2025_12_22_Denver_Nuggets_Utah_Jazz,2026_04_17,10:10 PM,Denver Nuggets,Utah Jazz,-14.5,14.5,246.5,-1000,661,-110,-110,-110,-110,1.1,7.61,1.909091,1.909091,1.909091,1.909091,0.849,0.151,127.8,117.5,245.3,1,2025_NBA,,,,,,,,,,,,,,,,,,,,,,,,,away,14.5,-110.0,0.17271844303665063,0.18999026834128885,0.614281059958195,11.428105995819504,0.04749756708532221,spread,nba,0.38571894004180496,0.614281059958195,2.592561308738477,1.6279193111831498,2.631449728369554,1.6523381008508968,+163,-153,0.5238094988662143,0.5238094988662143,0.5,0.5,-0.26362744303665053,-0.11428105995819504,0.0,-26.362744303665053,-11.428105995819504,0.17271844303665063,0.11428105995819504,0.18999026834128885,17.271844303665063,11.428105995819504,,,,,,,,,,,,,,,,,,,,
Basketball,NBA,2025_12_22,NBA_2025_12_22_Golden_State_Warriors_Orlando_Magic,2026_04_17,11:10 PM,Golden State Warriors,Orlando Magic,-4.5,4.5,229.5,-195,170,-115,-105,-110,-110,1.512821,2.7,1.869565,1.952381,1.909091,1.909091,0.6,0.4,114.3,111.4,225.7,1,2025_NBA,,,,,,,,,,,,,,,,,,,,,,,,,away,4.5,-105.0,0.062210151308138784,0.06532065560751284,0.5440588447173675,5.489311605453456,0.01633016390187821,spread,nba,0.45594115528263246,0.5440588447173675,2.1932654870344224,1.8380364729103682,2.2261644693399383,1.8656070200040236,+122,-115,0.5348837831260214,0.5121951094586559,0.510834271337167,0.489165728662833,-0.14758837402402525,-0.05489311605453451,0.0,-14.758837402402525,-5.489311605453451,0.062210151308138784,0.05489311605453456,0.06532065560751284,6.221015130813878,5.489311605453456,,,,,,,,,,,,,,,,,,,,
Basketball,NBA,2025_12_22,NBA_2025_12_22_Oklahoma_City_Thunder_Memphis_Grizzlies,2026_04_17,10:40 PM,Oklahoma City Thunder,Memphis Grizzlies,-16.5,16.5,227.5,-1200,754,-110,-110,-110,-110,1.083333,8.54,1.909091,1.909091,1.909091,1.909091,0.826,0.174,120.1,110.4,230.5,1,2025_NBA,,,,,,,,,,,,,,,,,,,,,,,,,away,16.5,-110.0,0.2999734383072925,0.3299707491409468,0.6809384352591324,18.093843525913243,0.05,spread,nba,0.31906156474086755,0.6809384352591324,3.134191361507835,1.4685615442157383,3.1812042319304523,1.4905899673789742,+218,-203,0.5238094988662143,0.5238094988662143,0.5,0.5,-0.3908824383072924,-0.18093843525913245,0.0,-39.08824383072924,-18.093843525913243,0.2999734383072925,0.18093843525913245,0.3299707491409468,29.99734383072925,18.093843525913243,,,,,,,,,,,,,,,,,,,,
Basketball,NBA,2025_12_23,NBA_2025_12_23_Cleveland_Cavaliers_New_Orleans_Pelicans,2026_04_17,08:40 PM,Cleveland Cavaliers,New Orleans Pelicans,-9.5,9.5,237.5,-415,327,-110,-110,-115,-105,1.240964,4.27,1.909091,1.909091,1.869565,1.952381,0.719,0.281,124.0,117.7,241.7,1,2025_NBA,,,,,,,,,,,,,,,,,,,,,,,,,away,9.5,-110.0,0.12174741289468827,0.13392214079194312,0.5875819502028391,8.75819502028391,0.03348053519798578,spread,nba,0.4124180497971609,0.5875819502028391,2.4247241372966797,1.701890263400348,2.4610949993561295,1.727418617351353,+146,-137,0.5238094988662143,0.5238094988662143,0.5,0.5,-0.21265641289468828,-0.0875819502028391,0.0,-21.265641289468828,-8.75819502028391,0.12174741289468827,0.0875819502028391,0.13392214079194312,12.174741289468827,8.75819502028391,,,,,,,,,,,,,,,,,,,,
Basketball,NBA,2025_12_23,NBA_2025_12_23_Minnesota_Timberwolves_New_York_Knicks,2026_04_17,09:10 PM,Minnesota Timberwolves,New York Knicks,-7.0,7.0,233.0,-270,222,-108,-112,-110,-110,1.37037,3.22,1.925926,1.892857,1.909091,1.909091,0.651,0.349,115.9,111.4,227.3,1,2025_NBA,,,,,,,,,,,,,,,,,,,,,,,,,away,7.0,-112.0,0.07635471868179766,0.08551729860638116,0.5686402716538004,6.43104891026578,0.02137932465159529,spread,nba,0.4313597283461996,0.5686402716538004,2.3182507181046406,1.758581039453393,2.35302447887621,1.7849597550451937,+135,-127,0.5192307492603558,0.5283019266642963,0.4956702174488574,0.5043297825511426,-0.16923308382511715,-0.0643104891026578,0.0,-16.923308382511713,-6.43104891026578,0.07635471868179766,0.0643104891026578,0.08551729860638116,7.635471868179766,6.43104891026578,,,,,,,,,,,,,,,,,,,,
Basketball,NBA,2025_12_23,NBA_2025_12_23_Philadelphia_76ers_Brooklyn_Nets,2026_04_17,08:10 PM,Philadelphia 76ers,Brooklyn Nets,-10.0,10.0,219.5,-400,316,-110,-110,-110,-110,1.25,4.16,1.909091,1.909091,1.909091,1.909091,0.763,0.237,113.3,105.7,219.0,1,2025_NBA,,,,,,,,,,,,,,,,,,,,,,,,,away,10.0,-110.0,0.08039337264887747,0.08843270107049497,0.5659203111055876,6.592031110558761,0.022108175267623743,spread,nba,0.4340796888944124,0.5659203111055876,2.3037244671524926,1.767033238383669,2.3382803341597795,1.793538736959424,+133,-126,0.5238094988662143,0.5238094988662143,0.5,0.5,-0.17130237264887727,-0.0659203111055876,0.0,-17.130237264887725,-6.592031110558761,0.08039337264887747,0.0659203111055876,0.08843270107049497,8.039337264887747,6.592031110558761,,,,,,,,,,,,,,,,,,,,
Basketball,NBA,2025_12_23,NBA_2025_12_23_Portland_Trail_Blazers_Orlando_Magic,2026_04_17,11:10 PM,Portland Trail Blazers,Orlando Magic,3.0,-3.0,234.5,110,-130,-110,-110,-105,-115,2.1,1.769231,1.909091,1.909091,1.952381,1.869565,0.475,0.525,116.5,118.0,234.5,1,2025_NBA,,,,,,,,,,,,,,,,,,,,,,,,,home,3.0,-110.0,0.03342028526630725,0.03676231011670702,0.5413153617435247,4.131536174352468,0.009190577529176755,spread,nba,0.5413153617435247,0.4586846382564753,1.8473519701696552,2.1801471350798676,1.8750622497221998,2.2128493421060655,-114,+121,0.5238094988662143,0.5238094988662143,0.5,0.5,0.03342028526630725,0.04131536174352468,0.03676231011670702,3.342028526630725,4.131536174352468,-0.12432928526630727,-0.04131536174352468,0.0,-12.432928526630727,-4.131536174352468,,,,,,,,,,,,,,,,,,,,
Basketball,NBA,2025_12_25,NBA_2025_12_25_Denver_Nuggets_Minnesota_Timberwolves,2026_04_17,11:43 PM,Denver Nuggets,Minnesota Timberwolves,-4.5,4.5,230.0,-155,135,-115,-105,-110,-110,1.645161,2.35,1.869565,1.952381,1.909091,1.909091,0.574,0.426,119.9,117.5,237.4,1,2025_NBA,,,,,,,,,,,,,,,,,,,,,,,,,away,4.5,-105.0,0.08892525346218338,0.09337151146671699,0.5577421893893576,6.857646072652463,0.023342877866679247,spread,nba,0.4422578106106424,0.5577421893893576,2.2611245658256696,1.792943081990708,2.2950414343130543,1.8198372282205684,+129,-121,0.5348837831260214,0.5121951094586559,0.510834271337167,0.489165728662833,-0.17317027630571435,-0.06857646072652457,0.0,-17.317027630571435,-6.857646072652457,0.08892525346218338,0.06857646072652462,0.09337151146671699,8.892525346218338,6.857646072652463,,,,,,,,,,,,,,,,,,,,
Basketball,NBA,2025_12_25,NBA_2025_12_25_Golden_State_Warriors_Dallas_Mavericks,2026_04_17,06:18 PM,Golden State Warriors,Dallas Mavericks,-4.0,4.0,227.5,-335,270,-110,-110,-110,-110,1.298507,3.7,1.909091,1.909091,1.909091,1.909091,0.731,0.269,117.2,110.4,227.6,1,2025_NBA,,,,,,,,,,,,,,,,,,,,,,,,,home,-4.0,-110.0,0.10112578193301935,0.11123834900248637,0.5767801440230033,7.678014402300326,0.027809587250621593,spread,nba,0.5767801440230033,0.42321985597699674,1.7337628737096709,2.3628380991045774,1.7597693168153157,2.398280670591146,-131,+139,0.5238094988662143,0.5238094988662143,0.5,0.5,0.10112578193301935,0.07678014402300326,0.11123834900248637,10.112578193301935,7.678014402300326,-0.19203478193301926,-0.07678014402300326,0.0,-19.203478193301926,-7.678014402300326,,,,,,,,,,,,,,,,,,,,
Basketball,NBA,2025_12_25,NBA_2025_12_25_Los_Angeles_Lakers_Houston_Rockets,2026_04_17,09:12 PM,Los Angeles Lakers,Houston Rockets,-1.5,1.5,226.5,135,-155,-105,-115,-110,-110,2.35,1.645161,1.952381,1.869565,1.909091,1.909091,0.457,0.543,114.2,116.3,230.5,1,2025_NBA,,,,,,,,,,,,,,,,,,,,,,,,,away,1.5,-115.0,0.11859405452901406,0.13638319680416525,0.598317819668754,8.7483548331587,0.03409579920104131,spread,nba,0.40168218033124603,0.598317819668754,2.489530402307996,1.6713525272465208,2.5268733583426157,1.6964228151552185,+152,-143,0.5121951094586559,0.5348837831260214,0.489165728662833,0.510834271337167,-0.21576334308270162,-0.08748354833158695,0.0,-21.576334308270162,-8.748354833158695,0.11859405452901406,0.087483548331587,0.13638319680416525,11.859405452901406,8.7483548331587,,,,,,,,,,,,,,,,,,,,
Basketball,NBA,2025_12_25,NBA_2025_12_25_New_York_Knicks_Cleveland_Cavaliers,2026_04_17,01:08 PM,New York Knicks,Cleveland Cavaliers,-3.0,3.0,229.5,-250,207,-110,-110,-110,-110,1.4,3.07,1.909091,1.909091,1.909091,1.909091,0.662,0.338,120.1,115.4,235.5,1,2025_NBA,,,,,,,,,,,,,,,,,,,,,,,,,home,-3.0,-110.0,0.04389139521298446,0.04828052990622985,0.5468002285972666,4.680022859726662,0.012070132476557463,spread,nba,0.5468002285972666,0.4531997714027334,1.8288214739144293,2.2065324457354056,1.8562537960231456,2.2396304324214364,-116,+123,0.5238094988662143,0.5238094988662143,0.5,0.5,0.04389139521298446,0.046800228597266624,0.04828052990622985,4.389139521298446,4.680022859726662,-0.13480039521298426,-0.046800228597266624,0.0,-13.480039521298426,-4.680022859726662,,,,,,,,,,,,,,,,,,,,
Basketball,NBA,2025_12_25,NBA_2025_12_25_Oklahoma_City_Thunder_San_Antonio_Spurs,2026_04_17,03:40 PM,Oklahoma City Thunder,San Antonio Spurs,-9.5,9.5,228.0,-355,285,-110,-110,-110,-110,1.28169,3.85,1.909091,1.909091,1.909091,1.909091,0.765,0.235,119.9,112.2,232.1,1,2025_NBA,,,,,,,,,,,,,,,,,,,,,,,,,away,9.5,-110.0,0.04912069204370306,0.05403275584479766,0.549539383949588,4.953938394958801,0.013508188961199414,spread,nba,0.450460616050412,0.549539383949588,2.2199499009877655,1.8197057921725497,2.2532491495025817,1.8470013790551378,+125,-118,0.5238094988662143,0.5238094988662143,0.5,0.5,-0.14002969204370286,-0.04953938394958801,0.0,-14.002969204370286,-4.953938394958801,0.04912069204370306,0.04953938394958801,0.05403275584479766,4.912069204370306,4.953938394958801,,,,,,,,,,,,,,,,,,,,
Basketball,NBA,2025_12_26,NBA_2025_12_26_Atlanta_Hawks_Miami_Heat,2026_04_17,08:10 PM,Atlanta Hawks,Miami Heat,-4.0,4.0,243.5,-170,149,-110,-110,-110,-110,1.588235,2.49,1.909091,1.909091,1.909091,1.909091,0.497,0.503,121.9,122.4,244.3,1,2025_NBA,,,,,,,,,,,,,,,,,,,,,,,,,away,4.0,-110.0,0.18782212914030483,0.20660432139390314,0.6221925142071828,12.21925142071828,0.05,spread,nba,0.3778074857928172,0.6221925142071828,2.6468506782006482,1.6072195938812144,2.686553438373658,1.6313278877894324,+168,-158,0.5238094988662143,0.5238094988662143,0.5,0.5,-0.27873112914030473,-0.1221925142071828,0.0,-27.87311291403047,-12.21925142071828,0.18782212914030483,0.1221925142071828,0.20660432139390314,18.78221291403048,12.21925142071828,,,,,,,,,,,,,,,,,,,,
Basketball,NBA,2025_12_26,NBA_2025_12_26_Chicago_Bulls_Philadelphia_76ers,2026_04_17,08:40 PM,Chicago Bulls,Philadelphia 76ers,-1.5,1.5,239.5,-120,100,-110,-114,-110,-110,1.833333,2.0,1.909091,1.877193,1.909091,1.909091,0.481,0.519,118.0,119.3,237.3,1,2025_NBA,,,,,,,,,,,,,,,,,,,,,,,,,away,1.5,-114.0,0.08272764889897344,0.0943095178586395,0.5767801440230033,7.2567834539615355,0.023577379464659876,spread,nba,0.42321985597699674,0.5767801440230033,2.3628380991045774,1.7337628737096709,2.398280670591146,1.7597693168153157,+139,-131,0.5238094988662143,0.5327102753952311,0.49578769051661203,0.5042123094833879,-0.19203478193301926,-0.0725678345396153,0.0,-19.203478193301926,-7.256783453961529,0.08272764889897344,0.07256783453961535,0.0943095178586395,8.272764889897344,7.2567834539615355,,,,,,,,,,,,,,,,,,,,
Basketball,NBA,2025_12_26,NBA_2025_12_26_New_Orleans_Pelicans_Phoenix_Suns,2026_04_17,09:10 PM,New Orleans Pelicans,Phoenix Suns,2.5,-2.5,237.0,145,-165,-110,-110,-110,-110,2.45,1.606061,1.909091,1.909091,1.909091,1.909091,0.406,0.594,116.9,120.6,237.5,1,2025_NBA,,,,,,,,,,,,,,,,,,,,,,,,,away,-2.5,-110.0,0.017686044522422062,0.019454647029199624,0.5330736169844298,3.307361698442979,0.004863661757299906,spread,nba,0.4669263830155702,0.5330736169844298,2.141665231126282,1.8759135101394604,2.173790209593176,1.904052212791552,+117,-110,0.5238094988662143,0.5238094988662143,0.5,0.5,-0.10859504452242197,-0.03307361698442979,0.0,-10.859504452242197,-3.307361698442979,0.017686044522422062,0.03307361698442979,0.019454647029199624,1.7686044522422062,3.307361698442979,,,,,,,,,,,,,,,,,,,,
Basketball,NBA,2025_12_26,NBA_2025_12_26_Orlando_Magic_Charlotte_Hornets,2026_04_17,08:10 PM,Orlando Magic,Charlotte Hornets,-8.0,8.0,234.5,-270,222,-110,-110,-110,-110,1.37037,3.22,1.909091,1.909091,1.909091,1.909091,0.685,0.315,118.0,112.7,230.7,1,2025_NBA,,,,,,,,,,,,,,,,,,,,,,,,,away,8.0,-110.0,0.09595246942634539,0.10554770581420933,0.574070313791404,7.407031379140405,0.026386926453552333,spread,nba,0.42592968620859595,0.574070313791404,2.3478053593809785,1.7419468939189269,2.383022439771693,1.7680760973277105,+138,-130,0.5238094988662143,0.5238094988662143,0.5,0.5,-0.1868614694263453,-0.07407031379140405,0.0,-18.68614694263453,-7.407031379140405,0.09595246942634539,0.07407031379140405,0.10554770581420933,9.595246942634539,7.407031379140405,,,,,,,,,,,,,,,,,,,,
Basketball,NBA,2025_12_26,NBA_2025_12_26_Washington_Wizards_Toronto_Raptors,2026_04_17,08:10 PM,Washington Wizards,Toronto Raptors,9.5,-9.5,233.5,299,-375,-110,-110,-105,-115,3.99,1.266667,1.909091,1.909091,1.952381,1.869565,0.351,0.649,111.7,116.9,228.6,1,2025_NBA,,,,,,,,,,,,,,,,,,,,,,,,,home,9.5,-110.0,0.17776344522743348,0.19553977019619978,0.616923680027528,11.692368002752795,0.048884942549049945,spread,nba,0.616923680027528,0.38307631997247205,1.6209460462846534,2.6104458768734653,1.645260236978923,2.649602565026567,-154,+164,0.5238094988662143,0.5238094988662143,0.5,0.5,0.17776344522743348,0.11692368002752795,0.19553977019619978,17.776344522743347,11.692368002752795,-0.2686724452274334,-0.11692368002752795,0.0,-26.867244522743338,-11.692368002752795,,,,,,,,,,,,,,,,,,,,
Basketball,NBA,2025_12_27,NBA_2025_12_27_Chicago_Bulls_Milwaukee_Bucks,2026_04_17,09:10 PM,Chicago Bulls,Milwaukee Bucks,-5.0,5.0,236.5,-240,200,-110,-110,-110,-110,1.416667,3.0,1.909091,1.909091,1.909091,1.909091,0.554,0.446,118.2,116.5,234.7,1,2025_NBA,,,,,,,,,,,,,,,,,,,,,,,,,away,5.0,-110.0,0.12688373589535984,0.13957209552768612,0.5902724049798358,9.02724049798358,0.03489302388192153,spread,nba,0.4097275950201642,0.5902724049798358,2.440645961253321,1.6941330673151844,2.4772556506721206,1.719545063324912,+147,-138,0.5238094988662143,0.5238094988662143,0.5,0.5,-0.21779273589535963,-0.0902724049798358,0.0,-21.779273589535965,-9.02724049798358,0.12688373589535984,0.0902724049798358,0.13957209552768612,12.688373589535985,9.02724049798358,,,,,,,,,,,,,,,,,,,,
Basketball,NBA,2025_12_27,NBA_2025_12_27_Miami_Heat_Indiana_Pacers,2026_04_17,09:10 PM,Miami Heat,Indiana Pacers,-8.5,8.5,232.0,-370,296,-115,-105,-110,-110,1.27027,3.96,1.869565,1.952381,1.909091,1.909091,0.712,0.288,118.0,112.0,230.0,1,2025_NBA,,,,,,,,,,,,,,,,,,,,,,,,,away,8.5,-105.0,0.11020246221171837,0.11571257953667531,0.5686402716538004,7.94745429909674,0.028928144884168828,spread,nba,0.4313597283461996,0.5686402716538004,2.3182507181046406,1.758581039453393,2.35302447887621,1.7849597550451937,+135,-127,0.5348837831260214,0.5121951094586559,0.510834271337167,0.489165728662833,-0.19354494947443734,-0.07947454299096735,0.0,-19.354494947443733,-7.9474542990967345,0.11020246221171837,0.0794745429909674,0.11571257953667531,11.020246221171837,7.94745429909674,,,,,,,,,,,,,,,,,,,,
Basketball,NBA,2025_12_27,NBA_2025_12_27_Minnesota_Timberwolves_Brooklyn_Nets,2026_04_17,09:10 PM,Minnesota Timberwolves,Brooklyn Nets,-11.5,11.5,222.0,-400,316,-110,-110,-105,-115,1.25,4.16,1.909091,1.909091,1.952381,1.869565,0.808,0.192,115.8,106.8,222.6,1,2025_NBA,,,,,,,,,,,,,,,,,,,,,,,,,away,11.5,-110.0,0.08558602485182543,0.09414461792254616,0.5686402716538004,6.864027165380038,0.02353615448063654,spread,nba,0.4313597283461996,0.5686402716538004,2.3182507181046406,1.758581039453393,2.35302447887621,1.7849597550451937,+135,-127,0.5238094988662143,0.5238094988662143,0.5,0.5,-0.17649502485182533,-0.06864027165380038,0.0,-17.649502485182534,-6.864027165380038,0.08558602485182543,0.06864027165380038,0.09414461792254616,8.558602485182544,6.864027165380038,,,,,,,,,,,,,,,,,,,,
Basketball,NBA,2025_12_27,NBA_2025_12_27_New_Orleans_Pelicans_Phoenix_Suns,2026_04_17,08:10 PM,New Orleans Pelicans,Phoenix Suns,5.5,-5.5,238.5,186,-220,-105,-115,-110,-110,2.86,1.454545,1.952381,1.869565,1.909091,1.909091,0.369,0.631,115.6,120.2,235.8,1,2025_NBA,,,,,,,,,,,,,,,,,,,,,,,,,home,5.5,-105.0,0.024644040907698672,0.025876241659271524,0.5248176666888782,3.5651938026045213,0.006469060414817881,spread,nba,0.5248176666888782,0.4751823333111218,1.9054236613433573,2.1044553425037753,1.9340050162635074,2.1360221726413315,-107,+113,0.5121951094586559,0.5348837831260214,0.489165728662833,0.510834271337167,0.024644040907698672,0.035651938026045216,0.025876241659271524,2.464404090769867,3.5651938026045213,-0.1116157410231926,-0.03565193802604516,0.0,-11.16157410231926,-3.565193802604516,,,,,,,,,,,,,,,,,,,,
Basketball,NBA,2025_12_27,NBA_2025_12_27_Orlando_Magic_Denver_Nuggets,2026_04_17,08:10 PM,Orlando Magic,Denver Nuggets,3.5,-3.5,238.5,170,-195,-110,-110,-105,-115,2.7,1.512821,1.909091,1.909091,1.952381,1.869565,0.341,0.659,114.6,120.1,234.7,1,2025_NBA,,,,,,,,,,,,,,,,,,,,,,,,,away,-3.5,-110.0,0.059565536990557,0.06552208413740428,0.5550104929469349,5.501049294693495,0.01638052103435107,spread,nba,0.44498950705306506,0.5550104929469349,2.2472440004765097,1.8017677372013414,2.280952660483657,1.8287942532593613,+128,-120,0.5238094988662143,0.5238094988662143,0.5,0.5,-0.1504745369905569,-0.05501049294693494,0.0,-15.04745369905569,-5.501049294693495,0.059565536990557,0.05501049294693494,0.06552208413740428,5.9565536990557,5.501049294693495,,,,,,,,,,,,,,,,,,,,
Basketball,NBA,2025_12_27,NBA_2025_12_27_San_Antonio_Spurs_Utah_Jazz,2026_04_17,09:10 PM,San Antonio Spurs,Utah Jazz,-16.5,16.5,246.5,-1350,817,-110,-110,-110,-110,1.074074,9.17,1.909091,1.909091,1.909091,1.909091,0.841,0.159,126.1,116.1,242.2,1,2025_NBA,,,,,,,,,,,,,,,,,,,,,,,,,away,16.5,-110.0,0.2857566250577033,0.31433225613024796,0.6734915334353906,17.349153343539058,0.05,spread,nba,0.3265084665646094,0.6734915334353906,3.0627077163468295,1.484799660211218,3.1086483320920317,1.5070716551143861,+210,-197,0.5238094988662143,0.5238094988662143,0.5,0.5,-0.3766656250577032,-0.1734915334353906,0.0,-37.666562505770315,-17.349153343539058,0.2857566250577033,0.1734915334353906,0.31433225613024796,28.575662505770328,17.349153343539058,,,,,,,,,,,,,,,,,,,,
Basketball,NBA,2025_12_28,NBA_2025_12_28_Los_Angeles_Lakers_Sacramento_Kings,2026_04_17,10:40 PM,Los Angeles Lakers,Sacramento Kings,-13.5,13.5,232.0,-650,476,-110,-110,-115,-105,1.153846,5.76,1.909091,1.909091,1.869565,1.952381,0.826,0.174,122.0,112.3,234.3,1,2025_NBA,,,,,,,,,,,,,,,,,,,,,,,,,away,13.5,-110.0,0.1524391936692393,0.16768309626785358,0.6036585965096684,10.365859650966836,0.041920774066963394,spread,nba,0.39634140349033165,0.6036585965096684,2.5230773045501262,1.6565654921208162,2.560923464118378,1.6814139745026282,+156,-146,0.5238094988662143,0.5238094988662143,0.5,0.5,-0.2433481936692392,-0.10365859650966835,0.0,-24.33481936692392,-10.365859650966836,0.1524391936692393,0.10365859650966835,0.16768309626785358,15.24391936692393,10.365859650966836,,,,,,,,,,,,,,,,,,,,
Basketball,NBA,2025_12_28,NBA_2025_12_28_Oklahoma_City_Thunder_Philadelphia_76ers,2026_04_17,04:40 PM,Oklahoma City Thunder,Philadelphia 76ers,-15.0,15.0,225.5,-1000,661,-110,-110,-110,-110,1.1,7.61,1.909091,1.909091,1.909091,1.909091,0.853,0.147,118.5,108.0,226.5,1,2025_NBA,,,,,,,,,,,,,,,,,,,,,,,,,away,15.0,-110.0,0.18782212914030483,0.20660432139390314,0.6221925142071828,12.21925142071828,0.05,spread,nba,0.3778074857928172,0.6221925142071828,2.6468506782006482,1.6072195938812144,2.686553438373658,1.6313278877894324,+168,-158,0.5238094988662143,0.5238094988662143,0.5,0.5,-0.27873112914030473,-0.1221925142071828,0.0,-27.87311291403047,-12.21925142071828,0.18782212914030483,0.1221925142071828,0.20660432139390314,18.78221291403048,12.21925142071828,,,,,,,,,,,,,,,,,,,,
Basketball,NBA,2025_12_28,NBA_2025_12_28_Washington_Wizards_Memphis_Grizzlies,2026_04_17,07:10 PM,Washington Wizards,Memphis Grizzlies,7.5,-7.5,237.5,226,-275,-110,-110,-110,-110,3.26,1.363636,1.909091,1.909091,1.909091,1.909091,0.329,0.671,116.9,122.7,239.6,1,2025_NBA,,,,,,,,,,,,,,,,,,,,,,,,,home,7.5,-110.0,0.04389139521298513,0.04828052990623077,0.5468002285972671,4.680022859726707,0.012070132476557692,spread,nba,0.5468002285972671,0.45319977140273293,1.8288214739144277,2.206532445735408,1.856253796023144,2.2396304324214387,-116,+123,0.5238094988662143,0.5238094988662143,0.5,0.5,0.04389139521298513,0.04680022859726707,0.04828052990623077,4.389139521298513,4.680022859726707,-0.13480039521298515,-0.04680022859726707,0.0,-13.480039521298515,-4.680022859726707,,,,,,,,,,,,,,,,,,,,
Basketball,NBA,2025_12_29,NBA_2025_12_29_Brooklyn_Nets_Golden_State_Warriors,2026_04_17,08:40 PM,Brooklyn Nets,Golden State Warriors,7.0,-7.0,225.5,140,-160,-110,-110,-110,-110,2.4,1.625,1.909091,1.909091,1.909091,1.909091,0.38,0.62,107.7,111.9,219.6,1,2025_NBA,,,,,,,,,,,,,,,,,,,,,,,,,home,7.0,-110.0,0.10112578193301935,0.11123834900248637,0.5767801440230033,7.678014402300326,0.027809587250621593,spread,nba,0.5767801440230033,0.42321985597699674,1.7337628737096709,2.3628380991045774,1.7597693168153157,2.398280670591146,-131,+139,0.5238094988662143,0.5238094988662143,0.5,0.5,0.10112578193301935,0.07678014402300326,0.11123834900248637,10.112578193301935,7.678014402300326,-0.19203478193301926,-0.07678014402300326,0.0,-19.203478193301926,-7.678014402300326,,,,,,,,,,,,,,,,,,,,
Basketball,NBA,2025_12_29,NBA_2025_12_29_Houston_Rockets_Indiana_Pacers,2026_04_17,09:10 PM,Houston Rockets,Indiana Pacers,-14.0,14.0,223.5,-1000,661,-110,-110,-110,-110,1.1,7.61,1.909091,1.909091,1.909091,1.909091,0.855,0.145,117.3,106.8,224.1,1,2025_NBA,,,,,,,,,,,,,,,,,,,,,,,,,away,14.0,-110.0,0.13713184334774708,0.15084501259802063,0.595640461008798,9.564046100879796,0.03771125314950516,spread,nba,0.404359538991202,0.595640461008798,2.473046641844544,1.678865129991949,2.510142341472212,1.704048106941828,+151,-142,0.5238094988662143,0.5238094988662143,0.5,0.5,-0.2280408433477471,-0.09564046100879797,0.0,-22.80408433477471,-9.564046100879796,0.13713184334774708,0.09564046100879797,0.15084501259802063,13.71318433477471,9.564046100879796,,,,,,,,,,,,,,,,,,,,
Basketball,NBA,2025_12_29,NBA_2025_12_29_Oklahoma_City_Thunder_Atlanta_Hawks,2026_04_17,09:10 PM,Oklahoma City Thunder,Atlanta Hawks,-14.0,14.0,236.0,-1200,754,-110,-110,-110,-110,1.083333,8.54,1.909091,1.909091,1.909091,1.909091,0.864,0.136,121.4,110.6,232.0,1,2025_NBA,,,,,,,,,,,,,,,,,,,,,,,,,away,14.0,-110.0,0.12174741289468782,0.1339221407919424,0.5875819502028388,8.758195020283877,0.0334805351979856,spread,nba,0.41241804979716123,0.5875819502028388,2.4247241372966775,1.701890263400349,2.4610949993561273,1.7274186173513542,+146,-137,0.5238094988662143,0.5238094988662143,0.5,0.5,-0.21265641289468762,-0.08758195020283877,0.0,-21.26564128946876,-8.758195020283877,0.12174741289468782,0.08758195020283877,0.1339221407919424,12.174741289468782,8.758195020283877,,,,,,,,,,,,,,,,,,,,
Basketball,NBA,2025_12_29,NBA_2025_12_29_Portland_Trail_Blazers_Dallas_Mavericks,2026_04_17,11:40 PM,Portland Trail Blazers,Dallas Mavericks,1.0,-1.0,235.0,-120,100,-110,-110,-110,-110,1.833333,2.0,1.909091,1.909091,1.909091,1.909091,0.557,0.443,117.8,115.9,233.7,1,2025_NBA,,,,,,,,,,,,,,,,,,,,,,,,,home,1.0,-110.0,0.10629216956793619,0.11692137483259231,0.5794863469409977,7.948634694099765,0.029230343708148077,spread,nba,0.5794863469409977,0.42051365305900235,1.7256661960697037,2.3780440723518907,1.7515511890107491,2.413714733437169,-133,+141,0.5238094988662143,0.5238094988662143,0.5,0.5,0.10629216956793619,0.07948634694099765,0.11692137483259231,10.62921695679362,7.948634694099765,-0.1972011695679361,-0.07948634694099765,0.0,-19.72011695679361,-7.948634694099765,,,,,,,,,,,,,,,,,,,,
Basketball,NBA,2025_12_29,NBA_2025_12_29_Washington_Wizards_Phoenix_Suns,2026_04_17,08:10 PM,Washington Wizards,Phoenix Suns,11.0,-11.0,240.0,383,-500,-110,-110,-110,-110,4.83,1.2,1.909091,1.909091,1.909091,1.909091,0.215,0.785,111.3,120.3,231.6,1,2025_NBA,,,,,,,,,,,,,,,,,,,,,,,,,home,11.0,-110.0,0.059565536990557,0.06552208413740428,0.5550104929469349,5.501049294693495,0.01638052103435107,spread,nba,0.5550104929469349,0.44498950705306506,1.8017677372013414,2.2472440004765097,1.8287942532593613,2.280952660483657,-120,+128,0.5238094988662143,0.5238094988662143,0.5,0.5,0.059565536990557,0.05501049294693494,0.06552208413740428,5.9565536990557,5.501049294693495,-0.1504745369905569,-0.05501049294693494,0.0,-15.04745369905569,-5.501049294693495,,,,,,,,,,,,,,,,,,,,
Basketball,NBA,2025_12_30,NBA_2025_12_30_Los_Angeles_Lakers_Detroit_Pistons,2026_04_17,11:40 PM,Los Angeles Lakers,Detroit Pistons,-1.5,1.5,231.0,120,-140,-110,-110,-110,-110,2.2,1.714286,1.909091,1.909091,1.909091,1.909091,0.438,0.562,114.4,117.2,231.6,1,2025_NBA,,,,,,,,,,,,,,,,,,,,,,,,,away,1.5,-110.0,0.17776344522743348,0.19553977019619978,0.616923680027528,11.692368002752795,0.048884942549049945,spread,nba,0.38307631997247205,0.616923680027528,2.6104458768734653,1.6209460462846534,2.649602565026567,1.645260236978923,+164,-154,0.5238094988662143,0.5238094988662143,0.5,0.5,-0.2686724452274334,-0.11692368002752795,0.0,-26.867244522743338,-11.692368002752795,0.17776344522743348,0.11692368002752795,0.19553977019619978,17.776344522743347,11.692368002752795,,,,,,,,,,,,,,,,,,,,
Basketball,NBA,2025_12_30,NBA_2025_12_30_Utah_Jazz_Boston_Celtics,2026_04_17,10:10 PM,Utah Jazz,Boston Celtics,8.0,-8.0,240.5,252,-310,-110,-110,-110,-110,3.52,1.322581,1.909091,1.909091,1.909091,1.909091,0.347,0.653,116.8,122.2,239.0,1,2025_NBA,,,,,,,,,,,,,,,,,,,,,,,,,home,8.0,-110.0,0.09077247057433513,0.09984970764679786,0.571356981188605,7.135698118860501,0.024962426911699465,spread,nba,0.571356981188605,0.428643018811395,1.7502192725810064,2.332943629346743,1.7764725616697212,2.3679377837869438,-128,+136,0.5238094988662143,0.5238094988662143,0.5,0.5,0.09077247057433513,0.071356981188605,0.09984970764679786,9.077247057433514,7.135698118860501,-0.18168147057433504,-0.071356981188605,0.0,-18.168147057433504,-7.135698118860501,,,,,,,,,,,,,,,,,,,,
Basketball,NBA,2025_12_31,NBA_2025_12_31_Atlanta_Hawks_Minnesota_Timberwolves,2026_04_17,04:10 PM,Atlanta Hawks,Minnesota Timberwolves,3.5,-3.5,243.0,157,-180,-110,-110,-110,-110,2.57,1.555556,1.909091,1.909091,1.909091,1.909091,0.35,0.65,117.9,123.0,240.9,1,2025_NBA,,,,,,,,,,,,,,,,,,,,,,,,,away,-3.5,-110.0,0.03865784392032312,0.04252362405999302,0.5440588447173671,4.40588447173671,0.010630906014998255,spread,nba,0.4559411552826329,0.5440588447173671,2.19326548703442,1.8380364729103698,2.226164469339936,1.8656070200040251,+122,-115,0.5238094988662143,0.5238094988662143,0.5,0.5,-0.12956684392032303,-0.044058844717367096,0.0,-12.956684392032303,-4.40588447173671,0.03865784392032312,0.044058844717367096,0.04252362405999302,3.865784392032312,4.40588447173671,,,,,,,,,,,,,,,,,,,,
Basketball,NBA,2025_12_31,NBA_2025_12_31_Chicago_Bulls_New_Orleans_Pelicans,2026_04_17,08:10 PM,Chicago Bulls,New Orleans Pelicans,1.5,-1.5,244.5,105,-125,-110,-110,-110,-110,2.05,1.8,1.909091,1.909091,1.909091,1.909091,0.518,0.482,123.1,122.6,245.7,1,2025_NBA,,,,,,,,,,,,,,,,,,,,,,,,,home,1.5,-110.0,0.059565536990557,0.06552208413740428,0.5550104929469349,5.501049294693495,0.01638052103435107,spread,nba,0.5550104929469349,0.44498950705306506,1.8017677372013414,2.2472440004765097,1.8287942532593613,2.280952660483657,-120,+128,0.5238094988662143,0.5238094988662143,0.5,0.5,0.059565536990557,0.05501049294693494,0.06552208413740428,5.9565536990557,5.501049294693495,-0.1504745369905569,-0.05501049294693494,0.0,-15.04745369905569,-5.501049294693495,,,,,,,,,,,,,,,,,,,,
Basketball,NBA,2025_12_31,NBA_2025_12_31_Milwaukee_Bucks_Washington_Wizards,2026_04_17,09:10 PM,Milwaukee Bucks,Washington Wizards,-10.5,10.5,232.5,-540,409,-105,-115,-105,-115,1.185185,5.09,1.952381,1.869565,1.952381,1.869565,0.788,0.212,119.7,111.3,231.0,1,2025_NBA,,,,,,,,,,,,,,,,,,,,,,,,,away,10.5,-115.0,0.042735276305714276,0.04914558003796643,0.5577421893893576,4.690791805219064,0.012286395009491607,spread,nba,0.4422578106106424,0.5577421893893576,2.2611245658256696,1.792943081990708,2.2950414343130543,1.8198372282205684,+129,-121,0.5121951094586559,0.5348837831260214,0.489165728662833,0.510834271337167,-0.13654425346218346,-0.04690791805219058,0.0,-13.654425346218346,-4.690791805219058,0.042735276305714276,0.046907918052190634,0.04914558003796643,4.273527630571428,4.690791805219064,,,,,,,,,,,,,,,,,,,,
Basketball,NBA,2025_12_31,NBA_2025_12_31_Oklahoma_City_Thunder_Portland_Trail_Blazers,2026_04_17,09:10 PM,Oklahoma City Thunder,Portland Trail Blazers,-15.0,15.0,234.0,-1150,732,-110,-110,-110,-110,1.086957,8.32,1.909091,1.909091,1.909091,1.909091,0.853,0.147,121.7,111.2,232.9,1,2025_NBA,,,,,,,,,,,,,,,,,,,,,,,,,away,15.0,-110.0,0.18782212914030483,0.20660432139390314,0.6221925142071828,12.21925142071828,0.05,spread,nba,0.3778074857928172,0.6221925142071828,2.6468506782006482,1.6072195938812144,2.686553438373658,1.6313278877894324,+168,-158,0.5238094988662143,0.5238094988662143,0.5,0.5,-0.27873112914030473,-0.1221925142071828,0.0,-27.87311291403047,-12.21925142071828,0.18782212914030483,0.1221925142071828,0.20660432139390314,18.78221291403048,12.21925142071828,,,,,,,,,,,,,,,,,,,,
Basketball,NBA,2025_12_31,NBA_2025_12_31_San_Antonio_Spurs_New_York_Knicks,2026_04_17,08:10 PM,San Antonio Spurs,New York Knicks,-2.5,2.5,239.0,-116,-104,-110,-110,-110,-110,1.862069,1.961538,1.909091,1.909091,1.909091,1.909091,0.531,0.469,118.7,117.7,236.4,1,2025_NBA,,,,,,,,,,,,,,,,,,,,,,,,,away,2.5,-110.0,0.03342028526630725,0.03676231011670702,0.5413153617435247,4.131536174352468,0.009190577529176755,spread,nba,0.4586846382564753,0.5413153617435247,2.1801471350798676,1.8473519701696552,2.2128493421060655,1.8750622497221998,+121,-114,0.5238094988662143,0.5238094988662143,0.5,0.5,-0.12432928526630727,-0.04131536174352468,0.0,-12.432928526630727,-4.131536174352468,0.03342028526630725,0.04131536174352468,0.03676231011670702,3.342028526630725,4.131536174352468,,,,,,,,,,,,,,,,,,,,
Basketball,NBA,2025_12_31,NBA_2025_12_31_Toronto_Raptors_Denver_Nuggets,2026_04_17,08:40 PM,Toronto Raptors,Denver Nuggets,-6.5,6.5,226.0,-275,226,-115,-105,-105,-115,1.363636,3.26,1.869565,1.952381,1.952381,1.869565,0.669,0.331,117.2,112.2,229.4,1,2025_NBA,,,,,,,,,,,,,,,,,,,,,,,,,away,6.5,-105.0,0.05685382727618449,0.059696515655167814,0.5413153617435247,5.21496330806917,0.014924128913791954,spread,nba,0.4586846382564753,0.5413153617435247,2.1801471350798676,1.8473519701696552,2.2128493421060655,1.8750622497221998,+121,-114,0.5348837831260214,0.5121951094586559,0.510834271337167,0.489165728662833,-0.14245925427803274,-0.05214963308069165,0.0,-14.245925427803275,-5.214963308069165,0.05685382727618449,0.052149633080691704,0.059696515655167814,5.685382727618449,5.21496330806917,,,,,,,,,,,,,,,,,,,,
Basketball,NBA,2026_01_01,NBA_2026_01_01_Dallas_Mavericks_Philadelphia_76ers,2026_04_17,09:40 PM,Dallas Mavericks,Philadelphia 76ers,-1.0,1.0,232.0,-115,-105,-105,-115,-110,-110,1.869565,1.952381,1.952381,1.869565,1.909091,1.909091,0.44,0.56,112.7,115.5,228.2,1,2025_NBA,,,,,,,,,,,,,,,,,,,,,,,,,away,1.0,-115.0,0.12857898398359802,0.14786586854760486,0.6036585965096684,9.28243251725014,0.036966467136901215,spread,nba,0.39634140349033165,0.6036585965096684,2.5230773045501262,1.6565654921208162,2.560923464118378,1.6814139745026282,+156,-146,0.5121951094586559,0.5348837831260214,0.489165728662833,0.510834271337167,-0.22619057431214284,-0.09282432517250133,0.0,-22.619057431214284,-9.282432517250133,0.12857898398359802,0.09282432517250139,0.14786586854760486,12.8578983983598,9.28243251725014,,,,,,,,,,,,,,,,,,,,
Basketball,NBA,2026_01_01,NBA_2026_01_01_Detroit_Pistons_Miami_Heat,2026_04_17,08:10 PM,Detroit Pistons,Miami Heat,-6.0,6.0,239.5,-190,165,-110,-110,-110,-110,1.526316,2.65,1.909091,1.909091,1.909091,1.909091,0.621,0.379,119.5,115.9,235.4,1,2025_NBA,,,,,,,,,,,,,,,,,,,,,,,,,away,6.0,-110.0,0.08039337264887747,0.08843270107049497,0.5659203111055876,6.592031110558761,0.022108175267623743,spread,nba,0.4340796888944124,0.5659203111055876,2.3037244671524926,1.767033238383669,2.3382803341597795,1.793538736959424,+133,-126,0.5238094988662143,0.5238094988662143,0.5,0.5,-0.17130237264887727,-0.0659203111055876,0.0,-17.130237264887725,-6.592031110558761,0.08039337264887747,0.0659203111055876,0.08843270107049497,8.039337264887747,6.592031110558761,,,,,,,,,,,,,,,,,,,,
Basketball,NBA,2026_01_01,NBA_2026_01_01_Los_Angeles_Clippers_Utah_Jazz,2026_04_17,11:40 PM,Los Angeles Clippers,Utah Jazz,-11.0,11.0,238.5,-550,415,-110,-110,-110,-110,1.181818,5.15,1.909091,1.909091,1.909091,1.909091,0.789,0.211,121.5,113.1,234.6,1,2025_NBA,,,,,,,,,,,,,,,,,,,,,,,,,away,11.0,-110.0,0.09077247057433513,0.09984970764679786,0.571356981188605,7.135698118860501,0.024962426911699465,spread,nba,0.428643018811395,0.571356981188605,2.332943629346743,1.7502192725810064,2.3679377837869438,1.7764725616697212,+136,-128,0.5238094988662143,0.5238094988662143,0.5,0.5,-0.18168147057433504,-0.071356981188605,0.0,-18.168147057433504,-7.135698118860501,0.09077247057433513,0.071356981188605,0.09984970764679786,9.077247057433514,7.135698118860501,,,,,,,,,,,,,,,,,,,,
Basketball,NBA,2026_01_02,NBA_2026_01_02_Cleveland_Cavaliers_Denver_Nuggets,2026_04_17,08:40 PM,Cleveland Cavaliers,Denver Nuggets,-10.0,10.0,233.5,-750,534,-110,-110,-110,-110,1.133333,6.34,1.909091,1.909091,1.909091,1.909091,0.804,0.196,124.2,115.4,239.6,1,2025_NBA,,,,,,,,,,,,,,,,,,,,,,,,,away,10.0,-110.0,0.017686044522422728,0.019454647029200297,0.5330736169844301,3.307361698443012,0.004863661757300074,spread,nba,0.4669263830155699,0.5330736169844301,2.1416652311262836,1.8759135101394593,2.173790209593178,1.904052212791551,+117,-110,0.5238094988662143,0.5238094988662143,0.5,0.5,-0.10859504452242263,-0.03307361698443012,0.0,-10.859504452242263,-3.307361698443012,0.017686044522422728,0.03307361698443012,0.019454647029200297,1.7686044522422728,3.307361698443012,,,,,,,,,,,,,,,,,,,,
Basketball,NBA,2026_01_02,NBA_2026_01_02_Golden_State_Warriors_Oklahoma_City_Thunder,2026_04_17,11:10 PM,Golden State Warriors,Oklahoma City Thunder,6.5,-6.5,230.5,303,-380,-110,-110,-110,-110,4.03,1.263158,1.909091,1.909091,1.909091,1.909091,0.191,0.809,108.3,118.0,226.3,1,2025_NBA,,,,,,,,,,,,,,,,,,,,,,,,,away,-6.5,-110.0,0.12174741289468827,0.13392214079194312,0.5875819502028391,8.75819502028391,0.03348053519798578,spread,nba,0.4124180497971609,0.5875819502028391,2.4247241372966797,1.701890263400348,2.4610949993561295,1.727418617351353,+146,-137,0.5238094988662143,0.5238094988662143,0.5,0.5,-0.21265641289468828,-0.0875819502028391,0.0,-21.265641289468828,-8.75819502028391,0.12174741289468827,0.0875819502028391,0.13392214079194312,12.174741289468827,8.75819502028391,,,,,,,,,,,,,,,,,,,,
Basketball,NBA,2026_01_02,NBA_2026_01_02_Los_Angeles_Lakers_Memphis_Grizzlies,2026_04_17,11:40 PM,Los Angeles Lakers,Memphis Grizzlies,-4.5,4.5,239.0,-175,153,-110,-110,-110,-110,1.571429,2.53,1.909091,1.909091,1.909091,1.909091,0.588,0.412,120.1,117.5,237.6,1,2025_NBA,,,,,,,,,,,,,,,,,,,,,,,,,away,4.5,-110.0,0.05434548791963967,0.05978003073360055,0.5522761816590407,5.227618165904069,0.014945007683400138,spread,nba,0.4477238183409593,0.5522761816590407,2.23351977052617,1.8106882628832452,2.2670225670840622,1.8378485868264938,+126,-119,0.5238094988662143,0.5238094988662143,0.5,0.5,-0.14525448791963957,-0.05227618165904069,0.0,-14.525448791963957,-5.227618165904069,0.05434548791963967,0.05227618165904069,0.05978003073360055,5.434548791963967,5.227618165904069,,,,,,,,,,,,,,,,,,,,
Basketball,NBA,2026_01_02,NBA_2026_01_02_Milwaukee_Bucks_Charlotte_Hornets,2026_04_17,09:10 PM,Milwaukee Bucks,Charlotte Hornets,-6.5,6.5,231.5,-240,200,-110,-110,-110,-110,1.416667,3.0,1.909091,1.909091,1.909091,1.909091,0.64,0.36,116.1,112.1,228.2,1,2025_NBA,,,,,,,,,,,,,,,,,,,,,,,,,away,6.5,-110.0,0.08558602485182543,0.09414461792254616,0.5686402716538004,6.864027165380038,0.02353615448063654,spread,nba,0.4313597283461996,0.5686402716538004,2.3182507181046406,1.758581039453393,2.35302447887621,1.7849597550451937,+135,-127,0.5238094988662143,0.5238094988662143,0.5,0.5,-0.17649502485182533,-0.06864027165380038,0.0,-17.649502485182534,-6.864027165380038,0.08558602485182543,0.06864027165380038,0.09414461792254616,8.558602485182544,6.864027165380038,,,,,,,,,,,,,,,,,,,,
Basketball,NBA,2026_01_02,NBA_2026_01_02_New_Orleans_Pelicans_Portland_Trail_Blazers,2026_04_17,09:10 PM,New Orleans Pelicans,Portland Trail Blazers,1.5,-1.5,245.0,-105,-115,-110,-110,-110,-110,1.952381,1.869565,1.909091,1.909091,1.909091,1.909091,0.421,0.579,119.1,122.3,241.4,1,2025_NBA,,,,,,,,,,,,,,,,,,,,,,,,,away,-1.5,-110.0,0.04389139521298513,0.04828052990623077,0.5468002285972671,4.680022859726707,0.012070132476557692,spread,nba,0.45319977140273293,0.5468002285972671,2.206532445735408,1.8288214739144277,2.2396304324214387,1.856253796023144,+123,-116,0.5238094988662143,0.5238094988662143,0.5,0.5,-0.13480039521298515,-0.04680022859726707,0.0,-13.480039521298515,-4.680022859726707,0.04389139521298513,0.04680022859726707,0.04828052990623077,4.389139521298513,4.680022859726707,,,,,,,,,,,,,,,,,,,,
Basketball,NBA,2026_01_02,NBA_2026_01_02_New_York_Knicks_Atlanta_Hawks,2026_04_17,08:40 PM,New York Knicks,Atlanta Hawks,-7.5,7.5,245.0,-300,245,-110,-110,-110,-110,1.333333,3.45,1.909091,1.909091,1.909091,1.909091,0.678,0.322,123.7,118.5,242.2,1,2025_NBA,,,,,,,,,,,,,,,,,,,,,,,,,away,7.5,-110.0,0.07519475523737662,0.08271422248969203,0.5631972259244722,6.319722592447219,0.020678555622423007,spread,nba,0.4368027740755278,0.5631972259244722,2.2893627498507816,1.7755769275293012,2.3237031910985433,1.8022105814422404,+132,-124,0.5238094988662143,0.5238094988662143,0.5,0.5,-0.16610375523737653,-0.06319722592447219,0.0,-16.610375523737652,-6.319722592447219,0.07519475523737662,0.06319722592447219,0.08271422248969203,7.519475523737662,6.319722592447219,,,,,,,,,,,,,,,,,,,,
Basketball,NBA,2026_01_02,NBA_2026_01_02_Phoenix_Suns_Sacramento_Kings,2026_04_17,10:10 PM,Phoenix Suns,Sacramento Kings,-11.0,11.0,229.5,-650,476,-110,-110,-110,-110,1.153846,5.76,1.909091,1.909091,1.909091,1.909091,0.81,0.19,119.5,110.6,230.1,1,2025_NBA,,,,,,,,,,,,,,,,,,,,,,,,,away,11.0,-110.0,0.06478059408351822,0.07125864636600528,0.5577421893893576,5.7742189389357605,0.01781466159150132,spread,nba,0.4422578106106424,0.5577421893893576,2.2611245658256696,1.792943081990708,2.2950414343130543,1.8198372282205684,+129,-121,0.5238094988662143,0.5238094988662143,0.5,0.5,-0.155689594083518,-0.0577421893893576,0.0,-15.568959408351802,-5.7742189389357605,0.06478059408351822,0.0577421893893576,0.07125864636600528,6.478059408351822,5.7742189389357605,,,,,,,,,,,,,,,,,,,,
Basketball,NBA,2026_01_02,NBA_2026_01_02_Washington_Wizards_Brooklyn_Nets,2026_04_17,08:10 PM,Washington Wizards,Brooklyn Nets,1.5,-1.5,226.5,100,-120,-110,-110,-110,-110,2.0,1.833333,1.909091,1.909091,1.909091,1.909091,0.535,0.465,113.9,112.8,226.7,1,2025_NBA,,,,,,,,,,,,,,,,,,,,,,,,,home,1.5,-110.0,0.09077247057433602,0.09984970764679885,0.5713569811886055,7.135698118860545,0.02496242691169971,spread,nba,0.5713569811886055,0.42864301881139455,1.750219272581005,2.332943629346745,1.77647256166972,2.367937783786946,-128,+136,0.5238094988662143,0.5238094988662143,0.5,0.5,0.09077247057433602,0.07135698118860545,0.09984970764679885,9.077247057433603,7.135698118860545,-0.18168147057433592,-0.07135698118860545,0.0,-18.168147057433593,-7.135698118860545,,,,,,,,,,,,,,,,,,,,
Basketball,NBA,2026_01_03,NBA_2026_01_03_Dallas_Mavericks_Houston_Rockets,2026_04_17,09:40 PM,Dallas Mavericks,Houston Rockets,9.0,-9.0,228.0,245,-300,-110,-110,-110,-110,3.45,1.333333,1.909091,1.909091,1.909091,1.909091,0.3,0.7,110.6,116.9,227.5,1,2025_NBA,,,,,,,,,,,,,,,,,,,,,,,,,home,9.0,-110.0,0.0959524694263445,0.10554770581420848,0.5740703137914036,7.407031379140361,0.02638692645355212,spread,nba,0.5740703137914036,0.4259296862085964,1.7419468939189282,2.3478053593809762,1.7680760973277119,2.3830224397716906,-130,+138,0.5238094988662143,0.5238094988662143,0.5,0.5,0.0959524694263445,0.07407031379140361,0.10554770581420848,9.59524694263445,7.407031379140361,-0.18686146942634452,-0.07407031379140361,0.0,-18.68614694263445,-7.407031379140361,,,,,,,,,,,,,,,,,,,,
Basketball,NBA,2026_01_03,NBA_2026_01_03_Golden_State_Warriors_Utah_Jazz,2026_04_17,11:10 PM,Golden State Warriors,Utah Jazz,-12.5,12.5,239.5,-650,476,-110,-110,-110,-110,1.153846,5.76,1.909091,1.909091,1.909091,1.909091,0.779,0.221,124.0,116.0,240.0,1,2025_NBA,,,,,,,,,,,,,,,,,,,,,,,,,away,12.5,-110.0,0.18782212914030483,0.20660432139390314,0.6221925142071828,12.21925142071828,0.05,spread,nba,0.3778074857928172,0.6221925142071828,2.6468506782006482,1.6072195938812144,2.686553438373658,1.6313278877894324,+168,-158,0.5238094988662143,0.5238094988662143,0.5,0.5,-0.27873112914030473,-0.1221925142071828,0.0,-27.87311291403047,-12.21925142071828,0.18782212914030483,0.1221925142071828,0.20660432139390314,18.78221291403048,12.21925142071828,,,,,,,,,,,,,,,,,,,,
Basketball,NBA,2026_01_03,NBA_2026_01_03_Los_Angeles_Clippers_Boston_Celtics,2026_04_17,11:40 PM,Los Angeles Clippers,Boston Celtics,2.5,-2.5,221.5,-108,-112,-117,-103,-105,-115,1.925926,1.892857,1.854701,1.970874,1.952381,1.869565,0.52,0.48,110.9,110.5,221.4,1,2025_NBA,,,,,,,,,,,,,,,,,,,,,,,,,home,2.5,-117.0,0.07477390715781618,0.0874854565021172,0.5794863469409981,6.430261639068869,0.0218713641255293,spread,nba,0.5794863469409981,0.4205136530590019,1.7256661960697024,2.378044072351893,1.7515511890107478,2.413714733437171,-133,+141,0.5391704646732816,0.5073891075735942,0.5151837305503094,0.48481626944969053,0.07477390715781618,0.06430261639068868,0.0874854565021172,7.477390715781618,6.430261639068869,-0.1712205745409927,-0.06430261639068863,0.0,-17.12205745409927,-6.4302616390688625,,,,,,,,,,,,,,,,,,,,
Basketball,NBA,2026_01_03,NBA_2026_01_03_Miami_Heat_Minnesota_Timberwolves,2026_04_17,06:10 PM,Miami Heat,Minnesota Timberwolves,1.0,-1.0,240.5,116,-136,-105,-115,-110,-110,2.16,1.735294,1.952381,1.869565,1.909091,1.909091,0.448,0.552,117.2,119.8,237.0,1,2025_NBA,,,,,,,,,,,,,,,,,,,,,,,,,away,-1.0,-115.0,0.017153374024024393,0.01972638505922432,0.5440588447173671,3.322457338020013,0.00493159626480608,spread,nba,0.4559411552826329,0.5440588447173671,2.19326548703442,1.8380364729103698,2.226164469339936,1.8656070200040251,+122,-115,0.5121951094586559,0.5348837831260214,0.489165728662833,0.510834271337167,-0.10982915130813797,-0.03322457338020007,0.0,-10.982915130813797,-3.3224573380200075,0.017153374024024393,0.03322457338020013,0.01972638505922432,1.7153374024024393,3.322457338020013,,,,,,,,,,,,,,,,,,,,
Basketball,NBA,2026_01_03,NBA_2026_01_03_San_Antonio_Spurs_Portland_Trail_Blazers,2026_04_17,09:10 PM,San Antonio Spurs,Portland Trail Blazers,-8.5,8.5,241.5,-350,280,-110,-110,-110,-110,1.285714,3.8,1.909091,1.909091,1.909091,1.909091,0.701,0.299,121.0,115.4,236.4,1,2025_NBA,,,,,,,,,,,,,,,,,,,,,,,,,away,8.5,-110.0,0.10629216956793708,0.1169213748325933,0.5794863469409981,7.94863469409981,0.029230343708148324,spread,nba,0.4205136530590019,0.5794863469409981,2.378044072351893,1.7256661960697024,2.413714733437171,1.7515511890107478,+141,-133,0.5238094988662143,0.5238094988662143,0.5,0.5,-0.19720116956793698,-0.0794863469409981,0.0,-19.7201169567937,-7.94863469409981,0.10629216956793708,0.0794863469409981,0.1169213748325933,10.629216956793709,7.94863469409981,,,,,,,,,,,,,,,,,,,,
Basketball,NBA,2026_01_03,NBA_2026_01_03_Toronto_Raptors_Atlanta_Hawks,2026_04_17,08:40 PM,Toronto Raptors,Atlanta Hawks,-3.0,3.0,231.0,-155,135,-110,-110,-110,-110,1.645161,2.35,1.909091,1.909091,1.909091,1.909091,0.715,0.285,119.0,113.0,232.0,1,2025_NBA,,,,,,,,,,,,,,,,,,,,,,,,,home,-3.0,-110.0,0.11145139478604937,0.12259652200500222,0.5821887981170355,8.21887981170355,0.030649130501250555,spread,nba,0.5821887981170355,0.4178112018829645,1.7176558587768864,2.3934255364462818,1.7434206966585395,2.4293269194929756,-134,+142,0.5238094988662143,0.5238094988662143,0.5,0.5,0.11145139478604937,0.0821887981170355,0.12259652200500222,11.145139478604937,8.21887981170355,-0.2023603947860494,-0.0821887981170355,0.0,-20.23603947860494,-8.21887981170355,,,,,,,,,,,,,,,,,,,,
Basketball,NBA,2026_01_04,NBA_2026_01_04_Cleveland_Cavaliers_Detroit_Pistons,2026_04_17,03:10 PM,Cleveland Cavaliers,Detroit Pistons,-4.5,4.5,235.0,-200,174,-105,-115,-105,-115,1.5,2.74,1.952381,1.869565,1.952381,1.869565,0.579,0.421,119.1,116.6,235.7,1,2025_NBA,,,,,,,,,,,,,,,,,,,,,,,,,away,4.5,-115.0,0.0376281922463364,0.04327243190139484,0.5550104929469349,4.417622160976798,0.01081810797534871,spread,nba,0.44498950705306506,0.5550104929469349,2.2472440004765097,1.8017677372013414,2.280952660483657,1.8287942532593613,+128,-120,0.5121951094586559,0.5348837831260214,0.489165728662833,0.510834271337167,-0.1312109412302298,-0.04417622160976792,0.0,-13.121094123022981,-4.417622160976792,0.0376281922463364,0.044176221609767974,0.04327243190139484,3.76281922463364,4.417622160976798,,,,,,,,,,,,,,,,,,,,
Basketball,NBA,2026_01_04,NBA_2026_01_04_Orlando_Magic_Indiana_Pacers,2026_04_17,04:10 PM,Orlando Magic,Indiana Pacers,-7.0,7.0,228.0,-285,234,-105,-115,-110,-110,1.350877,3.34,1.952381,1.869565,1.909091,1.909091,0.694,0.306,117.0,111.6,228.6,1,2025_NBA,,,,,,,,,,,,,,,,,,,,,,,,,away,7.0,-115.0,0.017153374024024393,0.01972638505922432,0.5440588447173671,3.322457338020013,0.00493159626480608,spread,nba,0.4559411552826329,0.5440588447173671,2.19326548703442,1.8380364729103698,2.226164469339936,1.8656070200040251,+122,-115,0.5121951094586559,0.5348837831260214,0.489165728662833,0.510834271337167,-0.10982915130813797,-0.03322457338020007,0.0,-10.982915130813797,-3.3224573380200075,0.017153374024024393,0.03322457338020013,0.01972638505922432,1.7153374024024393,3.322457338020013,,,,,,,,,,,,,,,,,,,,
Basketball,NBA,2026_01_04,NBA_2026_01_04_Washington_Wizards_Minnesota_Timberwolves,2026_04_17,07:10 PM,Washington Wizards,Minnesota Timberwolves,10.0,-10.0,235.0,350,-450,-105,-115,-105,-115,4.5,1.222222,1.952381,1.869565,1.952381,1.869565,0.26,0.74,113.7,121.6,235.3,1,2025_NBA,,,,,,,,,,,,,,,,,,,,,,,,,home,10.0,-105.0,0.08892525346218405,0.09337151146671757,0.5577421893893579,6.8576460726524955,0.023342877866679393,spread,nba,0.5577421893893579,0.44225781061064207,1.792943081990707,2.2611245658256713,1.8198372282205675,2.295041434313056,-121,+129,0.5121951094586559,0.5348837831260214,0.489165728662833,0.510834271337167,0.08892525346218405,0.06857646072652496,0.09337151146671757,8.892525346218406,6.8576460726524955,-0.17317027630571502,-0.0685764607265249,0.0,-17.317027630571502,-6.85764607265249,,,,,,,,,,,,,,,,,,,,
Basketball,NBA,2026_01_05,NBA_2026_01_05_Houston_Rockets_Phoenix_Suns,2026_04_17,09:10 PM,Houston Rockets,Phoenix Suns,-8.5,8.5,224.5,-300,245,-110,-110,-110,-110,1.333333,3.45,1.909091,1.909091,1.909091,1.909091,0.746,0.254,116.0,108.7,224.7,1,2025_NBA,,,,,,,,,,,,,,,,,,,,,,,,,away,8.5,-110.0,0.017686044522422728,0.019454647029200297,0.5330736169844301,3.307361698443012,0.004863661757300074,spread,nba,0.4669263830155699,0.5330736169844301,2.1416652311262836,1.8759135101394593,2.173790209593178,1.904052212791551,+117,-110,0.5238094988662143,0.5238094988662143,0.5,0.5,-0.10859504452242263,-0.03307361698443012,0.0,-10.859504452242263,-3.307361698443012,0.017686044522422728,0.03307361698443012,0.019454647029200297,1.7686044522422728,3.307361698443012,,,,,,,,,,,,,,,,,,,,
Basketball,NBA,2026_01_05,NBA_2026_01_05_Los_Angeles_Clippers_Golden_State_Warriors,2026_04_17,11:10 PM,Los Angeles Clippers,Golden State Warriors,4.5,-4.5,225.5,-120,100,-113,-107,-115,-105,1.833333,2.0,1.884956,1.934579,1.869565,1.952381,0.441,0.559,109.4,112.1,221.5,1,2025_NBA,,,,,,,,,,,,,,,,,,,,,,,,,home,4.5,-113.0,0.03585755901208043,0.04051903033832245,0.5495393839495885,4.304343614442363,0.010129757584580613,spread,nba,0.5495393839495885,0.45046061605041154,1.8197057921725481,2.2199499009877677,1.8470013790551363,2.253249149502584,-118,+125,0.5305163621856425,0.516908329926046,0.5064959478051648,0.49350405219483534,0.03585755901208043,0.04304343614442363,0.04051903033832245,3.585755901208043,4.304343614442363,-0.1285483518618109,-0.0430434361444238,0.0,-12.854835186181091,-4.30434361444238,,,,,,,,,,,,,,,,,,,,
Basketball,NBA,2026_01_05,NBA_2026_01_05_Oklahoma_City_Thunder_Charlotte_Hornets,2026_04_17,09:10 PM,Oklahoma City Thunder,Charlotte Hornets,-15.0,15.0,233.0,-1100,709,-110,-110,-110,-110,1.090909,8.09,1.909091,1.909091,1.909091,1.909091,0.85,0.15,121.3,111.0,232.3,1,2025_NBA,,,,,,,,,,,,,,,,,,,,,,,,,away,15.0,-110.0,0.19783759952487334,0.21762133771522688,0.627438712730233,12.743871273023299,0.05,spread,nba,0.372561287269767,0.627438712730233,2.684122140891983,1.593781160949738,2.7243839730053625,1.617687878363984,+172,-161,0.5238094988662143,0.5238094988662143,0.5,0.5,-0.28874659952487325,-0.127438712730233,0.0,-28.874659952487324,-12.743871273023299,0.19783759952487334,0.127438712730233,0.21762133771522688,19.783759952487333,12.743871273023299,,,,,,,,,,,,,,,,,,,,
Basketball,NBA,2026_01_06,NBA_2026_01_06_Indiana_Pacers_Cleveland_Cavaliers,2026_04_17,08:10 PM,Indiana Pacers,Cleveland Cavaliers,8.5,-8.5,236.0,183,-215,-110,-110,-110,-110,2.83,1.465116,1.909091,1.909091,1.909091,1.909091,0.308,0.692,114.1,120.3,234.4,1,2025_NBA,,,,,,,,,,,,,,,,,,,,,,,,,home,8.5,-110.0,0.07519475523737662,0.08271422248969203,0.5631972259244722,6.319722592447219,0.020678555622423007,spread,nba,0.5631972259244722,0.4368027740755278,1.7755769275293012,2.2893627498507816,1.8022105814422404,2.3237031910985433,-124,+132,0.5238094988662143,0.5238094988662143,0.5,0.5,0.07519475523737662,0.06319722592447219,0.08271422248969203,7.519475523737662,6.319722592447219,-0.16610375523737653,-0.06319722592447219,0.0,-16.610375523737652,-6.319722592447219,,,,,,,,,,,,,,,,,,,,
Basketball,NBA,2026_01_06,NBA_2026_01_06_Minnesota_Timberwolves_Miami_Heat,2026_04_17,09:10 PM,Minnesota Timberwolves,Miami Heat,-6.0,6.0,239.0,-235,195,-110,-110,-110,-110,1.425532,2.95,1.909091,1.909091,1.909091,1.909091,0.629,0.371,119.7,116.0,235.7,1,2025_NBA,,,,,,,,,,,,,,,,,,,,,,,,,away,6.0,-110.0,0.07519475523737662,0.08271422248969203,0.5631972259244722,6.319722592447219,0.020678555622423007,spread,nba,0.4368027740755278,0.5631972259244722,2.2893627498507816,1.7755769275293012,2.3237031910985433,1.8022105814422404,+132,-124,0.5238094988662143,0.5238094988662143,0.5,0.5,-0.16610375523737653,-0.06319722592447219,0.0,-16.610375523737652,-6.319722592447219,0.07519475523737662,0.06319722592447219,0.08271422248969203,7.519475523737662,6.319722592447219,,,,,,,,,,,,,,,,,,,,
Basketball,NBA,2026_01_07,NBA_2026_01_07_Atlanta_Hawks_New_Orleans_Pelicans,2026_04_17,08:40 PM,Atlanta Hawks,New Orleans Pelicans,-9.5,9.5,241.5,-400,316,-110,-110,-110,-110,1.25,4.16,1.909091,1.909091,1.909091,1.909091,0.757,0.243,125.1,117.5,242.6,1,2025_NBA,,,,,,,,,,,,,,,,,,,,,,,,,away,9.5,-110.0,0.05434548791963967,0.05978003073360055,0.5522761816590407,5.227618165904069,0.014945007683400138,spread,nba,0.4477238183409593,0.5522761816590407,2.23351977052617,1.8106882628832452,2.2670225670840622,1.8378485868264938,+126,-119,0.5238094988662143,0.5238094988662143,0.5,0.5,-0.14525448791963957,-0.05227618165904069,0.0,-14.525448791963957,-5.227618165904069,0.05434548791963967,0.05227618165904069,0.05978003073360055,5.434548791963967,5.227618165904069,,,,,,,,,,,,,,,,,,,,
Basketball,NBA,2026_01_07,NBA_2026_01_07_Boston_Celtics_Denver_Nuggets,2026_04_17,08:10 PM,Boston Celtics,Denver Nuggets,-9.5,9.5,230.0,-375,299,-105,-115,-110,-110,1.266667,3.99,1.952381,1.869565,1.909091,1.909091,0.773,0.227,120.5,112.7,233.2,1,2025_NBA,,,,,,,,,,,,,,,,,,,,,,,,,away,9.5,-115.0,0.022278569377449653,0.025620361189157274,0.5468002285972671,3.59659572601001,0.006405090297289319,spread,nba,0.45319977140273293,0.5468002285972671,2.206532445735408,1.8288214739144277,2.2396304324214387,1.856253796023144,+123,-116,0.5121951094586559,0.5348837831260214,0.489165728662833,0.510834271337167,-0.11518137710896093,-0.035965957260100045,0.0,-11.518137710896092,-3.5965957260100048,0.022278569377449653,0.0359659572601001,0.025620361189157274,2.2278569377449653,3.59659572601001,,,,,,,,,,,,,,,,,,,,
Basketball,NBA,2026_01_07,NBA_2026_01_07_Brooklyn_Nets_Orlando_Magic,2026_04_17,08:40 PM,Brooklyn Nets,Orlando Magic,1.5,-1.5,224.5,102,-122,-115,-105,-110,-110,2.02,1.819672,1.869565,1.952381,1.909091,1.909091,0.433,0.567,109.7,112.7,222.4,1,2025_NBA,,,,,,,,,,,,,,,,,,,,,,,,,away,-1.5,-105.0,0.05685382727618449,0.059696515655167814,0.5413153617435247,5.21496330806917,0.014924128913791954,spread,nba,0.4586846382564753,0.5413153617435247,2.1801471350798676,1.8473519701696552,2.2128493421060655,1.8750622497221998,+121,-114,0.5348837831260214,0.5121951094586559,0.510834271337167,0.489165728662833,-0.14245925427803274,-0.05214963308069165,0.0,-14.245925427803275,-5.214963308069165,0.05685382727618449,0.052149633080691704,0.059696515655167814,5.685382727618449,5.21496330806917,,,,,,,,,,,,,,,,,,,,
Basketball,NBA,2026_01_07,NBA_2026_01_07_Memphis_Grizzlies_Phoenix_Suns,2026_04_17,09:10 PM,Memphis Grizzlies,Phoenix Suns,4.0,-4.0,227.5,165,-190,-110,-110,-110,-110,2.65,1.526316,1.909091,1.909091,1.909091,1.909091,0.344,0.656,112.6,118.0,230.6,1,2025_NBA,,,,,,,,,,,,,,,,,,,,,,,,,away,-4.0,-110.0,0.0281789669242809,0.030996860517022936,0.5385699094093895,3.8569909409389536,0.007749215129255734,spread,nba,0.46143009059061046,0.5385699094093895,2.167175527543172,1.8567691631651446,2.1996831604563196,1.8846207006126217,+119,-113,0.5238094988662143,0.5238094988662143,0.5,0.5,-0.11908796692428081,-0.038569909409389536,0.0,-11.90879669242808,-3.8569909409389536,0.0281789669242809,0.038569909409389536,0.030996860517022936,2.81789669242809,3.8569909409389536,,,,,,,,,,,,,,,,,,,,
Basketball,NBA,2026_01_07,NBA_2026_01_07_New_York_Knicks_Los_Angeles_Clippers,2026_04_17,08:40 PM,New York Knicks,Los Angeles Clippers,-5.5,5.5,224.5,-220,186,-115,-105,-110,-110,1.454545,2.86,1.869565,1.952381,1.909091,1.909091,0.65,0.35,114.6,110.3,224.9,1,2025_NBA,,,,,,,,,,,,,,,,,,,,,,,,,away,5.5,-105.0,0.04076280140167854,0.042800939331715616,0.5330736169844301,4.390788832159714,0.010700234832928904,spread,nba,0.4669263830155699,0.5330736169844301,2.1416652311262836,1.8759135101394593,2.173790209593178,1.904052212791551,+117,-110,0.5348837831260214,0.5121951094586559,0.510834271337167,0.489165728662833,-0.1270507767374961,-0.04390788832159709,0.0,-12.70507767374961,-4.390788832159709,0.04076280140167854,0.043907888321597144,0.042800939331715616,4.076280140167854,4.390788832159714,,,,,,,,,,,,,,,,,,,,
Basketball,NBA,2026_01_07,NBA_2026_01_07_Oklahoma_City_Thunder_Utah_Jazz,2026_04_17,09:10 PM,Oklahoma City Thunder,Utah Jazz,-17.0,17.0,238.5,-1500,874,-110,-110,-110,-110,1.066667,9.74,1.909091,1.909091,1.909091,1.909091,0.864,0.136,124.8,113.9,238.7,1,2025_NBA,,,,,,,,,,,,,,,,,,,,,,,,,away,17.0,-110.0,0.2665944732051744,0.29325389120030254,0.6634542162763191,16.345421627631907,0.05,spread,nba,0.33654578372368094,0.6634542162763191,2.9713639224226456,1.5072630114743508,3.015934381258985,1.529871956646466,+201,-188,0.5238094988662143,0.5238094988662143,0.5,0.5,-0.35750347320517417,-0.16345421627631906,0.0,-35.75034732051742,-16.345421627631907,0.2665944732051744,0.16345421627631906,0.29325389120030254,26.659447320517437,16.345421627631907,,,,,,,,,,,,,,,,,,,,
Basketball,NBA,2026_01_07,NBA_2026_01_07_Philadelphia_76ers_Washington_Wizards,2026_04_17,08:10 PM,Philadelphia 76ers,Washington Wizards,-11.5,11.5,234.0,-560,421,-110,-110,-110,-110,1.178571,5.21,1.909091,1.909091,1.909091,1.909091,0.833,0.167,122.3,112.6,234.9,1,2025_NBA,,,,,,,,,,,,,,,,,,,,,,,,,away,11.5,-110.0,0.04912069204370306,0.05403275584479766,0.549539383949588,4.953938394958801,0.013508188961199414,spread,nba,0.450460616050412,0.549539383949588,2.2199499009877655,1.8197057921725497,2.2532491495025817,1.8470013790551378,+125,-118,0.5238094988662143,0.5238094988662143,0.5,0.5,-0.14002969204370286,-0.04953938394958801,0.0,-14.002969204370286,-4.953938394958801,0.04912069204370306,0.04953938394958801,0.05403275584479766,4.912069204370306,4.953938394958801,,,,,,,,,,,,,,,,,,,,
Basketball,NBA,2026_01_08,NBA_2026_01_08_Minnesota_Timberwolves_Cleveland_Cavaliers,2026_04_17,09:10 PM,Minnesota Timberwolves,Cleveland Cavaliers,-4.0,4.0,238.0,-150,130,-110,-110,-110,-110,1.666667,2.3,1.909091,1.909091,1.909091,1.909091,0.577,0.423,120.5,117.9,238.4,1,2025_NBA,,,,,,,,,,,,,,,,,,,,,,,,,away,4.0,-110.0,0.0281789669242809,0.030996860517022936,0.5385699094093895,3.8569909409389536,0.007749215129255734,spread,nba,0.46143009059061046,0.5385699094093895,2.167175527543172,1.8567691631651446,2.1996831604563196,1.8846207006126217,+119,-113,0.5238094988662143,0.5238094988662143,0.5,0.5,-0.11908796692428081,-0.038569909409389536,0.0,-11.90879669242808,-3.8569909409389536,0.0281789669242809,0.038569909409389536,0.030996860517022936,2.81789669242809,3.8569909409389536,,,,,,,,,,,,,,,,,,,,
Basketball,NBA,2026_01_08,NBA_2026_01_08_Utah_Jazz_Dallas_Mavericks,2026_04_17,10:10 PM,Utah Jazz,Dallas Mavericks,6.5,-6.5,241.5,200,-240,-110,-110,-110,-110,3.0,1.416667,1.909091,1.909091,1.909091,1.909091,0.347,0.653,118.6,123.9,242.5,1,2025_NBA,,,,,,,,,,,,,,,,,,,,,,,,,home,6.5,-110.0,0.01768604452242184,0.01945464702919938,0.5330736169844297,3.3073616984429677,0.004863661757299845,spread,nba,0.5330736169844297,0.4669263830155703,1.8759135101394608,2.1416652311262814,1.9040522127915525,2.1737902095931756,-110,+117,0.5238094988662143,0.5238094988662143,0.5,0.5,0.01768604452242184,0.03307361698442968,0.01945464702919938,1.768604452242184,3.3073616984429677,-0.10859504452242175,-0.03307361698442968,0.0,-10.859504452242174,-3.3073616984429677,,,,,,,,,,,,,,,,,,,,
Basketball,NBA,2026_01_09,NBA_2026_01_09_Brooklyn_Nets_Los_Angeles_Clippers,2026_04_17,08:40 PM,Brooklyn Nets,Los Angeles Clippers,5.5,-5.5,217.5,130,-150,-110,-110,-110,-110,2.3,1.666667,1.909091,1.909091,1.909091,1.909091,0.44,0.56,107.0,109.8,216.8,1,2025_NBA,,,,,,,,,,,,,,,,,,,,,,,,,home,5.5,-110.0,0.09595246942634539,0.10554770581420933,0.574070313791404,7.407031379140405,0.026386926453552333,spread,nba,0.574070313791404,0.42592968620859595,1.7419468939189269,2.3478053593809785,1.7680760973277105,2.383022439771693,-130,+138,0.5238094988662143,0.5238094988662143,0.5,0.5,0.09595246942634539,0.07407031379140405,0.10554770581420933,9.595246942634539,7.407031379140405,-0.1868614694263453,-0.07407031379140405,0.0,-18.68614694263453,-7.407031379140405,,,,,,,,,,,,,,,,,,,,
Basketball,NBA,2026_01_09,NBA_2026_01_09_Denver_Nuggets_Atlanta_Hawks,2026_04_17,10:10 PM,Denver Nuggets,Atlanta Hawks,-1.5,1.5,238.0,-127,107,-115,-105,-110,-110,1.787402,2.07,1.869565,1.952381,1.909091,1.909091,0.495,0.505,117.8,118.3,236.1,1,2025_NBA,,,,,,,,,,,,,,,,,,,,,,,,,away,1.5,-105.0,0.08359194123022973,0.08777153390316453,0.5550104929469349,6.584476428410197,0.021942883475791132,spread,nba,0.44498950705306506,0.5550104929469349,2.2472440004765097,1.8017677372013414,2.280952660483657,1.8287942532593613,+128,-120,0.5348837831260214,0.5121951094586559,0.510834271337167,0.489165728662833,-0.16806319224633648,-0.06584476428410191,0.0,-16.806319224633647,-6.584476428410191,0.08359194123022973,0.06584476428410196,0.08777153390316453,8.359194123022974,6.584476428410197,,,,,,,,,,,,,,,,,,,,
Basketball,NBA,2026_01_09,NBA_2026_01_09_Golden_State_Warriors_Sacramento_Kings,2026_04_17,11:10 PM,Golden State Warriors,Sacramento Kings,-12.0,12.0,228.0,-650,476,-110,-110,-110,-110,1.153846,5.76,1.909091,1.909091,1.909091,1.909091,0.827,0.173,120.0,110.5,230.5,1,2025_NBA,,,,,,,,,,,,,,,,,,,,,,,,,away,12.0,-110.0,0.08558602485182543,0.09414461792254616,0.5686402716538004,6.864027165380038,0.02353615448063654,spread,nba,0.4313597283461996,0.5686402716538004,2.3182507181046406,1.758581039453393,2.35302447887621,1.7849597550451937,+135,-127,0.5238094988662143,0.5238094988662143,0.5,0.5,-0.17649502485182533,-0.06864027165380038,0.0,-17.649502485182534,-6.864027165380038,0.08558602485182543,0.06864027165380038,0.09414461792254616,8.558602485182544,6.864027165380038,,,,,,,,,,,,,,,,,,,,
Basketball,NBA,2026_01_09,NBA_2026_01_09_Phoenix_Suns_New_York_Knicks,2026_04_17,10:10 PM,Phoenix Suns,New York Knicks,2.0,-2.0,230.0,105,-125,-110,-108,-110,-110,2.05,1.8,1.909091,1.925926,1.909091,1.909091,0.502,0.498,115.7,116.1,231.8,1,2025_NBA,,,,,,,,,,,,,,,,,,,,,,,,,home,2.0,-110.0,0.03865784392032401,0.042523624059993936,0.5440588447173675,4.1863939192828825,0.010630906014998484,spread,nba,0.5440588447173675,0.45594115528263246,1.8380364729103682,2.1932654870344224,1.8656070200040236,2.2261644693399383,-115,+122,0.5238094988662143,0.5192307492603558,0.5021949055245387,0.4978050944754613,0.03865784392032401,0.041863939192828825,0.042523624059993936,3.865784392032401,4.1863939192828825,-0.12189107457114079,-0.041863939192828825,0.0,-12.18910745711408,-4.1863939192828825,,,,,,,,,,,,,,,,,,,,
Basketball,NBA,2026_01_09,NBA_2026_01_09_Washington_Wizards_New_Orleans_Pelicans,2026_04_17,08:10 PM,Washington Wizards,New Orleans Pelicans,2.0,-2.0,239.0,110,-130,-110,-110,-110,-110,2.1,1.769231,1.909091,1.909091,1.909091,1.909091,0.422,0.578,117.6,120.9,238.5,1,2025_NBA,,,,,,,,,,,,,,,,,,,,,,,,,away,-2.0,-110.0,0.022934137105210084,0.025227548292976198,0.5358226177302234,3.582261773022344,0.0063068870732440495,spread,nba,0.46417738226977656,0.5358226177302234,2.154348829126722,1.8662892660934316,2.1866640615636226,1.8942836050848328,+118,-111,0.5238094988662143,0.5238094988662143,0.5,0.5,-0.11384313710520999,-0.03582261773022344,0.0,-11.384313710520999,-3.582261773022344,0.022934137105210084,0.03582261773022344,0.025227548292976198,2.2934137105210084,3.582261773022344,,,,,,,,,,,,,,,,,,,,
Basketball,NBA,2026_01_10,NBA_2026_01_10_Detroit_Pistons_Los_Angeles_Clippers,2026_04_17,08:40 PM,Detroit Pistons,Los Angeles Clippers,-6.5,6.5,219.0,-300,245,-110,-110,-110,-110,1.333333,3.45,1.909091,1.909091,1.909091,1.909091,0.653,0.347,112.4,107.9,220.3,1,2025_NBA,,,,,,,,,,,,,,,,,,,,,,,,,away,6.5,-110.0,0.059565536990557,0.06552208413740428,0.5550104929469349,5.501049294693495,0.01638052103435107,spread,nba,0.44498950705306506,0.5550104929469349,2.2472440004765097,1.8017677372013414,2.280952660483657,1.8287942532593613,+128,-120,0.5238094988662143,0.5238094988662143,0.5,0.5,-0.1504745369905569,-0.05501049294693494,0.0,-15.04745369905569,-5.501049294693495,0.059565536990557,0.05501049294693494,0.06552208413740428,5.9565536990557,5.501049294693495,,,,,,,,,,,,,,,,,,,,
Basketball,NBA,2026_01_10,NBA_2026_01_10_Utah_Jazz_Charlotte_Hornets,2026_04_17,10:40 PM,Utah Jazz,Charlotte Hornets,1.5,-1.5,245.0,170,-195,-110,-110,-110,-110,2.7,1.512821,1.909091,1.909091,1.909091,1.909091,0.387,0.613,117.5,121.6,239.1,1,2025_NBA,,,,,,,,,,,,,,,,,,,,,,,,,away,-1.5,-110.0,0.09077247057433513,0.09984970764679786,0.571356981188605,7.135698118860501,0.024962426911699465,spread,nba,0.428643018811395,0.571356981188605,2.332943629346743,1.7502192725810064,2.3679377837869438,1.7764725616697212,+136,-128,0.5238094988662143,0.5238094988662143,0.5,0.5,-0.18168147057433504,-0.071356981188605,0.0,-18.168147057433504,-7.135698118860501,0.09077247057433513,0.071356981188605,0.09984970764679786,9.077247057433514,7.135698118860501,,,,,,,,,,,,,,,,,,,,
Basketball,NBA,2026_01_11,NBA_2026_01_11_Denver_Nuggets_Milwaukee_Bucks,2026_04_17,09:10 PM,Denver Nuggets,Milwaukee Bucks,2.0,-2.0,223.5,105,-125,-110,-110,-110,-110,2.05,1.8,1.909091,1.909091,1.909091,1.909091,0.384,0.616,110.8,115.0,225.8,1,2025_NBA,,,,,,,,,,,,,,,,,,,,,,,,,away,-2.0,-110.0,0.06999041473742373,0.07698944851222136,0.5604711429352628,6.047114293526279,0.01924736212805534,spread,nba,0.4395288570647372,0.5604711429352628,2.2751634708997326,1.7842131795811385,2.3092909229632284,1.8109763772748553,+130,-123,0.5238094988662143,0.5238094988662143,0.5,0.5,-0.16089941473742375,-0.06047114293526279,0.0,-16.089941473742375,-6.047114293526279,0.06999041473742373,0.06047114293526279,0.07698944851222136,6.999041473742373,6.047114293526279,,,,,,,,,,,,,,,,,,,,
Basketball,NBA,2026_01_11,NBA_2026_01_11_Memphis_Grizzlies_Brooklyn_Nets,2026_04_17,04:40 PM,Memphis Grizzlies,Brooklyn Nets,-6.5,6.5,223.0,-250,207,-110,-110,-110,-110,1.4,3.07,1.909091,1.909091,1.909091,1.909091,0.667,0.333,112.6,107.7,220.3,1,2025_NBA,,,,,,,,,,,,,,,,,,,,,,,,,away,6.5,-110.0,0.03865784392032401,0.042523624059993936,0.5440588447173675,4.405884471736754,0.010630906014998484,spread,nba,0.45594115528263246,0.5440588447173675,2.1932654870344224,1.8380364729103682,2.2261644693399383,1.8656070200040236,+122,-115,0.5238094988662143,0.5238094988662143,0.5,0.5,-0.12956684392032392,-0.04405884471736754,0.0,-12.956684392032392,-4.405884471736754,0.03865784392032401,0.04405884471736754,0.042523624059993936,3.865784392032401,4.405884471736754,,,,,,,,,,,,,,,,,,,,
Basketball,NBA,2026_01_11,NBA_2026_01_11_Oklahoma_City_Thunder_Miami_Heat,2026_04_17,08:10 PM,Oklahoma City Thunder,Miami Heat,-14.0,14.0,233.0,-850,586,-110,-110,-110,-110,1.117647,6.86,1.909091,1.909091,1.909091,1.909091,0.878,0.122,121.0,109.8,230.8,1,2025_NBA,,,,,,,,,,,,,,,,,,,,,,,,,away,14.0,-110.0,0.10112578193301935,0.11123834900248637,0.5767801440230033,7.678014402300326,0.027809587250621593,spread,nba,0.42321985597699674,0.5767801440230033,2.3628380991045774,1.7337628737096709,2.398280670591146,1.7597693168153157,+139,-131,0.5238094988662143,0.5238094988662143,0.5,0.5,-0.19203478193301926,-0.07678014402300326,0.0,-19.203478193301926,-7.678014402300326,0.10112578193301935,0.07678014402300326,0.11123834900248637,10.112578193301935,7.678014402300326,,,,,,,,,,,,,,,,,,,,
Basketball,NBA,2026_01_11,NBA_2026_01_11_Orlando_Magic_New_Orleans_Pelicans,2026_04_17,04:10 PM,Orlando Magic,New Orleans Pelicans,-6.5,6.5,235.0,-245,203,-110,-110,-110,-110,1.408163,3.03,1.909091,1.909091,1.909091,1.909091,0.686,0.314,120.2,115.0,235.2,1,2025_NBA,,,,,,,,,,,,,,,,,,,,,,,,,away,6.5,-110.0,0.022934137105209196,0.025227548292975282,0.535822617730223,3.5822617730222994,0.0063068870732438205,spread,nba,0.464177382269777,0.535822617730223,2.15434882912672,1.8662892660934332,2.1866640615636204,1.8942836050848344,+118,-111,0.5238094988662143,0.5238094988662143,0.5,0.5,-0.1138431371052091,-0.035822617730222994,0.0,-11.38431371052091,-3.5822617730222994,0.022934137105209196,0.035822617730222994,0.025227548292975282,2.2934137105209196,3.5822617730222994,,,,,,,,,,,,,,,,,,,,
Basketball,NBA,2026_01_11,NBA_2026_01_11_Phoenix_Suns_Washington_Wizards,2026_04_17,09:10 PM,Phoenix Suns,Washington Wizards,-14.0,14.0,233.0,-850,586,-110,-110,-110,-110,1.117647,6.86,1.909091,1.909091,1.909091,1.909091,0.87,0.13,120.2,109.2,229.4,1,2025_NBA,,,,,,,,,,,,,,,,,,,,,,,,,away,14.0,-110.0,0.11145139478604937,0.12259652200500222,0.5821887981170355,8.21887981170355,0.030649130501250555,spread,nba,0.4178112018829645,0.5821887981170355,2.3934255364462818,1.7176558587768864,2.4293269194929756,1.7434206966585395,+142,-134,0.5238094988662143,0.5238094988662143,0.5,0.5,-0.2023603947860494,-0.0821887981170355,0.0,-20.23603947860494,-8.21887981170355,0.11145139478604937,0.0821887981170355,0.12259652200500222,11.145139478604937,8.21887981170355,,,,,,,,,,,,,,,,,,,,
Basketball,NBA,2026_01_11,NBA_2026_01_11_Portland_Trail_Blazers_New_York_Knicks,2026_04_17,07:10 PM,Portland Trail Blazers,New York Knicks,6.0,-6.0,232.0,153,-175,-110,-110,-110,-110,2.53,1.571429,1.909091,1.909091,1.909091,1.909091,0.369,0.631,113.6,118.2,231.8,1,2025_NBA,,,,,,,,,,,,,,,,,,,,,,,,,home,6.0,-110.0,0.028178966924280013,0.03099686051702202,0.5385699094093891,3.856990940938909,0.007749215129255505,spread,nba,0.5385699094093891,0.4614300905906109,1.8567691631651462,2.1671755275431703,1.8846207006126232,2.199683160456318,-113,+119,0.5238094988662143,0.5238094988662143,0.5,0.5,0.028178966924280013,0.03856990940938909,0.03099686051702202,2.8178966924280013,3.856990940938909,-0.11908796692428003,-0.03856990940938909,0.0,-11.908796692428004,-3.856990940938909,,,,,,,,,,,,,,,,,,,,
Basketball,NBA,2026_01_11,NBA_2026_01_11_Sacramento_Kings_Houston_Rockets,2026_04_17,10:10 PM,Sacramento Kings,Houston Rockets,12.5,-12.5,223.0,520,-725,-110,-110,-110,-110,6.2,1.137931,1.909091,1.909091,1.909091,1.909091,0.165,0.835,106.7,117.2,223.9,1,2025_NBA,,,,,,,,,,,,,,,,,,,,,,,,,home,12.5,-110.0,0.059565536990557,0.06552208413740428,0.5550104929469349,5.501049294693495,0.01638052103435107,spread,nba,0.5550104929469349,0.44498950705306506,1.8017677372013414,2.2472440004765097,1.8287942532593613,2.280952660483657,-120,+128,0.5238094988662143,0.5238094988662143,0.5,0.5,0.059565536990557,0.05501049294693494,0.06552208413740428,5.9565536990557,5.501049294693495,-0.1504745369905569,-0.05501049294693494,0.0,-15.04745369905569,-5.501049294693495,,,,,,,,,,,,,,,,,,,,
Basketball,NBA,2026_01_12,NBA_2026_01_12_Cleveland_Cavaliers_Utah_Jazz,2026_04_17,08:10 PM,Cleveland Cavaliers,Utah Jazz,-12.0,12.0,246.5,-775,546,-110,-110,-110,-110,1.129032,6.46,1.909091,1.909091,1.909091,1.909091,0.838,0.162,129.8,120.0,249.8,1,2025_NBA,,,,,,,,,,,,,,,,,,,,,,,,,away,12.0,-110.0,0.06999041473742307,0.0769894485122204,0.5604711429352623,6.047114293526235,0.0192473621280551,spread,nba,0.43952885706473765,0.5604711429352623,2.2751634708997304,1.78421317958114,2.309290922963226,1.8109763772748568,+130,-123,0.5238094988662143,0.5238094988662143,0.5,0.5,-0.16089941473742286,-0.060471142935262345,0.0,-16.089941473742286,-6.047114293526235,0.06999041473742307,0.060471142935262345,0.0769894485122204,6.999041473742307,6.047114293526235,,,,,,,,,,,,,,,,,,,,
Basketball,NBA,2026_01_12,NBA_2026_01_12_Dallas_Mavericks_Brooklyn_Nets,2026_04_17,09:40 PM,Dallas Mavericks,Brooklyn Nets,-4.0,4.0,220.5,-170,149,-110,-110,-110,-110,1.588235,2.49,1.909091,1.909091,1.909091,1.909091,0.546,0.454,111.3,109.8,221.1,1,2025_NBA,,,,,,,,,,,,,,,,,,,,,,,,,away,4.0,-110.0,0.08558602485182543,0.09414461792254616,0.5686402716538004,6.864027165380038,0.02353615448063654,spread,nba,0.4313597283461996,0.5686402716538004,2.3182507181046406,1.758581039453393,2.35302447887621,1.7849597550451937,+135,-127,0.5238094988662143,0.5238094988662143,0.5,0.5,-0.17649502485182533,-0.06864027165380038,0.0,-17.649502485182534,-6.864027165380038,0.08558602485182543,0.06864027165380038,0.09414461792254616,8.558602485182544,6.864027165380038,,,,,,,,,,,,,,,,,,,,
Basketball,NBA,2026_01_12,NBA_2026_01_12_Indiana_Pacers_Boston_Celtics,2026_04_17,08:40 PM,Indiana Pacers,Boston Celtics,7.5,-7.5,226.5,189,-225,-110,-110,-110,-110,2.89,1.444444,1.909091,1.909091,1.909091,1.909091,0.345,0.655,109.1,114.5,223.6,1,2025_NBA,,,,,,,,,,,,,,,,,,,,,,,,,home,7.5,-110.0,0.06478059408351822,0.07125864636600528,0.5577421893893576,5.7742189389357605,0.01781466159150132,spread,nba,0.5577421893893576,0.4422578106106424,1.792943081990708,2.2611245658256696,1.8198372282205684,2.2950414343130543,-121,+129,0.5238094988662143,0.5238094988662143,0.5,0.5,0.06478059408351822,0.0577421893893576,0.07125864636600528,6.478059408351822,5.7742189389357605,-0.155689594083518,-0.0577421893893576,0.0,-15.568959408351802,-5.7742189389357605,,,,,,,,,,,,,,,,,,,,
Basketball,NBA,2026_01_13,NBA_2026_01_13_Houston_Rockets_Chicago_Bulls,2026_04_17,09:10 PM,Houston Rockets,Chicago Bulls,-10.5,10.5,228.5,-600,446,-110,-110,-110,-110,1.166667,5.46,1.909091,1.909091,1.909091,1.909091,0.792,0.208,117.2,108.8,226.0,1,2025_NBA,,,,,,,,,,,,,,,,,,,,,,,,,away,10.5,-110.0,0.06478059408351822,0.07125864636600528,0.5577421893893576,5.7742189389357605,0.01781466159150132,spread,nba,0.4422578106106424,0.5577421893893576,2.2611245658256696,1.792943081990708,2.2950414343130543,1.8198372282205684,+129,-121,0.5238094988662143,0.5238094988662143,0.5,0.5,-0.155689594083518,-0.0577421893893576,0.0,-15.568959408351802,-5.7742189389357605,0.06478059408351822,0.0577421893893576,0.07125864636600528,6.478059408351822,5.7742189389357605,,,,,,,,,,,,,,,,,,,,
Basketball,NBA,2026_01_13,NBA_2026_01_13_Los_Angeles_Lakers_Atlanta_Hawks,2026_04_17,11:40 PM,Los Angeles Lakers,Atlanta Hawks,-1.0,1.0,233.5,-105,-115,-110,-110,-110,-110,1.952381,1.869565,1.909091,1.909091,1.909091,1.909091,0.486,0.514,116.2,117.1,233.3,1,2025_NBA,,,,,,,,,,,,,,,,,,,,,,,,,away,1.0,-110.0,0.054345487919639,0.05978003073359994,0.5522761816590404,5.227618165904035,0.014945007683399986,spread,nba,0.44772381834095965,0.5522761816590404,2.233519770526168,1.8106882628832464,2.2670225670840605,1.8378485868264949,+126,-119,0.5238094988662143,0.5238094988662143,0.5,0.5,-0.14525448791963902,-0.052276181659040355,0.0,-14.525448791963901,-5.227618165904035,0.054345487919639,0.052276181659040355,0.05978003073359994,5.4345487919639,5.227618165904035,,,,,,,,,,,,,,,,,,,,
Basketball,NBA,2026_01_13,NBA_2026_01_13_Miami_Heat_Phoenix_Suns,2026_04_17,08:40 PM,Miami Heat,Phoenix Suns,-1.5,1.5,230.5,-108,-112,-114,-105,-110,-110,1.925926,1.892857,1.877193,1.952381,1.909091,1.909091,0.498,0.502,115.2,115.7,230.9,1,2025_NBA,,,,,,,,,,,,,,,,,,,,,,,,,away,1.5,-105.0,0.08359194123022973,0.08777153390316453,0.5550104929469349,6.4827250633299025,0.021942883475791132,spread,nba,0.44498950705306506,0.5550104929469349,2.2472440004765097,1.8017677372013414,2.280952660483657,1.8287942532593613,+128,-120,0.5327102753952311,0.5121951094586559,0.509816757686364,0.4901832423136359,-0.16466881228653574,-0.06482725063329897,0.0,-16.466881228653573,-6.482725063329897,0.08359194123022973,0.06482725063329903,0.08777153390316453,8.359194123022974,6.4827250633299025,,,,,,,,,,,,,,,,,,,,
Basketball,NBA,2026_01_13,NBA_2026_01_13_Milwaukee_Bucks_Minnesota_Timberwolves,2026_04_17,09:10 PM,Milwaukee Bucks,Minnesota Timberwolves,3.0,-3.0,230.0,-142,122,-110,-110,-105,-115,1.704225,2.22,1.909091,1.909091,1.952381,1.869565,0.508,0.492,114.8,114.9,229.7,1,2025_NBA,,,,,,,,,,,,,,,,,,,,,,,,,home,3.0,-110.0,0.10629216956793619,0.11692137483259231,0.5794863469409977,7.948634694099765,0.029230343708148077,spread,nba,0.5794863469409977,0.42051365305900235,1.7256661960697037,2.3780440723518907,1.7515511890107491,2.413714733437169,-133,+141,0.5238094988662143,0.5238094988662143,0.5,0.5,0.10629216956793619,0.07948634694099765,0.11692137483259231,10.62921695679362,7.948634694099765,-0.1972011695679361,-0.07948634694099765,0.0,-19.72011695679361,-7.948634694099765,,,,,,,,,,,,,,,,,,,,
Basketball,NBA,2026_01_13,NBA_2026_01_13_Oklahoma_City_Thunder_San_Antonio_Spurs,2026_04_17,09:10 PM,Oklahoma City Thunder,San Antonio Spurs,-6.5,6.5,229.5,-280,230,-105,-115,-105,-115,1.357143,3.3,1.952381,1.869565,1.952381,1.869565,0.65,0.35,116.8,112.5,229.3,1,2025_NBA,,,,,,,,,,,,,,,,,,,,,,,,,away,6.5,-115.0,0.047837232341764624,0.055012830946236935,0.5604711429352628,4.963687159809583,0.013753207736559234,spread,nba,0.4395288570647372,0.5604711429352628,2.2751634708997326,1.7842131795811385,2.3092909229632284,1.8109763772748553,+130,-123,0.5121951094586559,0.5348837831260214,0.489165728662833,0.510834271337167,-0.14187221051509136,-0.049636871598095766,0.0,-14.187221051509136,-4.963687159809576,0.047837232341764624,0.04963687159809582,0.055012830946236935,4.783723234176462,4.963687159809583,,,,,,,,,,,,,,,,,,,,
Basketball,NBA,2026_01_14,NBA_2026_01_14_Dallas_Mavericks_Denver_Nuggets,2026_04_17,10:40 PM,Dallas Mavericks,Denver Nuggets,-1.5,1.5,224.5,-120,100,-107,-113,-110,-110,1.833333,2.0,1.934579,1.884956,1.909091,1.909091,0.506,0.494,113.2,113.2,226.4,1,2025_NBA,,,,,,,,,,,,,,,,,,,,,,,,,away,1.5,-113.0,0.020355639010627424,0.023001865641486544,0.5413153617435247,3.4819413938359856,0.005750466410371636,spread,nba,0.4586846382564753,0.5413153617435247,2.1801471350798676,1.8473519701696552,2.2128493421060655,1.8750622497221998,+121,-114,0.516908329926046,0.5305163621856425,0.49350405219483534,0.5064959478051648,-0.11263833120642619,-0.03481941393836002,0.0,-11.26383312064262,-3.481941393836002,0.020355639010627424,0.034819413938359856,0.023001865641486544,2.0355639010627424,3.4819413938359856,,,,,,,,,,,,,,,,,,,,
Basketball,NBA,2026_01_14,NBA_2026_01_14_Los_Angeles_Clippers_Washington_Wizards,2026_04_17,11:40 PM,Los Angeles Clippers,Washington Wizards,-13.0,13.0,226.0,-600,446,-110,-110,-110,-110,1.166667,5.46,1.909091,1.909091,1.909091,1.909091,0.786,0.214,116.5,108.3,224.8,1,2025_NBA,,,,,,,,,,,,,,,,,,,,,,,,,away,13.0,-110.0,0.20282859043142554,0.22311142716342536,0.6300530411758399,13.005304117583993,0.05,spread,nba,0.36994695882416007,0.6300530411758399,2.703090202926391,1.5871679599129378,2.743636555970286,1.6109754793116318,+174,-163,0.5238094988662143,0.5238094988662143,0.5,0.5,-0.29373759043142544,-0.13005304117583993,0.0,-29.373759043142545,-13.005304117583993,0.20282859043142554,0.13005304117583993,0.22311142716342536,20.282859043142555,13.005304117583993,,,,,,,,,,,,,,,,,,,,
Basketball,NBA,2026_01_14,NBA_2026_01_14_Philadelphia_76ers_Cleveland_Cavaliers,2026_04_17,08:10 PM,Philadelphia 76ers,Cleveland Cavaliers,-1.5,1.5,240.0,-115,-105,-110,-110,-110,-110,1.869565,1.952381,1.909091,1.909091,1.909091,1.909091,0.493,0.507,117.2,117.9,235.1,1,2025_NBA,,,,,,,,,,,,,,,,,,,,,,,,,away,1.5,-110.0,0.06999041473742373,0.07698944851222136,0.5604711429352628,6.047114293526279,0.01924736212805534,spread,nba,0.4395288570647372,0.5604711429352628,2.2751634708997326,1.7842131795811385,2.3092909229632284,1.8109763772748553,+130,-123,0.5238094988662143,0.5238094988662143,0.5,0.5,-0.16089941473742375,-0.06047114293526279,0.0,-16.089941473742375,-6.047114293526279,0.06999041473742373,0.06047114293526279,0.07698944851222136,6.999041473742373,6.047114293526279,,,,,,,,,,,,,,,,,,,,
Basketball,NBA,2026_01_14,NBA_2026_01_14_Sacramento_Kings_New_York_Knicks,2026_04_17,11:10 PM,Sacramento Kings,New York Knicks,10.5,-10.5,230.0,383,-500,-110,-110,-110,-110,4.83,1.2,1.909091,1.909091,1.909091,1.909091,0.209,0.791,111.3,120.5,231.8,1,2025_NBA,,,,,,,,,,,,,,,,,,,,,,,,,home,10.5,-110.0,0.022934137105209196,0.025227548292975282,0.535822617730223,3.5822617730222994,0.0063068870732438205,spread,nba,0.535822617730223,0.464177382269777,1.8662892660934332,2.15434882912672,1.8942836050848344,2.1866640615636204,-111,+118,0.5238094988662143,0.5238094988662143,0.5,0.5,0.022934137105209196,0.035822617730222994,0.025227548292975282,2.2934137105209196,3.5822617730222994,-0.1138431371052091,-0.035822617730222994,0.0,-11.38431371052091,-3.5822617730222994,,,,,,,,,,,,,,,,,,,,
Basketball,NBA,2026_01_15,NBA_2026_01_15_Detroit_Pistons_Phoenix_Suns,2026_04_17,08:10 PM,Detroit Pistons,Phoenix Suns,-6.5,6.5,221.0,-235,195,-105,-115,-110,-110,1.425532,2.95,1.952381,1.869565,1.909091,1.909091,0.745,0.255,116.0,108.7,224.7,1,2025_NBA,,,,,,,,,,,,,,,,,,,,,,,,,home,-6.5,-105.0,0.019266149622956696,0.020229456092631787,0.522063137073633,3.2897408410800075,0.005057364023157947,spread,nba,0.522063137073633,0.47793686292636695,1.9154771309949004,2.092326576102719,1.9442092879598236,2.1237114747442596,-105,+112,0.5121951094586559,0.5348837831260214,0.489165728662833,0.510834271337167,0.019266149622956696,0.03289740841080008,0.020229456092631787,1.9266149622956696,3.2897408410800075,-0.1064659688630668,-0.03289740841080002,0.0,-10.64659688630668,-3.289740841080002,,,,,,,,,,,,,,,,,,,,
Basketball,NBA,2026_01_15,NBA_2026_01_15_Golden_State_Warriors_New_York_Knicks,2026_04_17,11:10 PM,Golden State Warriors,New York Knicks,-2.5,2.5,233.0,-155,135,-110,-110,-110,-110,1.645161,2.35,1.909091,1.909091,1.909091,1.909091,0.729,0.271,115.9,109.1,225.0,1,2025_NBA,,,,,,,,,,,,,,,,,,,,,,,,,home,-2.5,-110.0,0.17776344522743437,0.19553977019620064,0.6169236800275284,11.69236800275284,0.04888494254905016,spread,nba,0.6169236800275284,0.3830763199724716,1.620946046284652,2.6104458768734684,1.6452602369789218,2.64960256502657,-154,+164,0.5238094988662143,0.5238094988662143,0.5,0.5,0.17776344522743437,0.1169236800275284,0.19553977019620064,17.776344522743436,11.69236800275284,-0.26867244522743416,-0.1169236800275284,0.0,-26.867244522743416,-11.69236800275284,,,,,,,,,,,,,,,,,,,,
Basketball,NBA,2026_01_15,NBA_2026_01_15_Houston_Rockets_Oklahoma_City_Thunder,2026_04_17,08:40 PM,Houston Rockets,Oklahoma City Thunder,5.0,-5.0,224.0,161,-185,-105,-115,-110,-110,2.61,1.540541,1.952381,1.869565,1.909091,1.909091,0.407,0.593,110.4,114.0,224.4,1,2025_NBA,,,,,,,,,,,,,,,,,,,,,,,,,home,5.0,-105.0,0.05149365830261332,0.05406833851432707,0.5385699094093895,4.940418074655656,0.013517084628581767,spread,nba,0.5385699094093895,0.46143009059061046,1.8567691631651446,2.167175527543172,1.8846207006126217,2.1996831604563196,-113,+119,0.5121951094586559,0.5348837831260214,0.489165728662833,0.510834271337167,0.05149365830261332,0.04940418074655656,0.05406833851432707,5.149365830261332,4.940418074655656,-0.13732645268496535,-0.0494041807465565,0.0,-13.732645268496535,-4.94041807465565,,,,,,,,,,,,,,,,,,,,
Basketball,NBA,2026_01_15,NBA_2026_01_15_Portland_Trail_Blazers_Atlanta_Hawks,2026_04_17,11:10 PM,Portland Trail Blazers,Atlanta Hawks,4.0,-4.0,229.0,157,-180,-110,-110,-110,-110,2.57,1.555556,1.909091,1.909091,1.909091,1.909091,0.452,0.548,113.8,116.3,230.1,1,2025_NBA,,,,,,,,,,,,,,,,,,,,,,,,,home,4.0,-110.0,0.03342028526630725,0.03676231011670702,0.5413153617435247,4.131536174352468,0.009190577529176755,spread,nba,0.5413153617435247,0.4586846382564753,1.8473519701696552,2.1801471350798676,1.8750622497221998,2.2128493421060655,-114,+121,0.5238094988662143,0.5238094988662143,0.5,0.5,0.03342028526630725,0.04131536174352468,0.03676231011670702,3.342028526630725,4.131536174352468,-0.12432928526630727,-0.04131536174352468,0.0,-12.432928526630727,-4.131536174352468,,,,,,,,,,,,,,,,,,,,
Basketball,NBA,2026_01_16,NBA_2026_01_16_Houston_Rockets_Minnesota_Timberwolves,2026_04_17,10:40 PM,Houston Rockets,Minnesota Timberwolves,-4.0,4.0,224.0,-155,135,-110,-110,-110,-110,1.645161,2.35,1.909091,1.909091,1.909091,1.909091,0.574,0.426,112.9,110.5,223.4,1,2025_NBA,,,,,,,,,,,,,,,,,,,,,,,,,away,4.0,-110.0,0.03865784392032312,0.04252362405999302,0.5440588447173671,4.40588447173671,0.010630906014998255,spread,nba,0.4559411552826329,0.5440588447173671,2.19326548703442,1.8380364729103698,2.226164469339936,1.8656070200040251,+122,-115,0.5238094988662143,0.5238094988662143,0.5,0.5,-0.12956684392032303,-0.044058844717367096,0.0,-12.956684392032303,-4.40588447173671,0.03865784392032312,0.044058844717367096,0.04252362405999302,3.865784392032312,4.40588447173671,,,,,,,,,,,,,,,,,,,,
Basketball,NBA,2026_01_17,NBA_2026_01_17_Dallas_Mavericks_Utah_Jazz,2026_04_17,06:10 PM,Dallas Mavericks,Utah Jazz,-3.5,3.5,241.5,-175,153,-110,-110,-110,-110,1.571429,2.53,1.909091,1.909091,1.909091,1.909091,0.554,0.446,120.7,119.0,239.7,1,2025_NBA,,,,,,,,,,,,,,,,,,,,,,,,,away,3.5,-110.0,0.04912069204370306,0.05403275584479766,0.549539383949588,4.953938394958801,0.013508188961199414,spread,nba,0.450460616050412,0.549539383949588,2.2199499009877655,1.8197057921725497,2.2532491495025817,1.8470013790551378,+125,-118,0.5238094988662143,0.5238094988662143,0.5,0.5,-0.14002969204370286,-0.04953938394958801,0.0,-14.002969204370286,-4.953938394958801,0.04912069204370306,0.04953938394958801,0.05403275584479766,4.912069204370306,4.953938394958801,,,,,,,,,,,,,,,,,,,,
Basketball,NBA,2026_01_17,NBA_2026_01_17_Denver_Nuggets_Washington_Wizards,2026_04_17,10:10 PM,Denver Nuggets,Washington Wizards,-12.5,12.5,231.5,-600,446,-110,-110,-110,-110,1.166667,5.46,1.909091,1.909091,1.909091,1.909091,0.808,0.192,121.0,112.2,233.2,1,2025_NBA,,,,,,,,,,,,,,,,,,,,,,,,,away,12.5,-110.0,0.147345690955337,0.1620802438428463,0.6009905714056255,10.09905714056255,0.040520060960711576,spread,nba,0.3990094285943745,0.6009905714056255,2.5062064410928526,1.6639196146807298,2.543799537709245,1.6888784089009405,+154,-145,0.5238094988662143,0.5238094988662143,0.5,0.5,-0.2382546909553369,-0.1009905714056255,0.0,-23.82546909553369,-10.09905714056255,0.147345690955337,0.1009905714056255,0.1620802438428463,14.7345690955337,10.09905714056255,,,,,,,,,,,,,,,,,,,,
Basketball,NBA,2026_01_17,NBA_2026_01_17_Detroit_Pistons_Indiana_Pacers,2026_04_17,08:40 PM,Detroit Pistons,Indiana Pacers,-13.0,13.0,228.5,-700,505,-110,-110,-110,-110,1.142857,6.05,1.909091,1.909091,1.909091,1.909091,0.866,0.134,119.4,108.6,228.0,1,2025_NBA,,,,,,,,,,,,,,,,,,,,,,,,,away,13.0,-110.0,0.06999041473742307,0.0769894485122204,0.5604711429352623,6.047114293526235,0.0192473621280551,spread,nba,0.43952885706473765,0.5604711429352623,2.2751634708997304,1.78421317958114,2.309290922963226,1.8109763772748568,+130,-123,0.5238094988662143,0.5238094988662143,0.5,0.5,-0.16089941473742286,-0.060471142935262345,0.0,-16.089941473742286,-6.047114293526235,0.06999041473742307,0.060471142935262345,0.0769894485122204,6.999041473742307,6.047114293526235,,,,,,,,,,,,,,,,,,,,
Basketball,NBA,2026_01_17,NBA_2026_01_17_New_York_Knicks_Phoenix_Suns,2026_04_17,08:40 PM,New York Knicks,Phoenix Suns,-3.5,3.5,223.5,-165,145,-110,-110,-110,-110,1.606061,2.45,1.909091,1.909091,1.909091,1.909091,0.469,0.531,113.0,114.8,227.8,1,2025_NBA,,,,,,,,,,,,,,,,,,,,,,,,,away,3.5,-110.0,0.22760763076682133,0.2503683688066666,0.6430325378763093,14.303253787630933,0.05,spread,nba,0.3569674621236907,0.6430325378763093,2.8013757726005175,1.5551312586803425,2.843396409189525,1.5784582275605474,+184,-172,0.5238094988662143,0.5238094988662143,0.5,0.5,-0.31851663076682124,-0.14303253787630932,0.0,-31.851663076682122,-14.303253787630933,0.22760763076682133,0.14303253787630932,0.2503683688066666,22.76076307668213,14.303253787630933,,,,,,,,,,,,,,,,,,,,
Basketball,NBA,2026_01_17,NBA_2026_01_17_San_Antonio_Spurs_Minnesota_Timberwolves,2026_04_17,09:10 PM,San Antonio Spurs,Minnesota Timberwolves,-6.5,6.5,229.5,-240,200,-110,-110,-110,-110,1.416667,3.0,1.909091,1.909091,1.909091,1.909091,0.67,0.33,119.5,114.5,234.0,1,2025_NBA,,,,,,,,,,,,,,,,,,,,,,,,,away,6.5,-110.0,0.03342028526630725,0.03676231011670702,0.5413153617435247,4.131536174352468,0.009190577529176755,spread,nba,0.4586846382564753,0.5413153617435247,2.1801471350798676,1.8473519701696552,2.2128493421060655,1.8750622497221998,+121,-114,0.5238094988662143,0.5238094988662143,0.5,0.5,-0.12432928526630727,-0.04131536174352468,0.0,-12.432928526630727,-4.131536174352468,0.03342028526630725,0.04131536174352468,0.03676231011670702,3.342028526630725,4.131536174352468,,,,,,,,,,,,,,,,,,,,
Basketball,NBA,2026_01_18,NBA_2026_01_18_Chicago_Bulls_Brooklyn_Nets,2026_04_17,08:10 PM,Chicago Bulls,Brooklyn Nets,-3.5,3.5,225.0,-240,200,-110,-110,-110,-110,1.416667,3.0,1.909091,1.909091,1.909091,1.909091,0.698,0.302,113.9,108.4,222.3,1,2025_NBA,,,,,,,,,,,,,,,,,,,,,,,,,home,-3.5,-110.0,0.059565536990557,0.06552208413740428,0.5550104929469349,5.501049294693495,0.01638052103435107,spread,nba,0.5550104929469349,0.44498950705306506,1.8017677372013414,2.2472440004765097,1.8287942532593613,2.280952660483657,-120,+128,0.5238094988662143,0.5238094988662143,0.5,0.5,0.059565536990557,0.05501049294693494,0.06552208413740428,5.9565536990557,5.501049294693495,-0.1504745369905569,-0.05501049294693494,0.0,-15.04745369905569,-5.501049294693495,,,,,,,,,,,,,,,,,,,,
Basketball,NBA,2026_01_18,NBA_2026_01_18_Denver_Nuggets_Charlotte_Hornets,2026_04_17,09:10 PM,Denver Nuggets,Charlotte Hornets,-3.0,3.0,231.5,-145,125,-110,-110,-110,-110,1.689655,2.25,1.909091,1.909091,1.909091,1.909091,0.465,0.535,114.2,116.1,230.3,1,2025_NBA,,,,,,,,,,,,,,,,,,,,,,,,,away,3.0,-110.0,0.20780813397880027,0.22858892451778795,0.6326613733859728,13.266137338597284,0.05,spread,nba,0.36733862661402716,0.6326613733859728,2.7222838208374083,1.5806243941337035,2.763118078149969,1.6043337600457088,+176,-165,0.5238094988662143,0.5238094988662143,0.5,0.5,-0.2987171339788003,-0.13266137338597284,0.0,-29.87171339788003,-13.266137338597284,0.20780813397880027,0.13266137338597284,0.22858892451778795,20.780813397880028,13.266137338597284,,,,,,,,,,,,,,,,,,,,
Basketball,NBA,2026_01_18,NBA_2026_01_18_Houston_Rockets_New_Orleans_Pelicans,2026_04_17,08:10 PM,Houston Rockets,New Orleans Pelicans,-12.5,12.5,231.5,-675,491,-110,-110,-105,-115,1.148148,5.91,1.909091,1.909091,1.952381,1.869565,0.854,0.146,120.6,110.1,230.7,1,2025_NBA,,,,,,,,,,,,,,,,,,,,,,,,,away,12.5,-110.0,0.059565536990557,0.06552208413740428,0.5550104929469349,5.501049294693495,0.01638052103435107,spread,nba,0.44498950705306506,0.5550104929469349,2.2472440004765097,1.8017677372013414,2.280952660483657,1.8287942532593613,+128,-120,0.5238094988662143,0.5238094988662143,0.5,0.5,-0.1504745369905569,-0.05501049294693494,0.0,-15.04745369905569,-5.501049294693495,0.059565536990557,0.05501049294693494,0.06552208413740428,5.9565536990557,5.501049294693495,,,,,,,,,,,,,,,,,,,,
Basketball,NBA,2026_01_19,NBA_2026_01_19_Atlanta_Hawks_Milwaukee_Bucks,2026_04_17,02:10 PM,Atlanta Hawks,Milwaukee Bucks,-3.0,3.0,230.0,-135,115,-110,-110,-110,-110,1.740741,2.15,1.909091,1.909091,1.909091,1.909091,0.526,0.474,116.3,115.6,231.9,1,2025_NBA,,,,,,,,,,,,,,,,,,,,,,,,,away,3.0,-110.0,0.07519475523737662,0.08271422248969203,0.5631972259244722,6.319722592447219,0.020678555622423007,spread,nba,0.4368027740755278,0.5631972259244722,2.2893627498507816,1.7755769275293012,2.3237031910985433,1.8022105814422404,+132,-124,0.5238094988662143,0.5238094988662143,0.5,0.5,-0.16610375523737653,-0.06319722592447219,0.0,-16.610375523737652,-6.319722592447219,0.07519475523737662,0.06319722592447219,0.08271422248969203,7.519475523737662,6.319722592447219,,,,,,,,,,,,,,,,,,,,
Basketball,NBA,2026_01_19,NBA_2026_01_19_Brooklyn_Nets_Phoenix_Suns,2026_04_17,08:40 PM,Brooklyn Nets,Phoenix Suns,6.5,-6.5,217.5,237,-290,-110,-110,-110,-110,3.37,1.344828,1.909091,1.909091,1.909091,1.909091,0.252,0.748,105.3,113.3,218.6,1,2025_NBA,,,,,,,,,,,,,,,,,,,,,,,,,away,-6.5,-110.0,0.03342028526630725,0.03676231011670702,0.5413153617435247,4.131536174352468,0.009190577529176755,spread,nba,0.4586846382564753,0.5413153617435247,2.1801471350798676,1.8473519701696552,2.2128493421060655,1.8750622497221998,+121,-114,0.5238094988662143,0.5238094988662143,0.5,0.5,-0.12432928526630727,-0.04131536174352468,0.0,-12.432928526630727,-4.131536174352468,0.03342028526630725,0.04131536174352468,0.03676231011670702,3.342028526630725,4.131536174352468,,,,,,,,,,,,,,,,,,,,
Basketball,NBA,2026_01_19,NBA_2026_01_19_Detroit_Pistons_Boston_Celtics,2026_04_17,09:12 PM,Detroit Pistons,Boston Celtics,-4.5,4.5,225.0,-145,125,-110,-110,-110,-110,1.689655,2.25,1.909091,1.909091,1.909091,1.909091,0.573,0.427,113.1,110.7,223.8,1,2025_NBA,,,,,,,,,,,,,,,,,,,,,,,,,away,4.5,-110.0,0.06478059408351888,0.07125864636600625,0.557742189389358,5.774218938935805,0.017814661591501562,spread,nba,0.44225781061064195,0.557742189389358,2.261124565825672,1.7929430819907066,2.2950414343130565,1.819837228220567,+129,-121,0.5238094988662143,0.5238094988662143,0.5,0.5,-0.1556895940835189,-0.057742189389358045,0.0,-15.56895940835189,-5.774218938935805,0.06478059408351888,0.057742189389358045,0.07125864636600625,6.478059408351888,5.774218938935805,,,,,,,,,,,,,,,,,,,,
Basketball,NBA,2026_01_19,NBA_2026_01_19_Golden_State_Warriors_Miami_Heat,2026_04_17,11:10 PM,Golden State Warriors,Miami Heat,-6.5,6.5,238.0,-245,203,-110,-110,-110,-110,1.408163,3.03,1.909091,1.909091,1.909091,1.909091,0.683,0.317,120.8,115.5,236.3,1,2025_NBA,,,,,,,,,,,,,,,,,,,,,,,,,away,6.5,-110.0,0.017686044522422728,0.019454647029200297,0.5330736169844301,3.307361698443012,0.004863661757300074,spread,nba,0.4669263830155699,0.5330736169844301,2.1416652311262836,1.8759135101394593,2.173790209593178,1.904052212791551,+117,-110,0.5238094988662143,0.5238094988662143,0.5,0.5,-0.10859504452242263,-0.03307361698443012,0.0,-10.859504452242263,-3.307361698443012,0.017686044522422728,0.03307361698443012,0.019454647029200297,1.7686044522422728,3.307361698443012,,,,,,,,,,,,,,,,,,,,
Basketball,NBA,2026_01_19,NBA_2026_01_19_New_York_Knicks_Dallas_Mavericks,2026_04_17,06:10 PM,New York Knicks,Dallas Mavericks,-10.5,10.5,230.5,-420,330,-110,-110,-110,-110,1.238095,4.3,1.909091,1.909091,1.909091,1.909091,0.806,0.194,120.2,111.4,231.6,1,2025_NBA,,,,,,,,,,,,,,,,,,,,,,,,,away,10.5,-110.0,0.04389139521298513,0.04828052990623077,0.5468002285972671,4.680022859726707,0.012070132476557692,spread,nba,0.45319977140273293,0.5468002285972671,2.206532445735408,1.8288214739144277,2.2396304324214387,1.856253796023144,+123,-116,0.5238094988662143,0.5238094988662143,0.5,0.5,-0.13480039521298515,-0.04680022859726707,0.0,-13.480039521298515,-4.680022859726707,0.04389139521298513,0.04680022859726707,0.04828052990623077,4.389139521298513,4.680022859726707,,,,,,,,,,,,,,,,,,,,
Basketball,NBA,2026_01_19,NBA_2026_01_19_Philadelphia_76ers_Indiana_Pacers,2026_04_17,08:10 PM,Philadelphia 76ers,Indiana Pacers,-10.0,10.0,226.5,-330,267,-110,-110,-110,-110,1.30303,3.67,1.909091,1.909091,1.909091,1.909091,0.721,0.279,117.1,110.6,227.7,1,2025_NBA,,,,,,,,,,,,,,,,,,,,,,,,,away,10.0,-110.0,0.13713184334774708,0.15084501259802063,0.595640461008798,9.564046100879796,0.03771125314950516,spread,nba,0.404359538991202,0.595640461008798,2.473046641844544,1.678865129991949,2.510142341472212,1.704048106941828,+151,-142,0.5238094988662143,0.5238094988662143,0.5,0.5,-0.2280408433477471,-0.09564046100879797,0.0,-22.80408433477471,-9.564046100879796,0.13713184334774708,0.09564046100879797,0.15084501259802063,13.71318433477471,9.564046100879796,,,,,,,,,,,,,,,,,,,,
Basketball,NBA,2026_01_19,NBA_2026_01_19_San_Antonio_Spurs_Utah_Jazz,2026_04_17,06:10 PM,San Antonio Spurs,Utah Jazz,-15.5,15.5,241.0,-1300,795,-110,-110,-110,-110,1.076923,8.95,1.909091,1.909091,1.909091,1.909091,0.871,0.129,125.9,114.9,240.8,1,2025_NBA,,,,,,,,,,,,,,,,,,,,,,,,,away,15.5,-110.0,0.18782212914030483,0.20660432139390314,0.6221925142071828,12.21925142071828,0.05,spread,nba,0.3778074857928172,0.6221925142071828,2.6468506782006482,1.6072195938812144,2.686553438373658,1.6313278877894324,+168,-158,0.5238094988662143,0.5238094988662143,0.5,0.5,-0.27873112914030473,-0.1221925142071828,0.0,-27.87311291403047,-12.21925142071828,0.18782212914030483,0.1221925142071828,0.20660432139390314,18.78221291403048,12.21925142071828,,,,,,,,,,,,,,,,,,,,
Basketball,NBA,2026_01_20,NBA_2026_01_20_Denver_Nuggets_Los_Angeles_Lakers,2026_04_17,11:10 PM,Denver Nuggets,Los Angeles Lakers,1.0,-1.0,228.5,100,-120,-110,-110,-110,-110,2.0,1.833333,1.909091,1.909091,1.909091,1.909091,0.385,0.615,111.1,115.3,226.4,1,2025_NBA,,,,,,,,,,,,,,,,,,,,,,,,,away,-1.0,-110.0,0.12174741289468827,0.13392214079194312,0.5875819502028391,8.75819502028391,0.03348053519798578,spread,nba,0.4124180497971609,0.5875819502028391,2.4247241372966797,1.701890263400348,2.4610949993561295,1.727418617351353,+146,-137,0.5238094988662143,0.5238094988662143,0.5,0.5,-0.21265641289468828,-0.0875819502028391,0.0,-21.265641289468828,-8.75819502028391,0.12174741289468827,0.0875819502028391,0.13392214079194312,12.174741289468827,8.75819502028391,,,,,,,,,,,,,,,,,,,,
Basketball,NBA,2026_01_20,NBA_2026_01_20_Golden_State_Warriors_Toronto_Raptors,2026_04_17,11:10 PM,Golden State Warriors,Toronto Raptors,-5.5,5.5,227.5,-220,186,-110,-110,-110,-110,1.454545,2.86,1.909091,1.909091,1.909091,1.909091,0.575,0.425,113.6,111.1,224.7,1,2025_NBA,,,,,,,,,,,,,,,,,,,,,,,,,away,5.5,-110.0,0.11145139478604937,0.12259652200500222,0.5821887981170355,8.21887981170355,0.030649130501250555,spread,nba,0.4178112018829645,0.5821887981170355,2.3934255364462818,1.7176558587768864,2.4293269194929756,1.7434206966585395,+142,-134,0.5238094988662143,0.5238094988662143,0.5,0.5,-0.2023603947860494,-0.0821887981170355,0.0,-20.23603947860494,-8.21887981170355,0.11145139478604937,0.0821887981170355,0.12259652200500222,11.145139478604937,8.21887981170355,,,,,,,,,,,,,,,,,,,,
Basketball,NBA,2026_01_20,NBA_2026_01_20_Houston_Rockets_San_Antonio_Spurs,2026_04_17,09:10 PM,Houston Rockets,San Antonio Spurs,-5.5,5.5,225.5,-165,145,-110,-110,-110,-110,1.606061,2.45,1.909091,1.909091,1.909091,1.909091,0.619,0.381,113.1,109.6,222.7,1,2025_NBA,,,,,,,,,,,,,,,,,,,,,,,,,away,5.5,-110.0,0.059565536990557,0.06552208413740428,0.5550104929469349,5.501049294693495,0.01638052103435107,spread,nba,0.44498950705306506,0.5550104929469349,2.2472440004765097,1.8017677372013414,2.280952660483657,1.8287942532593613,+128,-120,0.5238094988662143,0.5238094988662143,0.5,0.5,-0.1504745369905569,-0.05501049294693494,0.0,-15.04745369905569,-5.501049294693495,0.059565536990557,0.05501049294693494,0.06552208413740428,5.9565536990557,5.501049294693495,,,,,,,,,,,,,,,,,,,,
Basketball,NBA,2026_01_20,NBA_2026_01_20_Philadelphia_76ers_Phoenix_Suns,2026_04_17,08:10 PM,Philadelphia 76ers,Phoenix Suns,-1.0,1.0,224.0,-115,-105,-110,-110,-110,-110,1.869565,1.952381,1.909091,1.909091,1.909091,1.909091,0.49,0.51,112.0,112.9,224.9,1,2025_NBA,,,,,,,,,,,,,,,,,,,,,,,,,away,1.0,-110.0,0.05434548791963967,0.05978003073360055,0.5522761816590407,5.227618165904069,0.014945007683400138,spread,nba,0.4477238183409593,0.5522761816590407,2.23351977052617,1.8106882628832452,2.2670225670840622,1.8378485868264938,+126,-119,0.5238094988662143,0.5238094988662143,0.5,0.5,-0.14525448791963957,-0.05227618165904069,0.0,-14.525448791963957,-5.227618165904069,0.05434548791963967,0.05227618165904069,0.05978003073360055,5.434548791963967,5.227618165904069,,,,,,,,,,,,,,,,,,,,
Basketball,NBA,2026_01_20,NBA_2026_01_20_Utah_Jazz_Minnesota_Timberwolves,2026_04_17,10:10 PM,Utah Jazz,Minnesota Timberwolves,11.0,-11.0,244.0,383,-500,-110,-110,-110,-110,4.83,1.2,1.909091,1.909091,1.909091,1.909091,0.233,0.767,116.4,125.0,241.4,1,2025_NBA,,,,,,,,,,,,,,,,,,,,,,,,,home,11.0,-110.0,0.08039337264887747,0.08843270107049497,0.5659203111055876,6.592031110558761,0.022108175267623743,spread,nba,0.5659203111055876,0.4340796888944124,1.767033238383669,2.3037244671524926,1.793538736959424,2.3382803341597795,-126,+133,0.5238094988662143,0.5238094988662143,0.5,0.5,0.08039337264887747,0.0659203111055876,0.08843270107049497,8.039337264887747,6.592031110558761,-0.17130237264887727,-0.0659203111055876,0.0,-17.130237264887725,-6.592031110558761,,,,,,,,,,,,,,,,,,,,
Basketball,NBA,2026_01_21,NBA_2026_01_21_Boston_Celtics_Indiana_Pacers,2026_04_17,08:40 PM,Boston Celtics,Indiana Pacers,-11.5,11.5,226.5,-525,400,-110,-110,-110,-110,1.190476,5.0,1.909091,1.909091,1.909091,1.909091,0.774,0.226,116.4,108.5,224.9,1,2025_NBA,,,,,,,,,,,,,,,,,,,,,,,,,away,11.5,-110.0,0.14224316466924125,0.1564674654894188,0.598317819668754,9.831781966875397,0.0391168663723547,spread,nba,0.40168218033124603,0.598317819668754,2.489530402307996,1.6713525272465208,2.5268733583426157,1.6964228151552185,+152,-143,0.5238094988662143,0.5238094988662143,0.5,0.5,-0.23315216466924116,-0.09831781966875397,0.0,-23.315216466924117,-9.831781966875397,0.14224316466924125,0.09831781966875397,0.1564674654894188,14.224316466924126,9.831781966875397,,,,,,,,,,,,,,,,,,,,
Basketball,NBA,2026_01_21,NBA_2026_01_21_New_York_Knicks_Brooklyn_Nets,2026_04_17,08:40 PM,New York Knicks,Brooklyn Nets,-11.0,11.0,226.0,-550,415,-110,-110,-110,-110,1.181818,5.15,1.909091,1.909091,1.909091,1.909091,0.807,0.193,116.1,107.3,223.4,1,2025_NBA,,,,,,,,,,,,,,,,,,,,,,,,,away,11.0,-110.0,0.06999041473742373,0.07698944851222136,0.5604711429352628,6.047114293526279,0.01924736212805534,spread,nba,0.4395288570647372,0.5604711429352628,2.2751634708997326,1.7842131795811385,2.3092909229632284,1.8109763772748553,+130,-123,0.5238094988662143,0.5238094988662143,0.5,0.5,-0.16089941473742375,-0.06047114293526279,0.0,-16.089941473742375,-6.047114293526279,0.06999041473742373,0.06047114293526279,0.07698944851222136,6.999041473742373,6.047114293526279,,,,,,,,,,,,,,,,,,,,
Basketball,NBA,2026_01_21,NBA_2026_01_21_Sacramento_Kings_Toronto_Raptors,2026_04_17,11:10 PM,Sacramento Kings,Toronto Raptors,4.0,-4.0,223.0,165,-190,-110,-110,-110,-110,2.65,1.526316,1.909091,1.909091,1.909091,1.909091,0.299,0.701,108.1,114.3,222.4,1,2025_NBA,,,,,,,,,,,,,,,,,,,,,,,,,away,-4.0,-110.0,0.06999041473742373,0.07698944851222136,0.5604711429352628,6.047114293526279,0.01924736212805534,spread,nba,0.4395288570647372,0.5604711429352628,2.2751634708997326,1.7842131795811385,2.3092909229632284,1.8109763772748553,+130,-123,0.5238094988662143,0.5238094988662143,0.5,0.5,-0.16089941473742375,-0.06047114293526279,0.0,-16.089941473742375,-6.047114293526279,0.06999041473742373,0.06047114293526279,0.07698944851222136,6.999041473742373,6.047114293526279,,,,,,,,,,,,,,,,,,,,
Basketball,NBA,2026_01_22,NBA_2026_01_22_Los_Angeles_Clippers_Los_Angeles_Lakers,2026_04_17,11:10 PM,Los Angeles Clippers,Los Angeles Lakers,-2.5,2.5,225.0,-115,-105,-110,-110,-110,-110,1.869565,1.952381,1.909091,1.909091,1.909091,1.909091,0.5,0.5,111.7,112.1,223.8,1,2025_NBA,,,,,,,,,,,,,,,,,,,,,,,,,away,2.5,-110.0,0.10629216956793619,0.11692137483259231,0.5794863469409977,7.948634694099765,0.029230343708148077,spread,nba,0.42051365305900235,0.5794863469409977,2.3780440723518907,1.7256661960697037,2.413714733437169,1.7515511890107491,+141,-133,0.5238094988662143,0.5238094988662143,0.5,0.5,-0.1972011695679361,-0.07948634694099765,0.0,-19.72011695679361,-7.948634694099765,0.10629216956793619,0.07948634694099765,0.11692137483259231,10.62921695679362,7.948634694099765,,,,,,,,,,,,,,,,,,,,
Basketball,NBA,2026_01_22,NBA_2026_01_22_Minnesota_Timberwolves_Chicago_Bulls,2026_04_17,09:10 PM,Minnesota Timberwolves,Chicago Bulls,-9.5,9.5,238.0,-400,316,-110,-110,-110,-110,1.25,4.16,1.909091,1.909091,1.909091,1.909091,0.763,0.237,122.2,114.5,236.7,1,2025_NBA,,,,,,,,,,,,,,,,,,,,,,,,,away,9.5,-110.0,0.04912069204370306,0.05403275584479766,0.549539383949588,4.953938394958801,0.013508188961199414,spread,nba,0.450460616050412,0.549539383949588,2.2199499009877655,1.8197057921725497,2.2532491495025817,1.8470013790551378,+125,-118,0.5238094988662143,0.5238094988662143,0.5,0.5,-0.14002969204370286,-0.04953938394958801,0.0,-14.002969204370286,-4.953938394958801,0.04912069204370306,0.04953938394958801,0.05403275584479766,4.912069204370306,4.953938394958801,,,,,,,,,,,,,,,,,,,,
Basketball,NBA,2026_01_22,NBA_2026_01_22_Orlando_Magic_Charlotte_Hornets,2026_04_17,08:10 PM,Orlando Magic,Charlotte Hornets,-6.5,6.5,230.0,-235,195,-110,-110,-110,-110,1.425532,2.95,1.909091,1.909091,1.909091,1.909091,0.659,0.341,117.0,112.4,229.4,1,2025_NBA,,,,,,,,,,,,,,,,,,,,,,,,,away,6.5,-110.0,0.05434548791963967,0.05978003073360055,0.5522761816590407,5.227618165904069,0.014945007683400138,spread,nba,0.4477238183409593,0.5522761816590407,2.23351977052617,1.8106882628832452,2.2670225670840622,1.8378485868264938,+126,-119,0.5238094988662143,0.5238094988662143,0.5,0.5,-0.14525448791963957,-0.05227618165904069,0.0,-14.525448791963957,-5.227618165904069,0.05434548791963967,0.05227618165904069,0.05978003073360055,5.434548791963967,5.227618165904069,,,,,,,,,,,,,,,,,,,,
Basketball,NBA,2026_01_22,NBA_2026_01_22_Portland_Trail_Blazers_Miami_Heat,2026_04_17,11:10 PM,Portland Trail Blazers,Miami Heat,1.5,-1.5,239.0,-120,100,-110,-110,-110,-110,1.833333,2.0,1.909091,1.909091,1.909091,1.909091,0.502,0.498,118.8,119.1,237.9,1,2025_NBA,,,,,,,,,,,,,,,,,,,,,,,,,home,1.5,-110.0,0.017686044522422728,0.019454647029200297,0.5330736169844301,3.307361698443012,0.004863661757300074,spread,nba,0.5330736169844301,0.4669263830155699,1.8759135101394593,2.1416652311262836,1.904052212791551,2.173790209593178,-110,+117,0.5238094988662143,0.5238094988662143,0.5,0.5,0.017686044522422728,0.03307361698443012,0.019454647029200297,1.7686044522422728,3.307361698443012,-0.10859504452242263,-0.03307361698443012,0.0,-10.859504452242263,-3.307361698443012,,,,,,,,,,,,,,,,,,,,
Basketball,NBA,2026_01_22,NBA_2026_01_22_Utah_Jazz_San_Antonio_Spurs,2026_04_17,10:10 PM,Utah Jazz,San Antonio Spurs,13.0,-13.0,238.5,561,-800,-110,-110,-110,-110,6.61,1.125,1.909091,1.909091,1.909091,1.909091,0.186,0.814,114.2,124.1,238.3,1,2025_NBA,,,,,,,,,,,,,,,,,,,,,,,,,home,13.0,-110.0,0.11660322105641607,0.12826353033570465,0.584887373653962,8.488737365396204,0.03206588258392616,spread,nba,0.584887373653962,0.41511262634603796,1.709730873061438,2.408984782762064,1.7353768361573594,2.4451195545034947,-135,+144,0.5238094988662143,0.5238094988662143,0.5,0.5,0.11660322105641607,0.08488737365396204,0.12826353033570465,11.660322105641608,8.488737365396204,-0.20751222105641598,-0.08488737365396204,0.0,-20.7512221056416,-8.488737365396204,,,,,,,,,,,,,,,,,,,,
Basketball,NBA,2026_01_23,NBA_2026_01_23_Brooklyn_Nets_Boston_Celtics,2026_04_17,08:40 PM,Brooklyn Nets,Boston Celtics,10.0,-10.0,216.5,299,-375,-110,-110,-110,-110,3.99,1.266667,1.909091,1.909091,1.909091,1.909091,0.278,0.722,104.9,112.0,216.9,1,2025_NBA,,,,,,,,,,,,,,,,,,,,,,,,,home,10.0,-110.0,0.10629216956793708,0.1169213748325933,0.5794863469409981,7.94863469409981,0.029230343708148324,spread,nba,0.5794863469409981,0.4205136530590019,1.7256661960697024,2.378044072351893,1.7515511890107478,2.413714733437171,-133,+141,0.5238094988662143,0.5238094988662143,0.5,0.5,0.10629216956793708,0.0794863469409981,0.1169213748325933,10.629216956793709,7.94863469409981,-0.19720116956793698,-0.0794863469409981,0.0,-19.7201169567937,-7.94863469409981,,,,,,,,,,,,,,,,,,,,
Basketball,NBA,2026_01_23,NBA_2026_01_23_Cleveland_Cavaliers_Sacramento_Kings,2026_04_17,08:40 PM,Cleveland Cavaliers,Sacramento Kings,-11.5,11.5,235.0,-575,431,-112,-108,-110,-110,1.173913,5.31,1.892857,1.925926,1.909091,1.909091,0.809,0.191,121.9,113.1,235.0,1,2025_NBA,,,,,,,,,,,,,,,,,,,,,,,,,away,11.5,-108.0,0.10561694315902281,0.11406628948644147,0.5740703137914036,7.840009634254619,0.028516572371610368,spread,nba,0.4259296862085964,0.5740703137914036,2.3478053593809762,1.7419468939189282,2.3830224397716906,1.7680760973277119,+138,-130,0.5283019266642963,0.5192307492603558,0.5043297825511426,0.4956702174488574,-0.1937760119522548,-0.07840009634254619,0.0,-19.37760119522548,-7.840009634254619,0.10561694315902281,0.07840009634254619,0.11406628948644147,10.561694315902281,7.840009634254619,,,,,,,,,,,,,,,,,,,,
Basketball,NBA,2026_01_23,NBA_2026_01_23_Milwaukee_Bucks_Denver_Nuggets,2026_04_17,10:40 PM,Milwaukee Bucks,Denver Nuggets,-5.0,5.0,223.0,-225,189,-110,-110,-110,-110,1.444444,2.89,1.909091,1.909091,1.909091,1.909091,0.734,0.266,113.6,106.6,220.2,1,2025_NBA,,,,,,,,,,,,,,,,,,,,,,,,,home,-5.0,-110.0,0.059565536990557,0.06552208413740428,0.5550104929469349,5.501049294693495,0.01638052103435107,spread,nba,0.5550104929469349,0.44498950705306506,1.8017677372013414,2.2472440004765097,1.8287942532593613,2.280952660483657,-120,+128,0.5238094988662143,0.5238094988662143,0.5,0.5,0.059565536990557,0.05501049294693494,0.06552208413740428,5.9565536990557,5.501049294693495,-0.1504745369905569,-0.05501049294693494,0.0,-15.04745369905569,-5.501049294693495,,,,,,,,,,,,,,,,,,,,
Basketball,NBA,2026_01_23,NBA_2026_01_23_Oklahoma_City_Thunder_Indiana_Pacers,2026_04_17,09:10 PM,Oklahoma City Thunder,Indiana Pacers,-16.0,16.0,227.0,-1500,874,-105,-115,-105,-115,1.066667,9.74,1.952381,1.869565,1.952381,1.869565,0.864,0.136,119.6,108.7,228.3,1,2025_NBA,,,,,,,,,,,,,,,,,,,,,,,,,away,16.0,-115.0,0.1925199961581927,0.22139805093143436,0.6378596069985225,12.702533566135553,0.05,spread,nba,0.3621403930014775,0.6378596069985225,2.7613600120987334,1.567743103698862,2.8027804122802142,1.5912592502543448,+180,-169,0.5121951094586559,0.5348837831260214,0.489165728662833,0.510834271337167,-0.29296397737138236,-0.1270253356613555,0.0,-29.296397737138236,-12.702533566135548,0.1925199961581927,0.12702533566135554,0.22139805093143436,19.251999615819273,12.702533566135553,,,,,,,,,,,,,,,,,,,,
Basketball,NBA,2026_01_24,NBA_2026_01_24_Charlotte_Hornets_Washington_Wizards,2026_04_17,01:10 PM,Charlotte Hornets,Washington Wizards,-9.0,9.0,232.0,-510,390,-110,-110,-110,-110,1.196078,4.9,1.909091,1.909091,1.909091,1.909091,0.732,0.268,119.3,112.5,231.8,1,2025_NBA,,,,,,,,,,,,,,,,,,,,,,,,,away,9.0,-110.0,0.06999041473742373,0.07698944851222136,0.5604711429352628,6.047114293526279,0.01924736212805534,spread,nba,0.4395288570647372,0.5604711429352628,2.2751634708997326,1.7842131795811385,2.3092909229632284,1.8109763772748553,+130,-123,0.5238094988662143,0.5238094988662143,0.5,0.5,-0.16089941473742375,-0.06047114293526279,0.0,-16.089941473742375,-6.047114293526279,0.06999041473742373,0.06047114293526279,0.07698944851222136,6.999041473742373,6.047114293526279,,,,,,,,,,,,,,,,,,,,
Basketball,NBA,2026_01_24,NBA_2026_01_24_Chicago_Bulls_Boston_Celtics,2026_04_17,09:10 PM,Chicago Bulls,Boston Celtics,3.5,-3.5,232.0,-115,-105,-110,-110,-110,-110,1.869565,1.952381,1.909091,1.909091,1.909091,1.909091,0.506,0.494,115.7,115.7,231.4,1,2025_NBA,,,,,,,,,,,,,,,,,,,,,,,,,home,3.5,-110.0,0.13713184334774708,0.15084501259802063,0.595640461008798,9.564046100879796,0.03771125314950516,spread,nba,0.595640461008798,0.404359538991202,1.678865129991949,2.473046641844544,1.704048106941828,2.510142341472212,-142,+151,0.5238094988662143,0.5238094988662143,0.5,0.5,0.13713184334774708,0.09564046100879797,0.15084501259802063,13.71318433477471,9.564046100879796,-0.2280408433477471,-0.09564046100879797,0.0,-22.80408433477471,-9.564046100879796,,,,,,,,,,,,,,,,,,,,
Basketball,NBA,2026_01_24,NBA_2026_01_24_Orlando_Magic_Cleveland_Cavaliers,2026_04_17,08:10 PM,Orlando Magic,Cleveland Cavaliers,1.0,-1.0,228.0,-120,100,-110,-110,-110,-110,1.833333,2.0,1.909091,1.909091,1.909091,1.909091,0.591,0.409,116.7,113.9,230.6,1,2025_NBA,,,,,,,,,,,,,,,,,,,,,,,,,home,1.0,-110.0,0.1524391936692393,0.16768309626785358,0.6036585965096684,10.365859650966836,0.041920774066963394,spread,nba,0.6036585965096684,0.39634140349033165,1.6565654921208162,2.5230773045501262,1.6814139745026282,2.560923464118378,-146,+156,0.5238094988662143,0.5238094988662143,0.5,0.5,0.1524391936692393,0.10365859650966835,0.16768309626785358,15.24391936692393,10.365859650966836,-0.2433481936692392,-0.10365859650966835,0.0,-24.33481936692392,-10.365859650966836,,,,,,,,,,,,,,,,,,,,
Basketball,NBA,2026_01_24,NBA_2026_01_24_Philadelphia_76ers_New_York_Knicks,2026_04_17,04:10 PM,Philadelphia 76ers,New York Knicks,-2.0,2.0,231.0,-107,-113,-110,-110,-110,-110,1.934579,1.884956,1.909091,1.909091,1.909091,1.909091,0.686,0.314,117.1,111.9,229.0,1,2025_NBA,,,,,,,,,,,,,,,,,,,,,,,,,home,-2.0,-110.0,0.12174741289468782,0.1339221407919424,0.5875819502028388,8.758195020283877,0.0334805351979856,spread,nba,0.5875819502028388,0.41241804979716123,1.701890263400349,2.4247241372966775,1.7274186173513542,2.4610949993561273,-137,+146,0.5238094988662143,0.5238094988662143,0.5,0.5,0.12174741289468782,0.08758195020283877,0.1339221407919424,12.174741289468782,8.758195020283877,-0.21265641289468762,-0.08758195020283877,0.0,-21.26564128946876,-8.758195020283877,,,,,,,,,,,,,,,,,,,,
Basketball,NBA,2026_01_24,NBA_2026_01_24_Utah_Jazz_Miami_Heat,2026_04_17,10:40 PM,Utah Jazz,Miami Heat,7.0,-7.0,244.5,215,-260,-110,-110,-110,-110,3.15,1.384615,1.909091,1.909091,1.909091,1.909091,0.454,0.546,121.5,123.8,245.3,1,2025_NBA,,,,,,,,,,,,,,,,,,,,,,,,,home,7.0,-110.0,0.19783759952487334,0.21762133771522688,0.627438712730233,12.743871273023299,0.05,spread,nba,0.627438712730233,0.372561287269767,1.593781160949738,2.684122140891983,1.617687878363984,2.7243839730053625,-161,+172,0.5238094988662143,0.5238094988662143,0.5,0.5,0.19783759952487334,0.127438712730233,0.21762133771522688,19.783759952487333,12.743871273023299,-0.28874659952487325,-0.127438712730233,0.0,-28.874659952487324,-12.743871273023299,,,,,,,,,,,,,,,,,,,,
Basketball,NBA,2026_01_25,NBA_2026_01_25_Detroit_Pistons_Sacramento_Kings,2026_04_17,04:10 PM,Detroit Pistons,Sacramento Kings,-12.5,12.5,227.0,-800,561,-110,-110,-110,-110,1.125,6.61,1.909091,1.909091,1.909091,1.909091,0.856,0.144,118.9,108.4,227.3,1,2025_NBA,,,,,,,,,,,,,,,,,,,,,,,,,away,12.5,-110.0,0.059565536990557,0.06552208413740428,0.5550104929469349,5.501049294693495,0.01638052103435107,spread,nba,0.44498950705306506,0.5550104929469349,2.2472440004765097,1.8017677372013414,2.280952660483657,1.8287942532593613,+128,-120,0.5238094988662143,0.5238094988662143,0.5,0.5,-0.1504745369905569,-0.05501049294693494,0.0,-15.04745369905569,-5.501049294693495,0.059565536990557,0.05501049294693494,0.06552208413740428,5.9565536990557,5.501049294693495,,,,,,,,,,,,,,,,,,,,
Basketball,NBA,2026_01_25,NBA_2026_01_25_Los_Angeles_Clippers_Brooklyn_Nets,2026_04_17,10:10 PM,Los Angeles Clippers,Brooklyn Nets,-10.5,10.5,214.0,-375,299,-110,-110,-110,-110,1.266667,3.99,1.909091,1.909091,1.909091,1.909091,0.815,0.185,112.1,103.0,215.1,1,2025_NBA,,,,,,,,,,,,,,,,,,,,,,,,,away,10.5,-110.0,0.0281789669242809,0.030996860517022936,0.5385699094093895,3.8569909409389536,0.007749215129255734,spread,nba,0.46143009059061046,0.5385699094093895,2.167175527543172,1.8567691631651446,2.1996831604563196,1.8846207006126217,+119,-113,0.5238094988662143,0.5238094988662143,0.5,0.5,-0.11908796692428081,-0.038569909409389536,0.0,-11.90879669242808,-3.8569909409389536,0.0281789669242809,0.038569909409389536,0.030996860517022936,2.81789669242809,3.8569909409389536,,,,,,,,,,,,,,,,,,,,
Basketball,NBA,2026_01_25,NBA_2026_01_25_Minnesota_Timberwolves_Golden_State_Warriors,2026_04_17,06:30 PM,Minnesota Timberwolves,Golden State Warriors,-5.0,5.0,235.0,-235,195,-110,-110,-110,-110,1.425532,2.95,1.909091,1.909091,1.909091,1.909091,0.556,0.444,117.8,116.0,233.8,1,2025_NBA,,,,,,,,,,,,,,,,,,,,,,,,,away,5.0,-110.0,0.12174741289468827,0.13392214079194312,0.5875819502028391,8.75819502028391,0.03348053519798578,spread,nba,0.4124180497971609,0.5875819502028391,2.4247241372966797,1.701890263400348,2.4610949993561295,1.727418617351353,+146,-137,0.5238094988662143,0.5238094988662143,0.5,0.5,-0.21265641289468828,-0.0875819502028391,0.0,-21.265641289468828,-8.75819502028391,0.12174741289468827,0.0875819502028391,0.13392214079194312,12.174741289468827,8.75819502028391,,,,,,,,,,,,,,,,,,,,
Basketball,NBA,2026_01_25,NBA_2026_01_25_Phoenix_Suns_Miami_Heat,2026_04_17,09:10 PM,Phoenix Suns,Miami Heat,-2.0,2.0,229.5,-150,130,-110,-110,-110,-110,1.666667,2.3,1.909091,1.909091,1.909091,1.909091,0.505,0.495,114.4,114.7,229.1,1,2025_NBA,,,,,,,,,,,,,,,,,,,,,,,,,away,2.0,-110.0,0.07519475523737662,0.08271422248969203,0.5631972259244722,6.319722592447219,0.020678555622423007,spread,nba,0.4368027740755278,0.5631972259244722,2.2893627498507816,1.7755769275293012,2.3237031910985433,1.8022105814422404,+132,-124,0.5238094988662143,0.5238094988662143,0.5,0.5,-0.16610375523737653,-0.06319722592447219,0.0,-16.610375523737652,-6.319722592447219,0.07519475523737662,0.06319722592447219,0.08271422248969203,7.519475523737662,6.319722592447219,,,,,,,,,,,,,,,,,,,,
Basketball,NBA,2026_01_26,NBA_2026_01_26_Atlanta_Hawks_Indiana_Pacers,2026_04_17,02:40 PM,Atlanta Hawks,Indiana Pacers,-5.0,5.0,232.5,-190,165,-110,-110,-110,-110,1.526316,2.65,1.909091,1.909091,1.909091,1.909091,0.623,0.377,118.0,114.6,232.6,1,2025_NBA,,,,,,,,,,,,,,,,,,,,,,,,,away,5.0,-110.0,0.03865784392032312,0.04252362405999302,0.5440588447173671,4.40588447173671,0.010630906014998255,spread,nba,0.4559411552826329,0.5440588447173671,2.19326548703442,1.8380364729103698,2.226164469339936,1.8656070200040251,+122,-115,0.5238094988662143,0.5238094988662143,0.5,0.5,-0.12956684392032303,-0.044058844717367096,0.0,-12.956684392032303,-4.40588447173671,0.03865784392032312,0.044058844717367096,0.04252362405999302,3.865784392032312,4.40588447173671,,,,,,,,,,,,,,,,,,,,
Basketball,NBA,2026_01_26,NBA_2026_01_26_Boston_Celtics_Portland_Trail_Blazers,2026_04_17,09:10 PM,Boston Celtics,Portland Trail Blazers,-9.0,9.0,224.5,-360,289,-110,-110,-110,-110,1.277778,3.89,1.909091,1.909091,1.909091,1.909091,0.756,0.244,116.0,108.5,224.5,1,2025_NBA,,,,,,,,,,,,,,,,,,,,,,,,,away,9.0,-110.0,0.03342028526630725,0.03676231011670702,0.5413153617435247,4.131536174352468,0.009190577529176755,spread,nba,0.4586846382564753,0.5413153617435247,2.1801471350798676,1.8473519701696552,2.2128493421060655,1.8750622497221998,+121,-114,0.5238094988662143,0.5238094988662143,0.5,0.5,-0.12432928526630727,-0.04131536174352468,0.0,-12.432928526630727,-4.131536174352468,0.03342028526630725,0.04131536174352468,0.03676231011670702,3.342028526630725,4.131536174352468,,,,,,,,,,,,,,,,,,,,
Basketball,NBA,2026_01_26,NBA_2026_01_26_Chicago_Bulls_Los_Angeles_Lakers,2026_04_17,09:10 PM,Chicago Bulls,Los Angeles Lakers,2.0,-2.0,232.5,-103,-117,-110,-110,-110,-110,1.970874,1.854701,1.909091,1.909091,1.909091,1.909091,0.522,0.478,117.9,117.2,235.1,1,2025_NBA,,,,,,,,,,,,,,,,,,,,,,,,,home,2.0,-110.0,0.09595246942634539,0.10554770581420933,0.574070313791404,7.407031379140405,0.026386926453552333,spread,nba,0.574070313791404,0.42592968620859595,1.7419468939189269,2.3478053593809785,1.7680760973277105,2.383022439771693,-130,+138,0.5238094988662143,0.5238094988662143,0.5,0.5,0.09595246942634539,0.07407031379140405,0.10554770581420933,9.595246942634539,7.407031379140405,-0.1868614694263453,-0.07407031379140405,0.0,-18.68614694263453,-7.407031379140405,,,,,,,,,,,,,,,,,,,,
Basketball,NBA,2026_01_26,NBA_2026_01_26_Houston_Rockets_Memphis_Grizzlies,2026_04_17,09:10 PM,Houston Rockets,Memphis Grizzlies,-12.0,12.0,222.5,-500,383,-110,-110,-115,-105,1.2,4.83,1.909091,1.909091,1.869565,1.952381,0.728,0.272,115.4,108.7,224.1,1,2025_NBA,,,,,,,,,,,,,,,,,,,,,,,,,away,12.0,-110.0,0.22760763076682133,0.2503683688066666,0.6430325378763093,14.303253787630933,0.05,spread,nba,0.3569674621236907,0.6430325378763093,2.8013757726005175,1.5551312586803425,2.843396409189525,1.5784582275605474,+184,-172,0.5238094988662143,0.5238094988662143,0.5,0.5,-0.31851663076682124,-0.14303253787630932,0.0,-31.851663076682122,-14.303253787630933,0.22760763076682133,0.14303253787630932,0.2503683688066666,22.76076307668213,14.303253787630933,,,,,,,,,,,,,,,,,,,,
Basketball,NBA,2026_01_26,NBA_2026_01_26_Minnesota_Timberwolves_Golden_State_Warriors,2026_04_17,10:40 PM,Minnesota Timberwolves,Golden State Warriors,-7.0,7.0,233.5,-300,245,-110,-110,-110,-110,1.333333,3.45,1.909091,1.909091,1.909091,1.909091,0.691,0.309,118.7,113.3,232.0,1,2025_NBA,,,,,,,,,,,,,,,,,,,,,,,,,away,7.0,-110.0,0.03865784392032312,0.04252362405999302,0.5440588447173671,4.40588447173671,0.010630906014998255,spread,nba,0.4559411552826329,0.5440588447173671,2.19326548703442,1.8380364729103698,2.226164469339936,1.8656070200040251,+122,-115,0.5238094988662143,0.5238094988662143,0.5,0.5,-0.12956684392032303,-0.044058844717367096,0.0,-12.956684392032303,-4.40588447173671,0.03865784392032312,0.044058844717367096,0.04252362405999302,3.865784392032312,4.40588447173671,,,,,,,,,,,,,,,,,,,,
Basketball,NBA,2026_01_27,NBA_2026_01_27_New_York_Knicks_Sacramento_Kings,2026_04_17,08:40 PM,New York Knicks,Sacramento Kings,-13.5,13.5,230.0,-700,505,-110,-110,-110,-110,1.142857,6.05,1.909091,1.909091,1.909091,1.909091,0.851,0.149,120.3,109.9,230.2,1,2025_NBA,,,,,,,,,,,,,,,,,,,,,,,,,away,13.5,-110.0,0.11660322105641607,0.12826353033570465,0.584887373653962,8.488737365396204,0.03206588258392616,spread,nba,0.41511262634603796,0.584887373653962,2.408984782762064,1.709730873061438,2.4451195545034947,1.7353768361573594,+144,-135,0.5238094988662143,0.5238094988662143,0.5,0.5,-0.20751222105641598,-0.08488737365396204,0.0,-20.7512221056416,-8.488737365396204,0.11660322105641607,0.08488737365396204,0.12826353033570465,11.660322105641608,8.488737365396204,,,,,,,,,,,,,,,,,,,,
Basketball,NBA,2026_01_27,NBA_2026_01_27_Oklahoma_City_Thunder_New_Orleans_Pelicans,2026_04_17,09:10 PM,Oklahoma City Thunder,New Orleans Pelicans,-14.5,14.5,233.0,-900,613,-110,-110,-110,-110,1.111111,7.13,1.909091,1.909091,1.909091,1.909091,0.845,0.155,122.3,112.2,234.5,1,2025_NBA,,,,,,,,,,,,,,,,,,,,,,,,,away,14.5,-110.0,0.18279808027664202,0.20107786819651938,0.6195608696896282,11.95608696896282,0.05,spread,nba,0.3804391303103718,0.6195608696896282,2.6285413889580047,1.6140464140366941,2.6679695097923743,1.6382571102472443,+166,-156,0.5238094988662143,0.5238094988662143,0.5,0.5,-0.2737070802766419,-0.1195608696896282,0.0,-27.370708027664193,-11.95608696896282,0.18279808027664202,0.1195608696896282,0.20107786819651938,18.279808027664203,11.95608696896282,,,,,,,,,,,,,,,,,,,,
Basketball,NBA,2026_01_27,NBA_2026_01_27_Philadelphia_76ers_Milwaukee_Bucks,2026_04_17,09:10 PM,Philadelphia 76ers,Milwaukee Bucks,-9.0,9.0,220.5,-400,316,-110,-110,-110,-110,1.25,4.16,1.909091,1.909091,1.909091,1.909091,0.752,0.248,113.7,106.4,220.1,1,2025_NBA,,,,,,,,,,,,,,,,,,,,,,,,,away,9.0,-110.0,0.04389139521298513,0.04828052990623077,0.5468002285972671,4.680022859726707,0.012070132476557692,spread,nba,0.45319977140273293,0.5468002285972671,2.206532445735408,1.8288214739144277,2.2396304324214387,1.856253796023144,+123,-116,0.5238094988662143,0.5238094988662143,0.5,0.5,-0.13480039521298515,-0.04680022859726707,0.0,-13.480039521298515,-4.680022859726707,0.04389139521298513,0.04680022859726707,0.04828052990623077,4.389139521298513,4.680022859726707,,,,,,,,,,,,,,,,,,,,
Basketball,NBA,2026_01_27,NBA_2026_01_27_Phoenix_Suns_Brooklyn_Nets,2026_04_17,10:10 PM,Phoenix Suns,Brooklyn Nets,-9.5,9.5,211.0,-380,303,-110,-110,-110,-110,1.263158,4.03,1.909091,1.909091,1.909091,1.909091,0.724,0.276,110.4,103.8,214.2,1,2025_NBA,,,,,,,,,,,,,,,,,,,,,,,,,away,9.5,-110.0,0.10629216956793619,0.11692137483259231,0.5794863469409977,7.948634694099765,0.029230343708148077,spread,nba,0.42051365305900235,0.5794863469409977,2.3780440723518907,1.7256661960697037,2.413714733437169,1.7515511890107491,+141,-133,0.5238094988662143,0.5238094988662143,0.5,0.5,-0.1972011695679361,-0.07948634694099765,0.0,-19.72011695679361,-7.948634694099765,0.10629216956793619,0.07948634694099765,0.11692137483259231,10.62921695679362,7.948634694099765,,,,,,,,,,,,,,,,,,,,
Basketball,NBA,2026_01_27,NBA_2026_01_27_Utah_Jazz_Los_Angeles_Clippers,2026_04_17,11:10 PM,Utah Jazz,Los Angeles Clippers,9.5,-9.5,230.0,274,-340,-110,-110,-110,-110,3.74,1.294118,1.909091,1.909091,1.909091,1.909091,0.308,0.692,112.4,118.5,230.9,1,2025_NBA,,,,,,,,,,,,,,,,,,,,,,,,,home,9.5,-110.0,0.1320119567637532,0.14521313791881474,0.5929586157829843,9.295861578298425,0.036303284479703685,spread,nba,0.5929586157829843,0.40704138421701574,1.6864583351732392,2.456752651634179,1.7117552102008375,2.4936039414086912,-140,+149,0.5238094988662143,0.5238094988662143,0.5,0.5,0.1320119567637532,0.09295861578298426,0.14521313791881474,13.20119567637532,9.295861578298425,-0.22292095676375312,-0.09295861578298426,0.0,-22.29209567637531,-9.295861578298425,,,,,,,,,,,,,,,,,,,,
Basketball,NBA,2026_01_28,NBA_2026_01_28_Boston_Celtics_Atlanta_Hawks,2026_04_17,08:40 PM,Boston Celtics,Atlanta Hawks,-7.5,7.5,231.0,-265,219,-115,-105,-110,-110,1.377358,3.19,1.869565,1.952381,1.909091,1.909091,0.701,0.299,118.5,113.0,231.5,1,2025_NBA,,,,,,,,,,,,,,,,,,,,,,,,,away,7.5,-105.0,0.08359194123022973,0.08777153390316453,0.5550104929469349,6.584476428410197,0.021942883475791132,spread,nba,0.44498950705306506,0.5550104929469349,2.2472440004765097,1.8017677372013414,2.280952660483657,1.8287942532593613,+128,-120,0.5348837831260214,0.5121951094586559,0.510834271337167,0.489165728662833,-0.16806319224633648,-0.06584476428410191,0.0,-16.806319224633647,-6.584476428410191,0.08359194123022973,0.06584476428410196,0.08777153390316453,8.359194123022974,6.584476428410197,,,,,,,,,,,,,,,,,,,,
Basketball,NBA,2026_01_28,NBA_2026_01_28_Utah_Jazz_Golden_State_Warriors,2026_04_17,10:10 PM,Utah Jazz,Golden State Warriors,9.5,-9.5,240.5,316,-400,-110,-110,-110,-110,4.16,1.25,1.909091,1.909091,1.909091,1.909091,0.283,0.717,116.0,122.9,238.9,1,2025_NBA,,,,,,,,,,,,,,,,,,,,,,,,,home,9.5,-110.0,0.09077247057433513,0.09984970764679786,0.571356981188605,7.135698118860501,0.024962426911699465,spread,nba,0.571356981188605,0.428643018811395,1.7502192725810064,2.332943629346743,1.7764725616697212,2.3679377837869438,-128,+136,0.5238094988662143,0.5238094988662143,0.5,0.5,0.09077247057433513,0.071356981188605,0.09984970764679786,9.077247057433514,7.135698118860501,-0.18168147057433504,-0.071356981188605,0.0,-18.168147057433504,-7.135698118860501,,,,,,,,,,,,,,,,,,,,
Basketball,NBA,2026_01_29,NBA_2026_01_29_Atlanta_Hawks_Houston_Rockets,2026_04_17,09:10 PM,Atlanta Hawks,Houston Rockets,4.0,-4.0,225.0,132,-152,-110,-110,-110,-110,2.32,1.657895,1.909091,1.909091,1.909091,1.909091,0.324,0.676,109.0,115.0,224.0,1,2025_NBA,,,,,,,,,,,,,,,,,,,,,,,,,away,-4.0,-110.0,0.059565536990557,0.06552208413740428,0.5550104929469349,5.501049294693495,0.01638052103435107,spread,nba,0.44498950705306506,0.5550104929469349,2.2472440004765097,1.8017677372013414,2.280952660483657,1.8287942532593613,+128,-120,0.5238094988662143,0.5238094988662143,0.5,0.5,-0.1504745369905569,-0.05501049294693494,0.0,-15.04745369905569,-5.501049294693495,0.059565536990557,0.05501049294693494,0.06552208413740428,5.9565536990557,5.501049294693495,,,,,,,,,,,,,,,,,,,,
Basketball,NBA,2026_01_29,NBA_2026_01_29_Chicago_Bulls_Miami_Heat,2026_04_17,09:10 PM,Chicago Bulls,Miami Heat,-1.5,1.5,242.5,-105,-115,-110,-110,-110,-110,1.952381,1.869565,1.909091,1.909091,1.909091,1.909091,0.477,0.523,118.7,120.2,238.9,1,2025_NBA,,,,,,,,,,,,,,,,,,,,,,,,,away,1.5,-110.0,0.11145139478604937,0.12259652200500222,0.5821887981170355,8.21887981170355,0.030649130501250555,spread,nba,0.4178112018829645,0.5821887981170355,2.3934255364462818,1.7176558587768864,2.4293269194929756,1.7434206966585395,+142,-134,0.5238094988662143,0.5238094988662143,0.5,0.5,-0.2023603947860494,-0.0821887981170355,0.0,-20.23603947860494,-8.21887981170355,0.11145139478604937,0.0821887981170355,0.12259652200500222,11.145139478604937,8.21887981170355,,,,,,,,,,,,,,,,,,,,
Basketball,NBA,2026_01_29,NBA_2026_01_29_Denver_Nuggets_Brooklyn_Nets,2026_04_17,10:10 PM,Denver Nuggets,Brooklyn Nets,-5.5,5.5,214.0,-285,234,-110,-110,-110,-110,1.350877,3.34,1.909091,1.909091,1.909091,1.909091,0.786,0.214,110.8,102.6,213.4,1,2025_NBA,,,,,,,,,,,,,,,,,,,,,,,,,home,-5.5,-110.0,0.09595246942634539,0.10554770581420933,0.574070313791404,7.407031379140405,0.026386926453552333,spread,nba,0.574070313791404,0.42592968620859595,1.7419468939189269,2.3478053593809785,1.7680760973277105,2.383022439771693,-130,+138,0.5238094988662143,0.5238094988662143,0.5,0.5,0.09595246942634539,0.07407031379140405,0.10554770581420933,9.595246942634539,7.407031379140405,-0.1868614694263453,-0.07407031379140405,0.0,-18.68614694263453,-7.407031379140405,,,,,,,,,,,,,,,,,,,,
Basketball,NBA,2026_01_29,NBA_2026_01_29_Philadelphia_76ers_Sacramento_Kings,2026_04_17,08:10 PM,Philadelphia 76ers,Sacramento Kings,-12.0,12.0,228.0,-550,415,-110,-110,-110,-110,1.181818,5.15,1.909091,1.909091,1.909091,1.909091,0.828,0.172,119.0,109.4,228.4,1,2025_NBA,,,,,,,,,,,,,,,,,,,,,,,,,away,12.0,-110.0,0.08039337264887747,0.08843270107049497,0.5659203111055876,6.592031110558761,0.022108175267623743,spread,nba,0.4340796888944124,0.5659203111055876,2.3037244671524926,1.767033238383669,2.3382803341597795,1.793538736959424,+133,-126,0.5238094988662143,0.5238094988662143,0.5,0.5,-0.17130237264887727,-0.0659203111055876,0.0,-17.130237264887725,-6.592031110558761,0.08039337264887747,0.0659203111055876,0.08843270107049497,8.039337264887747,6.592031110558761,,,,,,,,,,,,,,,,,,,,
Basketball,NBA,2026_01_30,NBA_2026_01_30_Boston_Celtics_Sacramento_Kings,2026_04_17,08:40 PM,Boston Celtics,Sacramento Kings,-14.0,14.0,226.0,-550,415,-110,-110,-110,-110,1.181818,5.15,1.909091,1.909091,1.909091,1.909091,0.867,0.133,116.7,105.8,222.5,1,2025_NBA,,,,,,,,,,,,,,,,,,,,,,,,,away,14.0,-110.0,0.11660322105641518,0.12826353033570378,0.5848873736539616,8.48873736539616,0.032065882583925946,spread,nba,0.4151126263460384,0.5848873736539616,2.408984782762061,1.7097308730614393,2.445119554503492,1.7353768361573607,+144,-135,0.5238094988662143,0.5238094988662143,0.5,0.5,-0.2075122210564152,-0.0848873736539616,0.0,-20.75122210564152,-8.48873736539616,0.11660322105641518,0.0848873736539616,0.12826353033570378,11.66032210564152,8.48873736539616,,,,,,,,,,,,,,,,,,,,
Basketball,NBA,2026_01_30,NBA_2026_01_30_Denver_Nuggets_Los_Angeles_Clippers,2026_04_17,10:10 PM,Denver Nuggets,Los Angeles Clippers,5.5,-5.5,210.5,174,-200,-110,-110,-110,-110,2.74,1.5,1.909091,1.909091,1.909091,1.909091,0.38,0.62,104.3,108.6,212.9,1,2025_NBA,,,,,,,,,,,,,,,,,,,,,,,,,home,5.5,-110.0,0.017686044522422728,0.019454647029200297,0.5330736169844301,3.307361698443012,0.004863661757300074,spread,nba,0.5330736169844301,0.4669263830155699,1.8759135101394593,2.1416652311262836,1.904052212791551,2.173790209593178,-110,+117,0.5238094988662143,0.5238094988662143,0.5,0.5,0.017686044522422728,0.03307361698443012,0.019454647029200297,1.7686044522422728,3.307361698443012,-0.10859504452242263,-0.03307361698443012,0.0,-10.859504452242263,-3.307361698443012,,,,,,,,,,,,,,,,,,,,
Basketball,NBA,2026_01_30,NBA_2026_01_30_Golden_State_Warriors_Detroit_Pistons,2026_04_17,11:10 PM,Golden State Warriors,Detroit Pistons,-2.0,2.0,225.0,-120,100,-113,-107,-110,-110,1.833333,2.0,1.884956,1.934579,1.909091,1.909091,0.525,0.475,113.0,112.2,225.2,1,2025_NBA,,,,,,,,,,,,,,,,,,,,,,,,,away,2.0,-107.0,0.0312730248721218,0.03346215234038199,0.5330736169844301,3.956956478959478,0.008365538085095497,spread,nba,0.4669263830155699,0.5330736169844301,2.1416652311262836,1.8759135101394593,2.173790209593178,1.904052212791551,+117,-110,0.5305163621856425,0.516908329926046,0.5064959478051648,0.49350405219483534,-0.11986431277650345,-0.039569564789594946,0.0,-11.986431277650345,-3.9569564789594946,0.0312730248721218,0.03956956478959478,0.03346215234038199,3.12730248721218,3.956956478959478,,,,,,,,,,,,,,,,,,,,
Basketball,NBA,2026_01_30,NBA_2026_01_30_Utah_Jazz_Brooklyn_Nets,2026_04_17,10:40 PM,Utah Jazz,Brooklyn Nets,-2.0,2.0,225.5,-143,123,-110,-110,-110,-110,1.699301,2.23,1.909091,1.909091,1.909091,1.909091,0.609,0.391,114.4,111.2,225.6,1,2025_NBA,,,,,,,,,,,,,,,,,,,,,,,,,home,-2.0,-110.0,0.017686044522422728,0.019454647029200297,0.5330736169844301,3.307361698443012,0.004863661757300074,spread,nba,0.5330736169844301,0.4669263830155699,1.8759135101394593,2.1416652311262836,1.904052212791551,2.173790209593178,-110,+117,0.5238094988662143,0.5238094988662143,0.5,0.5,0.017686044522422728,0.03307361698443012,0.019454647029200297,1.7686044522422728,3.307361698443012,-0.10859504452242263,-0.03307361698443012,0.0,-10.859504452242263,-3.307361698443012,,,,,,,,,,,,,,,,,,,,
Basketball,NBA,2026_01_31,NBA_2026_01_31_Houston_Rockets_Dallas_Mavericks,2026_04_17,09:40 PM,Houston Rockets,Dallas Mavericks,-12.5,12.5,223.0,-550,415,-110,-110,-110,-110,1.181818,5.15,1.909091,1.909091,1.909091,1.909091,0.805,0.195,115.4,106.7,222.1,1,2025_NBA,,,,,,,,,,,,,,,,,,,,,,,,,away,12.5,-110.0,0.1524391936692393,0.16768309626785358,0.6036585965096684,10.365859650966836,0.041920774066963394,spread,nba,0.39634140349033165,0.6036585965096684,2.5230773045501262,1.6565654921208162,2.560923464118378,1.6814139745026282,+156,-146,0.5238094988662143,0.5238094988662143,0.5,0.5,-0.2433481936692392,-0.10365859650966835,0.0,-24.33481936692392,-10.365859650966836,0.1524391936692393,0.10365859650966835,0.16768309626785358,15.24391936692393,10.365859650966836,,,,,,,,,,,,,,,,,,,,
Basketball,NBA,2026_01_31,NBA_2026_01_31_Memphis_Grizzlies_Minnesota_Timberwolves,2026_04_17,09:10 PM,Memphis Grizzlies,Minnesota Timberwolves,7.0,-7.0,230.0,226,-275,-110,-110,-110,-110,3.26,1.363636,1.909091,1.909091,1.909091,1.909091,0.222,0.778,111.0,119.9,230.9,1,2025_NBA,,,,,,,,,,,,,,,,,,,,,,,,,away,-7.0,-110.0,0.05434548791963967,0.05978003073360055,0.5522761816590407,5.227618165904069,0.014945007683400138,spread,nba,0.4477238183409593,0.5522761816590407,2.23351977052617,1.8106882628832452,2.2670225670840622,1.8378485868264938,+126,-119,0.5238094988662143,0.5238094988662143,0.5,0.5,-0.14525448791963957,-0.05227618165904069,0.0,-14.525448791963957,-5.227618165904069,0.05434548791963967,0.05227618165904069,0.05978003073360055,5.434548791963967,5.227618165904069,,,,,,,,,,,,,,,,,,,,
Basketball,NBA,2026_01_31,NBA_2026_01_31_Philadelphia_76ers_New_Orleans_Pelicans,2026_04_17,08:40 PM,Philadelphia 76ers,New Orleans Pelicans,-10.0,10.0,232.0,-415,327,-110,-110,-110,-110,1.240964,4.27,1.909091,1.909091,1.909091,1.909091,0.763,0.237,120.8,113.1,233.9,1,2025_NBA,,,,,,,,,,,,,,,,,,,,,,,,,away,10.0,-110.0,0.07519475523737662,0.08271422248969203,0.5631972259244722,6.319722592447219,0.020678555622423007,spread,nba,0.4368027740755278,0.5631972259244722,2.2893627498507816,1.7755769275293012,2.3237031910985433,1.8022105814422404,+132,-124,0.5238094988662143,0.5238094988662143,0.5,0.5,-0.16610375523737653,-0.06319722592447219,0.0,-16.610375523737652,-6.319722592447219,0.07519475523737662,0.06319722592447219,0.08271422248969203,7.519475523737662,6.319722592447219,,,,,,,,,,,,,,,,,,,,
Basketball,NBA,2026_02_01,NBA_2026_02_01_Boston_Celtics_Milwaukee_Bucks,2026_04_17,04:40 PM,Boston Celtics,Milwaukee Bucks,-13.0,13.0,217.0,-750,534,-110,-110,-110,-110,1.133333,6.34,1.909091,1.909091,1.909091,1.909091,0.85,0.15,114.2,103.9,218.1,1,2025_NBA,,,,,,,,,,,,,,,,,,,,,,,,,away,13.0,-110.0,0.09595246942634539,0.10554770581420933,0.574070313791404,7.407031379140405,0.026386926453552333,spread,nba,0.42592968620859595,0.574070313791404,2.3478053593809785,1.7419468939189269,2.383022439771693,1.7680760973277105,+138,-130,0.5238094988662143,0.5238094988662143,0.5,0.5,-0.1868614694263453,-0.07407031379140405,0.0,-18.68614694263453,-7.407031379140405,0.09595246942634539,0.07407031379140405,0.10554770581420933,9.595246942634539,7.407031379140405,,,,,,,,,,,,,,,,,,,,
Basketball,NBA,2026_02_01,NBA_2026_02_01_Denver_Nuggets_Oklahoma_City_Thunder,2026_04_17,10:40 PM,Denver Nuggets,Oklahoma City Thunder,4.0,-4.0,229.0,165,-190,-110,-110,-110,-110,2.65,1.526316,1.909091,1.909091,1.909091,1.909091,0.346,0.654,111.0,116.3,227.3,1,2025_NBA,,,,,,,,,,,,,,,,,,,,,,,,,away,-4.0,-110.0,0.022934137105209196,0.025227548292975282,0.535822617730223,3.5822617730222994,0.0063068870732438205,spread,nba,0.464177382269777,0.535822617730223,2.15434882912672,1.8662892660934332,2.1866640615636204,1.8942836050848344,+118,-111,0.5238094988662143,0.5238094988662143,0.5,0.5,-0.1138431371052091,-0.035822617730222994,0.0,-11.38431371052091,-3.5822617730222994,0.022934137105209196,0.035822617730222994,0.025227548292975282,2.2934137105209196,3.5822617730222994,,,,,,,,,,,,,,,,,,,,
Basketball,NBA,2026_02_01,NBA_2026_02_01_Detroit_Pistons_Brooklyn_Nets,2026_04_17,07:10 PM,Detroit Pistons,Brooklyn Nets,-13.5,13.5,213.5,-850,586,-110,-110,-110,-110,1.117647,6.86,1.909091,1.909091,1.909091,1.909091,0.86,0.14,113.1,102.4,215.5,1,2025_NBA,,,,,,,,,,,,,,,,,,,,,,,,,away,13.5,-110.0,0.10112578193302002,0.11123834900248711,0.5767801440230036,7.678014402300359,0.027809587250621777,spread,nba,0.4232198559769964,0.5767801440230036,2.362838099104579,1.73376287370967,2.3982806705911477,1.7597693168153148,+139,-131,0.5238094988662143,0.5238094988662143,0.5,0.5,-0.19203478193301993,-0.0767801440230036,0.0,-19.203478193301994,-7.678014402300359,0.10112578193302002,0.0767801440230036,0.11123834900248711,10.112578193302003,7.678014402300359,,,,,,,,,,,,,,,,,,,,
Basketball,NBA,2026_02_01,NBA_2026_02_01_Portland_Trail_Blazers_Cleveland_Cavaliers,2026_04_17,10:10 PM,Portland Trail Blazers,Cleveland Cavaliers,1.5,-1.5,229.0,130,-150,-105,-115,-115,-105,2.3,1.666667,1.952381,1.869565,1.869565,1.952381,0.403,0.597,114.2,117.8,232.0,1,2025_NBA,,,,,,,,,,,,,,,,,,,,,,,,,away,-1.5,-115.0,0.042735276305714276,0.04914558003796643,0.5577421893893576,4.690791805219064,0.012286395009491607,spread,nba,0.4422578106106424,0.5577421893893576,2.2611245658256696,1.792943081990708,2.2950414343130543,1.8198372282205684,+129,-121,0.5121951094586559,0.5348837831260214,0.489165728662833,0.510834271337167,-0.13654425346218346,-0.04690791805219058,0.0,-13.654425346218346,-4.690791805219058,0.042735276305714276,0.046907918052190634,0.04914558003796643,4.273527630571428,4.690791805219064,,,,,,,,,,,,,,,,,,,,
Basketball,NBA,2026_02_01,NBA_2026_02_01_San_Antonio_Spurs_Orlando_Magic,2026_04_17,10:10 PM,San Antonio Spurs,Orlando Magic,-6.5,6.5,225.5,-200,174,-105,-115,-110,-110,1.5,2.74,1.952381,1.869565,1.909091,1.909091,0.636,0.364,115.8,111.8,227.6,1,2025_NBA,,,,,,,,,,,,,,,,,,,,,,,,,away,6.5,-115.0,0.06310994947443715,0.07257646003971788,0.5686402716538004,5.780600031663341,0.01814411500992947,spread,nba,0.4313597283461996,0.5686402716538004,2.3182507181046406,1.758581039453393,2.35302447887621,1.7849597550451937,+135,-127,0.5121951094586559,0.5348837831260214,0.489165728662833,0.510834271337167,-0.15782146221171844,-0.057806000316633355,0.0,-15.782146221171844,-5.780600031663336,0.06310994947443715,0.05780600031663341,0.07257646003971788,6.3109949474437155,5.780600031663341,,,,,,,,,,,,,,,,,,,,
Basketball,NBA,2026_02_01,NBA_2026_02_01_Toronto_Raptors_Utah_Jazz,2026_04_17,07:10 PM,Toronto Raptors,Utah Jazz,-11.5,11.5,233.5,-550,415,-110,-110,-110,-110,1.181818,5.15,1.909091,1.909091,1.909091,1.909091,0.778,0.222,121.7,113.8,235.5,1,2025_NBA,,,,,,,,,,,,,,,,,,,,,,,,,away,11.5,-110.0,0.14224316466924125,0.1564674654894188,0.598317819668754,9.831781966875397,0.0391168663723547,spread,nba,0.40168218033124603,0.598317819668754,2.489530402307996,1.6713525272465208,2.5268733583426157,1.6964228151552185,+152,-143,0.5238094988662143,0.5238094988662143,0.5,0.5,-0.23315216466924116,-0.09831781966875397,0.0,-23.315216466924117,-9.831781966875397,0.14224316466924125,0.09831781966875397,0.1564674654894188,14.224316466924126,9.831781966875397,,,,,,,,,,,,,,,,,,,,
Basketball,NBA,2026_02_01,NBA_2026_02_01_Washington_Wizards_Sacramento_Kings,2026_04_17,07:10 PM,Washington Wizards,Sacramento Kings,3.0,-3.0,229.0,115,-135,-110,-110,-110,-110,2.15,1.740741,1.909091,1.909091,1.909091,1.909091,0.583,0.417,116.0,113.3,229.3,1,2025_NBA,,,,,,,,,,,,,,,,,,,,,,,,,home,3.0,-110.0,0.24720735325858034,0.2719280613916322,0.6532990586926345,15.329905869263449,0.05,spread,nba,0.6532990586926345,0.3467009413073655,1.530692546842444,2.884330213321966,1.5536529350450805,2.927595166521795,-180,+192,0.5238094988662143,0.5238094988662143,0.5,0.5,0.24720735325858034,0.1532990586926345,0.2719280613916322,24.720735325858033,15.329905869263449,-0.33811635325858025,-0.1532990586926345,0.0,-33.81163532585803,-15.329905869263449,,,,,,,,,,,,,,,,,,,,
Basketball,NBA,2026_02_02,NBA_2026_02_02_Charlotte_Hornets_New_Orleans_Pelicans,2026_04_17,04:10 PM,Charlotte Hornets,New Orleans Pelicans,-7.0,7.0,233.5,-290,237,-115,-105,-110,-110,1.344828,3.37,1.869565,1.952381,1.909091,1.909091,0.697,0.303,118.9,113.4,232.3,1,2025_NBA,,,,,,,,,,,,,,,,,,,,,,,,,away,7.0,-105.0,0.05685382727618449,0.059696515655167814,0.5413153617435247,5.21496330806917,0.014924128913791954,spread,nba,0.4586846382564753,0.5413153617435247,2.1801471350798676,1.8473519701696552,2.2128493421060655,1.8750622497221998,+121,-114,0.5348837831260214,0.5121951094586559,0.510834271337167,0.489165728662833,-0.14245925427803274,-0.05214963308069165,0.0,-14.245925427803275,-5.214963308069165,0.05685382727618449,0.052149633080691704,0.059696515655167814,5.685382727618449,5.21496330806917,,,,,,,,,,,,,,,,,,,,
Basketball,NBA,2026_02_02,NBA_2026_02_02_Indiana_Pacers_Houston_Rockets,2026_04_17,08:10 PM,Indiana Pacers,Houston Rockets,7.5,-7.5,223.0,180,-210,-110,-110,-110,-110,2.8,1.47619,1.909091,1.909091,1.909091,1.909091,0.383,0.617,107.5,111.7,219.2,1,2025_NBA,,,,,,,,,,,,,,,,,,,,,,,,,home,7.5,-110.0,0.12688373589535984,0.13957209552768612,0.5902724049798358,9.02724049798358,0.03489302388192153,spread,nba,0.5902724049798358,0.4097275950201642,1.6941330673151844,2.440645961253321,1.719545063324912,2.4772556506721206,-138,+147,0.5238094988662143,0.5238094988662143,0.5,0.5,0.12688373589535984,0.0902724049798358,0.13957209552768612,12.688373589535985,9.02724049798358,-0.21779273589535963,-0.0902724049798358,0.0,-21.779273589535965,-9.02724049798358,,,,,,,,,,,,,,,,,,,,
Basketball,NBA,2026_02_02,NBA_2026_02_02_Memphis_Grizzlies_Minnesota_Timberwolves,2026_04_17,08:40 PM,Memphis Grizzlies,Minnesota Timberwolves,8.0,-8.0,228.5,245,-300,-110,-110,-110,-110,3.45,1.333333,1.909091,1.909091,1.909091,1.909091,0.296,0.704,112.0,118.4,230.4,1,2025_NBA,,,,,,,,,,,,,,,,,,,,,,,,,home,8.0,-110.0,0.03865784392032312,0.04252362405999302,0.5440588447173671,4.40588447173671,0.010630906014998255,spread,nba,0.5440588447173671,0.4559411552826329,1.8380364729103698,2.19326548703442,1.8656070200040251,2.226164469339936,-115,+122,0.5238094988662143,0.5238094988662143,0.5,0.5,0.03865784392032312,0.044058844717367096,0.04252362405999302,3.865784392032312,4.40588447173671,-0.12956684392032303,-0.044058844717367096,0.0,-12.956684392032303,-4.40588447173671,,,,,,,,,,,,,,,,,,,,
Basketball,NBA,2026_02_03,NBA_2026_02_03_Detroit_Pistons_Denver_Nuggets,2026_04_17,08:10 PM,Detroit Pistons,Denver Nuggets,-6.5,6.5,225.5,-180,157,-110,-110,-110,-110,1.555556,2.57,1.909091,1.909091,1.909091,1.909091,0.629,0.371,115.6,111.8,227.4,1,2025_NBA,,,,,,,,,,,,,,,,,,,,,,,,,away,6.5,-110.0,0.09595246942634539,0.10554770581420933,0.574070313791404,7.407031379140405,0.026386926453552333,spread,nba,0.42592968620859595,0.574070313791404,2.3478053593809785,1.7419468939189269,2.383022439771693,1.7680760973277105,+138,-130,0.5238094988662143,0.5238094988662143,0.5,0.5,-0.1868614694263453,-0.07407031379140405,0.0,-18.68614694263453,-7.407031379140405,0.09595246942634539,0.07407031379140405,0.10554770581420933,9.595246942634539,7.407031379140405,,,,,,,,,,,,,,,,,,,,
Basketball,NBA,2026_02_03,NBA_2026_02_03_Indiana_Pacers_Utah_Jazz,2026_04_17,08:10 PM,Indiana Pacers,Utah Jazz,-4.5,4.5,234.5,-190,165,-110,-110,-110,-110,1.526316,2.65,1.909091,1.909091,1.909091,1.909091,0.491,0.509,117.7,118.4,236.1,1,2025_NBA,,,,,,,,,,,,,,,,,,,,,,,,,away,4.5,-110.0,0.2226759744858926,0.24494354744012697,0.6404492894712156,14.04492894712156,0.05,spread,nba,0.3595507105287844,0.6404492894712156,2.7812488495136583,1.5614038713754308,2.822967582256363,1.5848249294460621,+182,-170,0.5238094988662143,0.5238094988662143,0.5,0.5,-0.3135849744858924,-0.1404492894712156,0.0,-31.35849744858924,-14.04492894712156,0.2226759744858926,0.1404492894712156,0.24494354744012697,22.26759744858926,14.04492894712156,,,,,,,,,,,,,,,,,,,,
Basketball,NBA,2026_02_03,NBA_2026_02_03_Miami_Heat_Atlanta_Hawks,2026_04_17,08:40 PM,Miami Heat,Atlanta Hawks,-4.5,4.5,240.0,-180,157,-110,-110,-110,-110,1.555556,2.57,1.909091,1.909091,1.909091,1.909091,0.584,0.416,120.5,118.0,238.5,1,2025_NBA,,,,,,,,,,,,,,,,,,,,,,,,,away,4.5,-110.0,0.059565536990557,0.06552208413740428,0.5550104929469349,5.501049294693495,0.01638052103435107,spread,nba,0.44498950705306506,0.5550104929469349,2.2472440004765097,1.8017677372013414,2.280952660483657,1.8287942532593613,+128,-120,0.5238094988662143,0.5238094988662143,0.5,0.5,-0.1504745369905569,-0.05501049294693494,0.0,-15.04745369905569,-5.501049294693495,0.059565536990557,0.05501049294693494,0.06552208413740428,5.9565536990557,5.501049294693495,,,,,,,,,,,,,,,,,,,,
Basketball,NBA,2026_02_03,NBA_2026_02_03_Washington_Wizards_New_York_Knicks,2026_04_17,08:10 PM,Washington Wizards,New York Knicks,14.5,-14.5,227.0,505,-700,-110,-110,-110,-110,6.05,1.142857,1.909091,1.909091,1.909091,1.909091,0.168,0.832,103.9,114.3,218.2,1,2025_NBA,,,,,,,,,,,,,,,,,,,,,,,,,home,14.5,-110.0,0.16766329419220005,0.18442960516845963,0.6116331249752893,11.163312497528931,0.04610740129211491,spread,nba,0.6116331249752893,0.3883668750247107,1.6349670401523808,2.5748848944348635,1.6594915457546664,2.613508167851386,-151,+161,0.5238094988662143,0.5238094988662143,0.5,0.5,0.16766329419220005,0.11163312497528932,0.18442960516845963,16.766329419220007,11.163312497528931,-0.25857229419220007,-0.11163312497528932,0.0,-25.85722941922001,-11.163312497528931,,,,,,,,,,,,,,,,,,,,
Basketball,NBA,2026_02_04,NBA_2026_02_04_Houston_Rockets_Boston_Celtics,2026_04_17,09:10 PM,Houston Rockets,Boston Celtics,-6.0,6.0,217.0,-220,186,-110,-110,-110,-110,1.454545,2.86,1.909091,1.909091,1.909091,1.909091,0.752,0.248,110.9,103.5,214.4,1,2025_NBA,,,,,,,,,,,,,,,,,,,,,,,,,home,-6.0,-110.0,0.0281789669242809,0.030996860517022936,0.5385699094093895,3.8569909409389536,0.007749215129255734,spread,nba,0.5385699094093895,0.46143009059061046,1.8567691631651446,2.167175527543172,1.8846207006126217,2.1996831604563196,-113,+119,0.5238094988662143,0.5238094988662143,0.5,0.5,0.0281789669242809,0.038569909409389536,0.030996860517022936,2.81789669242809,3.8569909409389536,-0.11908796692428081,-0.038569909409389536,0.0,-11.90879669242808,-3.8569909409389536,,,,,,,,,,,,,,,,,,,,
Basketball,NBA,2026_02_04,NBA_2026_02_04_New_York_Knicks_Denver_Nuggets,2026_04_17,08:10 PM,New York Knicks,Denver Nuggets,-6.5,6.5,223.5,-205,177,-110,-110,-115,-105,1.487805,2.77,1.909091,1.909091,1.869565,1.952381,0.602,0.398,115.3,112.4,227.7,1,2025_NBA,,,,,,,,,,,,,,,,,,,,,,,,,away,6.5,-110.0,0.14224316466924192,0.15646746548941953,0.5983178196687543,9.83178196687543,0.03911686637235488,spread,nba,0.4016821803312457,0.5983178196687543,2.4895304023079983,1.6713525272465197,2.526873358342618,1.6964228151552174,+152,-143,0.5238094988662143,0.5238094988662143,0.5,0.5,-0.23315216466924182,-0.0983178196687543,0.0,-23.315216466924184,-9.83178196687543,0.14224316466924192,0.0983178196687543,0.15646746548941953,14.224316466924192,9.83178196687543,,,,,,,,,,,,,,,,,,,,
Basketball,NBA,2026_02_04,NBA_2026_02_04_Sacramento_Kings_Memphis_Grizzlies,2026_04_17,11:10 PM,Sacramento Kings,Memphis Grizzlies,-2.5,2.5,229.0,-132,112,-110,-110,-110,-110,1.757576,2.12,1.909091,1.909091,1.909091,1.909091,0.483,0.517,113.7,114.8,228.5,1,2025_NBA,,,,,,,,,,,,,,,,,,,,,,,,,away,2.5,-110.0,0.14224316466924125,0.1564674654894188,0.598317819668754,9.831781966875397,0.0391168663723547,spread,nba,0.40168218033124603,0.598317819668754,2.489530402307996,1.6713525272465208,2.5268733583426157,1.6964228151552185,+152,-143,0.5238094988662143,0.5238094988662143,0.5,0.5,-0.23315216466924116,-0.09831781966875397,0.0,-23.315216466924117,-9.831781966875397,0.14224316466924125,0.09831781966875397,0.1564674654894188,14.224316466924126,9.831781966875397,,,,,,,,,,,,,,,,,,,,
Basketball,NBA,2026_02_05,NBA_2026_02_05_Atlanta_Hawks_Utah_Jazz,2026_04_17,08:40 PM,Atlanta Hawks,Utah Jazz,-11.0,11.0,240.0,-425,334,-110,-110,-110,-110,1.235294,4.34,1.909091,1.909091,1.909091,1.909091,0.781,0.219,125.0,116.8,241.8,1,2025_NBA,,,,,,,,,,,,,,,,,,,,,,,,,away,11.0,-110.0,0.10112578193301935,0.11123834900248637,0.5767801440230033,7.678014402300326,0.027809587250621593,spread,nba,0.42321985597699674,0.5767801440230033,2.3628380991045774,1.7337628737096709,2.398280670591146,1.7597693168153157,+139,-131,0.5238094988662143,0.5238094988662143,0.5,0.5,-0.19203478193301926,-0.07678014402300326,0.0,-19.203478193301926,-7.678014402300326,0.10112578193301935,0.07678014402300326,0.11123834900248637,10.112578193301935,7.678014402300326,,,,,,,,,,,,,,,,,,,,
Basketball,NBA,2026_02_05,NBA_2026_02_05_Dallas_Mavericks_San_Antonio_Spurs,2026_04_17,09:40 PM,Dallas Mavericks,San Antonio Spurs,6.0,-6.0,222.5,200,-240,-110,-110,-110,-110,3.0,1.416667,1.909091,1.909091,1.909091,1.909091,0.446,0.554,111.8,114.2,226.0,1,2025_NBA,,,,,,,,,,,,,,,,,,,,,,,,,home,6.0,-110.0,0.14224316466924125,0.1564674654894188,0.598317819668754,9.831781966875397,0.0391168663723547,spread,nba,0.598317819668754,0.40168218033124603,1.6713525272465208,2.489530402307996,1.6964228151552185,2.5268733583426157,-143,+152,0.5238094988662143,0.5238094988662143,0.5,0.5,0.14224316466924125,0.09831781966875397,0.1564674654894188,14.224316466924126,9.831781966875397,-0.23315216466924116,-0.09831781966875397,0.0,-23.315216466924117,-9.831781966875397,,,,,,,,,,,,,,,,,,,,
Basketball,NBA,2026_02_05,NBA_2026_02_05_Detroit_Pistons_Washington_Wizards,2026_04_17,08:10 PM,Detroit Pistons,Washington Wizards,-17.0,17.0,229.5,-850,586,-110,-110,-115,-105,1.117647,6.86,1.909091,1.909091,1.869565,1.952381,0.848,0.152,118.4,108.2,226.6,1,2025_NBA,,,,,,,,,,,,,,,,,,,,,,,,,away,17.0,-110.0,0.29997343830729184,0.3299707491409461,0.6809384352591321,18.09384352591321,0.05,spread,nba,0.3190615647408679,0.6809384352591321,3.134191361507832,1.468561544215739,3.181204231930449,1.4905899673789749,+218,-203,0.5238094988662143,0.5238094988662143,0.5,0.5,-0.39088243830729175,-0.1809384352591321,0.0,-39.088243830729176,-18.09384352591321,0.29997343830729184,0.1809384352591321,0.3299707491409461,29.997343830729186,18.09384352591321,,,,,,,,,,,,,,,,,,,,
Basketball,NBA,2026_02_05,NBA_2026_02_05_Orlando_Magic_Brooklyn_Nets,2026_04_17,08:10 PM,Orlando Magic,Brooklyn Nets,-11.5,11.5,213.0,-500,383,-110,-110,-110,-110,1.2,4.83,1.909091,1.909091,1.909091,1.909091,0.802,0.198,111.7,103.0,214.7,1,2025_NBA,,,,,,,,,,,,,,,,,,,,,,,,,away,11.5,-110.0,0.10112578193301935,0.11123834900248637,0.5767801440230033,7.678014402300326,0.027809587250621593,spread,nba,0.42321985597699674,0.5767801440230033,2.3628380991045774,1.7337628737096709,2.398280670591146,1.7597693168153157,+139,-131,0.5238094988662143,0.5238094988662143,0.5,0.5,-0.19203478193301926,-0.07678014402300326,0.0,-19.203478193301926,-7.678014402300326,0.10112578193301935,0.07678014402300326,0.11123834900248637,10.112578193301935,7.678014402300326,,,,,,,,,,,,,,,,,,,,
Basketball,NBA,2026_02_05,NBA_2026_02_05_Phoenix_Suns_Golden_State_Warriors,2026_04_17,11:10 PM,Phoenix Suns,Golden State Warriors,-7.0,7.0,220.0,-255,211,-110,-110,-110,-110,1.392157,3.11,1.909091,1.909091,1.909091,1.909091,0.696,0.304,111.1,105.7,216.8,1,2025_NBA,,,,,,,,,,,,,,,,,,,,,,,,,away,7.0,-110.0,0.03865784392032401,0.042523624059993936,0.5440588447173675,4.405884471736754,0.010630906014998484,spread,nba,0.45594115528263246,0.5440588447173675,2.1932654870344224,1.8380364729103682,2.2261644693399383,1.8656070200040236,+122,-115,0.5238094988662143,0.5238094988662143,0.5,0.5,-0.12956684392032392,-0.04405884471736754,0.0,-12.956684392032392,-4.405884471736754,0.03865784392032401,0.04405884471736754,0.042523624059993936,3.865784392032401,4.405884471736754,,,,,,,,,,,,,,,,,,,,
Basketball,NBA,2026_02_05,NBA_2026_02_05_Toronto_Raptors_Chicago_Bulls,2026_04_17,08:40 PM,Toronto Raptors,Chicago Bulls,-8.5,8.5,228.0,-375,299,-110,-110,-110,-110,1.266667,3.99,1.909091,1.909091,1.909091,1.909091,0.739,0.261,117.7,110.7,228.4,1,2025_NBA,,,,,,,,,,,,,,,,,,,,,,,,,away,8.5,-110.0,0.03342028526630725,0.03676231011670702,0.5413153617435247,4.131536174352468,0.009190577529176755,spread,nba,0.4586846382564753,0.5413153617435247,2.1801471350798676,1.8473519701696552,2.2128493421060655,1.8750622497221998,+121,-114,0.5238094988662143,0.5238094988662143,0.5,0.5,-0.12432928526630727,-0.04131536174352468,0.0,-12.432928526630727,-4.131536174352468,0.03342028526630725,0.04131536174352468,0.03676231011670702,3.342028526630725,4.131536174352468,,,,,,,,,,,,,,,,,,,,
Basketball,NBA,2026_02_06,NBA_2026_02_06_Boston_Celtics_Miami_Heat,2026_04_17,08:40 PM,Boston Celtics,Miami Heat,-7.5,7.5,229.5,-250,207,-110,-110,-110,-110,1.4,3.07,1.909091,1.909091,1.909091,1.909091,0.705,0.295,117.7,112.1,229.8,1,2025_NBA,,,,,,,,,,,,,,,,,,,,,,,,,away,7.5,-110.0,0.054345487919639,0.05978003073359994,0.5522761816590404,5.227618165904035,0.014945007683399986,spread,nba,0.44772381834095965,0.5522761816590404,2.233519770526168,1.8106882628832464,2.2670225670840605,1.8378485868264949,+126,-119,0.5238094988662143,0.5238094988662143,0.5,0.5,-0.14525448791963902,-0.052276181659040355,0.0,-14.525448791963901,-5.227618165904035,0.054345487919639,0.052276181659040355,0.05978003073359994,5.4345487919639,5.227618165904035,,,,,,,,,,,,,,,,,,,,
Basketball,NBA,2026_02_06,NBA_2026_02_06_Detroit_Pistons_New_York_Knicks,2026_04_17,08:40 PM,Detroit Pistons,New York Knicks,-2.0,2.0,224.0,105,-125,-110,-110,-110,-110,2.05,1.8,1.909091,1.909091,1.909091,1.909091,0.515,0.485,111.4,111.1,222.5,1,2025_NBA,,,,,,,,,,,,,,,,,,,,,,,,,away,2.0,-110.0,0.04389139521298446,0.04828052990622985,0.5468002285972666,4.680022859726662,0.012070132476557463,spread,nba,0.4531997714027334,0.5468002285972666,2.2065324457354056,1.8288214739144293,2.2396304324214364,1.8562537960231456,+123,-116,0.5238094988662143,0.5238094988662143,0.5,0.5,-0.13480039521298426,-0.046800228597266624,0.0,-13.480039521298426,-4.680022859726662,0.04389139521298446,0.046800228597266624,0.04828052990622985,4.389139521298446,4.680022859726662,,,,,,,,,,,,,,,,,,,,
Basketball,NBA,2026_02_06,NBA_2026_02_06_Milwaukee_Bucks_Indiana_Pacers,2026_04_17,09:10 PM,Milwaukee Bucks,Indiana Pacers,-1.5,1.5,224.5,105,-125,-110,-110,-110,-110,2.05,1.8,1.909091,1.909091,1.909091,1.909091,0.517,0.483,111.6,111.3,222.9,1,2025_NBA,,,,,,,,,,,,,,,,,,,,,,,,,away,1.5,-110.0,0.017686044522422728,0.019454647029200297,0.5330736169844301,3.307361698443012,0.004863661757300074,spread,nba,0.4669263830155699,0.5330736169844301,2.1416652311262836,1.8759135101394593,2.173790209593178,1.904052212791551,+117,-110,0.5238094988662143,0.5238094988662143,0.5,0.5,-0.10859504452242263,-0.03307361698443012,0.0,-10.859504452242263,-3.307361698443012,0.017686044522422728,0.03307361698443012,0.019454647029200297,1.7686044522422728,3.307361698443012,,,,,,,,,,,,,,,,,,,,
Basketball,NBA,2026_02_06,NBA_2026_02_06_Minnesota_Timberwolves_New_Orleans_Pelicans,2026_04_17,09:10 PM,Minnesota Timberwolves,New Orleans Pelicans,-11.5,11.5,236.5,-475,367,-110,-110,-110,-110,1.210526,4.67,1.909091,1.909091,1.909091,1.909091,0.793,0.207,122.3,114.0,236.3,1,2025_NBA,,,,,,,,,,,,,,,,,,,,,,,,,away,11.5,-110.0,0.12174741289468827,0.13392214079194312,0.5875819502028391,8.75819502028391,0.03348053519798578,spread,nba,0.4124180497971609,0.5875819502028391,2.4247241372966797,1.701890263400348,2.4610949993561295,1.727418617351353,+146,-137,0.5238094988662143,0.5238094988662143,0.5,0.5,-0.21265641289468828,-0.0875819502028391,0.0,-21.265641289468828,-8.75819502028391,0.12174741289468827,0.0875819502028391,0.13392214079194312,12.174741289468827,8.75819502028391,,,,,,,,,,,,,,,,,,,,
Basketball,NBA,2026_02_06,NBA_2026_02_06_Portland_Trail_Blazers_Memphis_Grizzlies,2026_04_17,11:10 PM,Portland Trail Blazers,Memphis Grizzlies,-7.5,7.5,234.5,-250,207,-110,-110,-110,-110,1.4,3.07,1.909091,1.909091,1.909091,1.909091,0.659,0.341,118.8,114.1,232.9,1,2025_NBA,,,,,,,,,,,,,,,,,,,,,,,,,away,7.5,-110.0,0.10112578193301935,0.11123834900248637,0.5767801440230033,7.678014402300326,0.027809587250621593,spread,nba,0.42321985597699674,0.5767801440230033,2.3628380991045774,1.7337628737096709,2.398280670591146,1.7597693168153157,+139,-131,0.5238094988662143,0.5238094988662143,0.5,0.5,-0.19203478193301926,-0.07678014402300326,0.0,-19.203478193301926,-7.678014402300326,0.10112578193301935,0.07678014402300326,0.11123834900248637,10.112578193301935,7.678014402300326,,,,,,,,,,,,,,,,,,,,
Basketball,NBA,2026_02_06,NBA_2026_02_06_Sacramento_Kings_Los_Angeles_Clippers,2026_04_17,11:10 PM,Sacramento Kings,Los Angeles Clippers,3.5,-3.5,222.5,140,-160,-110,-110,-110,-110,2.4,1.625,1.909091,1.909091,1.909091,1.909091,0.32,0.68,108.4,114.5,222.9,1,2025_NBA,,,,,,,,,,,,,,,,,,,,,,,,,away,-3.5,-110.0,0.09077247057433513,0.09984970764679786,0.571356981188605,7.135698118860501,0.024962426911699465,spread,nba,0.428643018811395,0.571356981188605,2.332943629346743,1.7502192725810064,2.3679377837869438,1.7764725616697212,+136,-128,0.5238094988662143,0.5238094988662143,0.5,0.5,-0.18168147057433504,-0.071356981188605,0.0,-18.168147057433504,-7.135698118860501,0.09077247057433513,0.071356981188605,0.09984970764679786,9.077247057433514,7.135698118860501,,,,,,,,,,,,,,,,,,,,
Basketball,NBA,2026_02_07,NBA_2026_02_07_Atlanta_Hawks_Charlotte_Hornets,2026_04_17,08:40 PM,Atlanta Hawks,Charlotte Hornets,1.5,-1.5,231.5,105,-125,-110,-110,-110,-110,2.05,1.8,1.909091,1.909091,1.909091,1.909091,0.527,0.473,116.3,115.5,231.8,1,2025_NBA,,,,,,,,,,,,,,,,,,,,,,,,,home,1.5,-110.0,0.07519475523737662,0.08271422248969203,0.5631972259244722,6.319722592447219,0.020678555622423007,spread,nba,0.5631972259244722,0.4368027740755278,1.7755769275293012,2.2893627498507816,1.8022105814422404,2.3237031910985433,-124,+132,0.5238094988662143,0.5238094988662143,0.5,0.5,0.07519475523737662,0.06319722592447219,0.08271422248969203,7.519475523737662,6.319722592447219,-0.16610375523737653,-0.06319722592447219,0.0,-16.610375523737652,-6.319722592447219,,,,,,,,,,,,,,,,,,,,
Basketball,NBA,2026_02_07,NBA_2026_02_07_Chicago_Bulls_Denver_Nuggets,2026_04_17,09:10 PM,Chicago Bulls,Denver Nuggets,5.0,-5.0,228.5,192,-230,-110,-110,-110,-110,2.92,1.434783,1.909091,1.909091,1.909091,1.909091,0.285,0.715,113.1,120.1,233.2,1,2025_NBA,,,,,,,,,,,,,,,,,,,,,,,,,away,-5.0,-110.0,0.059565536990557,0.06552208413740428,0.5550104929469349,5.501049294693495,0.01638052103435107,spread,nba,0.44498950705306506,0.5550104929469349,2.2472440004765097,1.8017677372013414,2.280952660483657,1.8287942532593613,+128,-120,0.5238094988662143,0.5238094988662143,0.5,0.5,-0.1504745369905569,-0.05501049294693494,0.0,-15.04745369905569,-5.501049294693495,0.059565536990557,0.05501049294693494,0.06552208413740428,5.9565536990557,5.501049294693495,,,,,,,,,,,,,,,,,,,,
Basketball,NBA,2026_02_07,NBA_2026_02_07_Los_Angeles_Lakers_Golden_State_Warriors,2026_04_17,09:40 PM,Los Angeles Lakers,Golden State Warriors,-3.5,3.5,224.0,-155,135,-110,-110,-110,-110,1.645161,2.35,1.909091,1.909091,1.909091,1.909091,0.545,0.455,111.6,110.1,221.7,1,2025_NBA,,,,,,,,,,,,,,,,,,,,,,,,,away,3.5,-110.0,0.059565536990557,0.06552208413740428,0.5550104929469349,5.501049294693495,0.01638052103435107,spread,nba,0.44498950705306506,0.5550104929469349,2.2472440004765097,1.8017677372013414,2.280952660483657,1.8287942532593613,+128,-120,0.5238094988662143,0.5238094988662143,0.5,0.5,-0.1504745369905569,-0.05501049294693494,0.0,-15.04745369905569,-5.501049294693495,0.059565536990557,0.05501049294693494,0.06552208413740428,5.9565536990557,5.501049294693495,,,,,,,,,,,,,,,,,,,,
Basketball,NBA,2026_02_07,NBA_2026_02_07_Oklahoma_City_Thunder_Houston_Rockets,2026_04_17,04:40 PM,Oklahoma City Thunder,Houston Rockets,-5.0,5.0,213.0,-160,140,-110,-110,-110,-110,1.625,2.4,1.909091,1.909091,1.909091,1.909091,0.581,0.419,108.5,105.8,214.3,1,2025_NBA,,,,,,,,,,,,,,,,,,,,,,,,,away,5.0,-110.0,0.07519475523737662,0.08271422248969203,0.5631972259244722,6.319722592447219,0.020678555622423007,spread,nba,0.4368027740755278,0.5631972259244722,2.2893627498507816,1.7755769275293012,2.3237031910985433,1.8022105814422404,+132,-124,0.5238094988662143,0.5238094988662143,0.5,0.5,-0.16610375523737653,-0.06319722592447219,0.0,-16.610375523737652,-6.319722592447219,0.07519475523737662,0.06319722592447219,0.08271422248969203,7.519475523737662,6.319722592447219,,,,,,,,,,,,,,,,,,,,
Basketball,NBA,2026_02_07,NBA_2026_02_07_Orlando_Magic_Utah_Jazz,2026_04_17,08:10 PM,Orlando Magic,Utah Jazz,-9.5,9.5,234.5,-400,316,-110,-110,-110,-110,1.25,4.16,1.909091,1.909091,1.909091,1.909091,0.722,0.278,121.9,115.4,237.3,1,2025_NBA,,,,,,,,,,,,,,,,,,,,,,,,,away,9.5,-110.0,0.11145139478604937,0.12259652200500222,0.5821887981170355,8.21887981170355,0.030649130501250555,spread,nba,0.4178112018829645,0.5821887981170355,2.3934255364462818,1.7176558587768864,2.4293269194929756,1.7434206966585395,+142,-134,0.5238094988662143,0.5238094988662143,0.5,0.5,-0.2023603947860494,-0.0821887981170355,0.0,-20.23603947860494,-8.21887981170355,0.11145139478604937,0.0821887981170355,0.12259652200500222,11.145139478604937,8.21887981170355,,,,,,,,,,,,,,,,,,,,
Basketball,NBA,2026_02_07,NBA_2026_02_07_Portland_Trail_Blazers_Memphis_Grizzlies,2026_04_17,11:10 PM,Portland Trail Blazers,Memphis Grizzlies,-9.5,9.5,237.5,-380,303,-110,-110,-110,-110,1.263158,4.03,1.909091,1.909091,1.909091,1.909091,0.714,0.286,120.0,113.9,233.9,1,2025_NBA,,,,,,,,,,,,,,,,,,,,,,,,,away,9.5,-110.0,0.1320119567637532,0.14521313791881474,0.5929586157829843,9.295861578298425,0.036303284479703685,spread,nba,0.40704138421701574,0.5929586157829843,2.456752651634179,1.6864583351732392,2.4936039414086912,1.7117552102008375,+149,-140,0.5238094988662143,0.5238094988662143,0.5,0.5,-0.22292095676375312,-0.09295861578298426,0.0,-22.29209567637531,-9.295861578298425,0.1320119567637532,0.09295861578298426,0.14521313791881474,13.20119567637532,9.295861578298425,,,,,,,,,,,,,,,,,,,,
Basketball,NBA,2026_02_07,NBA_2026_02_07_Sacramento_Kings_Cleveland_Cavaliers,2026_04_17,11:10 PM,Sacramento Kings,Cleveland Cavaliers,12.5,-12.5,234.0,431,-575,-110,-110,-110,-110,5.31,1.173913,1.909091,1.909091,1.909091,1.909091,0.163,0.837,110.5,121.2,231.7,1,2025_NBA,,,,,,,,,,,,,,,,,,,,,,,,,home,12.5,-110.0,0.049120692043703285,0.0540327558447979,0.5495393839495881,4.953938394958812,0.013508188961199475,spread,nba,0.5495393839495881,0.4504606160504119,1.8197057921725492,2.2199499009877663,1.8470013790551374,2.2532491495025826,-118,+125,0.5238094988662143,0.5238094988662143,0.5,0.5,0.049120692043703285,0.04953938394958812,0.0540327558447979,4.9120692043703285,4.953938394958812,-0.14002969204370308,-0.04953938394958812,0.0,-14.002969204370308,-4.953938394958812,,,,,,,,,,,,,,,,,,,,
Basketball,NBA,2026_02_07,NBA_2026_02_07_San_Antonio_Spurs_Dallas_Mavericks,2026_04_17,07:10 PM,San Antonio Spurs,Dallas Mavericks,-11.0,11.0,230.0,-485,374,-110,-110,-110,-110,1.206186,4.74,1.909091,1.909091,1.909091,1.909091,0.778,0.222,119.2,111.2,230.4,1,2025_NBA,,,,,,,,,,,,,,,,,,,,,,,,,away,11.0,-110.0,0.11145139478604937,0.12259652200500222,0.5821887981170355,8.21887981170355,0.030649130501250555,spread,nba,0.4178112018829645,0.5821887981170355,2.3934255364462818,1.7176558587768864,2.4293269194929756,1.7434206966585395,+142,-134,0.5238094988662143,0.5238094988662143,0.5,0.5,-0.2023603947860494,-0.0821887981170355,0.0,-20.23603947860494,-8.21887981170355,0.11145139478604937,0.0821887981170355,0.12259652200500222,11.145139478604937,8.21887981170355,,,,,,,,,,,,,,,,,,,,
Basketball,NBA,2026_02_08,NBA_2026_02_08_Boston_Celtics_New_York_Knicks,2026_04_17,01:40 PM,Boston Celtics,New York Knicks,-3.5,3.5,215.0,-155,135,-110,-110,-110,-110,1.645161,2.35,1.909091,1.909091,1.909091,1.909091,0.561,0.439,109.3,107.2,216.5,1,2025_NBA,,,,,,,,,,,,,,,,,,,,,,,,,away,3.5,-110.0,0.0281789669242809,0.030996860517022936,0.5385699094093895,3.8569909409389536,0.007749215129255734,spread,nba,0.46143009059061046,0.5385699094093895,2.167175527543172,1.8567691631651446,2.1996831604563196,1.8846207006126217,+119,-113,0.5238094988662143,0.5238094988662143,0.5,0.5,-0.11908796692428081,-0.038569909409389536,0.0,-11.90879669242808,-3.8569909409389536,0.0281789669242809,0.038569909409389536,0.030996860517022936,2.81789669242809,3.8569909409389536,,,,,,,,,,,,,,,,,,,,
Basketball,NBA,2026_02_08,NBA_2026_02_08_Minnesota_Timberwolves_Los_Angeles_Clippers,2026_04_17,04:10 PM,Minnesota Timberwolves,Los Angeles Clippers,-8.5,8.5,226.0,-330,267,-110,-110,-110,-110,1.30303,3.67,1.909091,1.909091,1.909091,1.909091,0.691,0.309,114.3,108.9,223.2,1,2025_NBA,,,,,,,,,,,,,,,,,,,,,,,,,away,8.5,-110.0,0.11660322105641607,0.12826353033570465,0.584887373653962,8.488737365396204,0.03206588258392616,spread,nba,0.41511262634603796,0.584887373653962,2.408984782762064,1.709730873061438,2.4451195545034947,1.7353768361573594,+144,-135,0.5238094988662143,0.5238094988662143,0.5,0.5,-0.20751222105641598,-0.08488737365396204,0.0,-20.7512221056416,-8.488737365396204,0.11660322105641607,0.08488737365396204,0.12826353033570465,11.660322105641608,8.488737365396204,,,,,,,,,,,,,,,,,,,,
Basketball,NBA,2026_02_08,NBA_2026_02_08_Toronto_Raptors_Indiana_Pacers,2026_04_17,04:10 PM,Toronto Raptors,Indiana Pacers,-8.5,8.5,225.0,-320,260,-110,-110,-110,-110,1.3125,3.6,1.909091,1.909091,1.909091,1.909091,0.74,0.26,116.1,109.0,225.1,1,2025_NBA,,,,,,,,,,,,,,,,,,,,,,,,,away,8.5,-110.0,0.0281789669242809,0.030996860517022936,0.5385699094093895,3.8569909409389536,0.007749215129255734,spread,nba,0.46143009059061046,0.5385699094093895,2.167175527543172,1.8567691631651446,2.1996831604563196,1.8846207006126217,+119,-113,0.5238094988662143,0.5238094988662143,0.5,0.5,-0.11908796692428081,-0.038569909409389536,0.0,-11.90879669242808,-3.8569909409389536,0.0281789669242809,0.038569909409389536,0.030996860517022936,2.81789669242809,3.8569909409389536,,,,,,,,,,,,,,,,,,,,
Basketball,NBA,2026_02_08,NBA_2026_02_08_Washington_Wizards_Miami_Heat,2026_04_17,03:10 PM,Washington Wizards,Miami Heat,11.0,-11.0,234.0,374,-485,-110,-110,-110,-110,4.74,1.206186,1.909091,1.909091,1.909091,1.909091,0.195,0.805,113.0,122.5,235.5,1,2025_NBA,,,,,,,,,,,,,,,,,,,,,,,,,home,11.0,-110.0,0.03342028526630725,0.03676231011670702,0.5413153617435247,4.131536174352468,0.009190577529176755,spread,nba,0.5413153617435247,0.4586846382564753,1.8473519701696552,2.1801471350798676,1.8750622497221998,2.2128493421060655,-114,+121,0.5238094988662143,0.5238094988662143,0.5,0.5,0.03342028526630725,0.04131536174352468,0.03676231011670702,3.342028526630725,4.131536174352468,-0.12432928526630727,-0.04131536174352468,0.0,-12.432928526630727,-4.131536174352468,,,,,,,,,,,,,,,,,,,,
Basketball,NBA,2026_02_09,NBA_2026_02_09_Denver_Nuggets_Cleveland_Cavaliers,2026_04_17,10:10 PM,Denver Nuggets,Cleveland Cavaliers,1.0,-1.0,234.0,-105,-115,-110,-110,-110,-110,1.952381,1.869565,1.909091,1.909091,1.909091,1.909091,0.562,0.438,119.4,117.5,236.9,1,2025_NBA,,,,,,,,,,,,,,,,,,,,,,,,,home,1.0,-110.0,0.10629216956793708,0.1169213748325933,0.5794863469409981,7.94863469409981,0.029230343708148324,spread,nba,0.5794863469409981,0.4205136530590019,1.7256661960697024,2.378044072351893,1.7515511890107478,2.413714733437171,-133,+141,0.5238094988662143,0.5238094988662143,0.5,0.5,0.10629216956793708,0.0794863469409981,0.1169213748325933,10.629216956793709,7.94863469409981,-0.19720116956793698,-0.0794863469409981,0.0,-19.7201169567937,-7.94863469409981,,,,,,,,,,,,,,,,,,,,
Basketball,NBA,2026_02_09,NBA_2026_02_09_Golden_State_Warriors_Memphis_Grizzlies,2026_04_17,11:10 PM,Golden State Warriors,Memphis Grizzlies,-7.0,7.0,225.5,-280,230,-105,-115,-110,-110,1.357143,3.3,1.952381,1.869565,1.909091,1.909091,0.638,0.362,114.2,110.1,224.3,1,2025_NBA,,,,,,,,,,,,,,,,,,,,,,,,,away,7.0,-115.0,0.08338739221874625,0.09589552502543945,0.5794863469409977,6.865207560383069,0.023973881256359863,spread,nba,0.42051365305900235,0.5794863469409977,2.3780440723518907,1.7256661960697037,2.413714733437169,1.7515511890107491,+141,-133,0.5121951094586559,0.5348837831260214,0.489165728662833,0.510834271337167,-0.17899713352701196,-0.06865207560383063,0.0,-17.8997133527012,-6.865207560383063,0.08338739221874625,0.06865207560383069,0.09589552502543945,8.338739221874626,6.865207560383069,,,,,,,,,,,,,,,,,,,,
Basketball,NBA,2026_02_09,NBA_2026_02_09_Los_Angeles_Lakers_Oklahoma_City_Thunder,2026_04_17,11:10 PM,Los Angeles Lakers,Oklahoma City Thunder,3.5,-3.5,219.5,149,-170,-110,-110,-110,-110,2.49,1.588235,1.909091,1.909091,1.909091,1.909091,0.248,0.752,107.8,115.9,223.7,1,2025_NBA,,,,,,,,,,,,,,,,,,,,,,,,,away,-3.5,-110.0,0.19283537424679298,0.2121188904595832,0.6248184996141058,12.481849961410585,0.05,spread,nba,0.37518150038589415,0.6248184996141058,2.665376621638985,1.6004647759591146,2.7053572709635696,1.624471747598501,+170,-160,0.5238094988662143,0.5238094988662143,0.5,0.5,-0.2837443742467929,-0.12481849961410585,0.0,-28.37443742467929,-12.481849961410585,0.19283537424679298,0.12481849961410585,0.2121188904595832,19.2835374246793,12.481849961410585,,,,,,,,,,,,,,,,,,,,
Basketball,NBA,2026_02_09,NBA_2026_02_09_Miami_Heat_Utah_Jazz,2026_04_17,08:40 PM,Miami Heat,Utah Jazz,-8.5,8.5,244.5,-320,260,-110,-110,-110,-110,1.3125,3.6,1.909091,1.909091,1.909091,1.909091,0.688,0.312,123.7,118.5,242.2,1,2025_NBA,,,,,,,,,,,,,,,,,,,,,,,,,away,8.5,-110.0,0.12688373589535984,0.13957209552768612,0.5902724049798358,9.02724049798358,0.03489302388192153,spread,nba,0.4097275950201642,0.5902724049798358,2.440645961253321,1.6941330673151844,2.4772556506721206,1.719545063324912,+147,-138,0.5238094988662143,0.5238094988662143,0.5,0.5,-0.21779273589535963,-0.0902724049798358,0.0,-21.779273589535965,-9.02724049798358,0.12688373589535984,0.0902724049798358,0.13957209552768612,12.688373589535985,9.02724049798358,,,,,,,,,,,,,,,,,,,,
Basketball,NBA,2026_02_09,NBA_2026_02_09_New_Orleans_Pelicans_Sacramento_Kings,2026_04_17,09:10 PM,New Orleans Pelicans,Sacramento Kings,-6.0,6.0,233.0,-240,200,-110,-110,-110,-110,1.416667,3.0,1.909091,1.909091,1.909091,1.909091,0.767,0.233,120.3,112.5,232.8,1,2025_NBA,,,,,,,,,,,,,,,,,,,,,,,,,home,-6.0,-110.0,0.049120692043703285,0.0540327558447979,0.5495393839495881,4.953938394958812,0.013508188961199475,spread,nba,0.5495393839495881,0.4504606160504119,1.8197057921725492,2.2199499009877663,1.8470013790551374,2.2532491495025826,-118,+125,0.5238094988662143,0.5238094988662143,0.5,0.5,0.049120692043703285,0.04953938394958812,0.0540327558447979,4.9120692043703285,4.953938394958812,-0.14002969204370308,-0.04953938394958812,0.0,-14.002969204370308,-4.953938394958812,,,,,,,,,,,,,,,,,,,,
Basketball,NBA,2026_02_09,NBA_2026_02_09_Portland_Trail_Blazers_Philadelphia_76ers,2026_04_17,11:10 PM,Portland Trail Blazers,Philadelphia 76ers,2.0,-2.0,230.5,110,-130,-110,-110,-110,-110,2.1,1.769231,1.909091,1.909091,1.909091,1.909091,0.407,0.593,112.8,116.4,229.2,1,2025_NBA,,,,,,,,,,,,,,,,,,,,,,,,,away,-2.0,-110.0,0.03865784392032401,0.042523624059993936,0.5440588447173675,4.405884471736754,0.010630906014998484,spread,nba,0.45594115528263246,0.5440588447173675,2.1932654870344224,1.8380364729103682,2.2261644693399383,1.8656070200040236,+122,-115,0.5238094988662143,0.5238094988662143,0.5,0.5,-0.12956684392032392,-0.04405884471736754,0.0,-12.956684392032392,-4.405884471736754,0.03865784392032401,0.04405884471736754,0.042523624059993936,3.865784392032401,4.405884471736754,,,,,,,,,,,,,,,,,,,,
Basketball,NBA,2026_02_10,NBA_2026_02_10_Houston_Rockets_Los_Angeles_Clippers,2026_04_17,09:10 PM,Houston Rockets,Los Angeles Clippers,-7.5,7.5,211.0,-290,237,-110,-110,-110,-110,1.344828,3.37,1.909091,1.909091,1.909091,1.909091,0.692,0.308,108.9,103.4,212.3,1,2025_NBA,,,,,,,,,,,,,,,,,,,,,,,,,away,7.5,-110.0,0.059565536990557,0.06552208413740428,0.5550104929469349,5.501049294693495,0.01638052103435107,spread,nba,0.44498950705306506,0.5550104929469349,2.2472440004765097,1.8017677372013414,2.280952660483657,1.8287942532593613,+128,-120,0.5238094988662143,0.5238094988662143,0.5,0.5,-0.1504745369905569,-0.05501049294693494,0.0,-15.04745369905569,-5.501049294693495,0.059565536990557,0.05501049294693494,0.06552208413740428,5.9565536990557,5.501049294693495,,,,,,,,,,,,,,,,,,,,
Basketball,NBA,2026_02_10,NBA_2026_02_10_Los_Angeles_Lakers_San_Antonio_Spurs,2026_04_17,11:40 PM,Los Angeles Lakers,San Antonio Spurs,8.0,-8.0,228.0,245,-300,-105,-115,-110,-110,3.45,1.333333,1.952381,1.869565,1.909091,1.909091,0.196,0.804,110.4,120.0,230.4,1,2025_NBA,,,,,,,,,,,,,,,,,,,,,,,,,away,-8.0,-115.0,0.017153374024024393,0.01972638505922432,0.5440588447173671,3.322457338020013,0.00493159626480608,spread,nba,0.4559411552826329,0.5440588447173671,2.19326548703442,1.8380364729103698,2.226164469339936,1.8656070200040251,+122,-115,0.5121951094586559,0.5348837831260214,0.489165728662833,0.510834271337167,-0.10982915130813797,-0.03322457338020007,0.0,-10.982915130813797,-3.3224573380200075,0.017153374024024393,0.03322457338020013,0.01972638505922432,1.7153374024024393,3.322457338020013,,,,,,,,,,,,,,,,,,,,
Basketball,NBA,2026_02_10,NBA_2026_02_10_New_York_Knicks_Indiana_Pacers,2026_04_17,08:40 PM,New York Knicks,Indiana Pacers,-12.0,12.0,223.5,-625,461,-110,-110,-110,-110,1.16,5.61,1.909091,1.909091,1.909091,1.909091,0.817,0.183,117.0,107.8,224.8,1,2025_NBA,,,,,,,,,,,,,,,,,,,,,,,,,away,12.0,-110.0,0.10112578193301935,0.11123834900248637,0.5767801440230033,7.678014402300326,0.027809587250621593,spread,nba,0.42321985597699674,0.5767801440230033,2.3628380991045774,1.7337628737096709,2.398280670591146,1.7597693168153157,+139,-131,0.5238094988662143,0.5238094988662143,0.5,0.5,-0.19203478193301926,-0.07678014402300326,0.0,-19.203478193301926,-7.678014402300326,0.10112578193301935,0.07678014402300326,0.11123834900248637,10.112578193301935,7.678014402300326,,,,,,,,,,,,,,,,,,,,
Basketball,NBA,2026_02_11,NBA_2026_02_11_Boston_Celtics_Chicago_Bulls,2026_04_17,08:40 PM,Boston Celtics,Chicago Bulls,-14.0,14.0,225.5,-750,534,-110,-110,-110,-110,1.133333,6.34,1.909091,1.909091,1.909091,1.909091,0.826,0.174,119.0,109.4,228.4,1,2025_NBA,,,,,,,,,,,,,,,,,,,,,,,,,away,14.0,-110.0,0.18279808027664202,0.20107786819651938,0.6195608696896282,11.95608696896282,0.05,spread,nba,0.3804391303103718,0.6195608696896282,2.6285413889580047,1.6140464140366941,2.6679695097923743,1.6382571102472443,+166,-156,0.5238094988662143,0.5238094988662143,0.5,0.5,-0.2737070802766419,-0.1195608696896282,0.0,-27.370708027664193,-11.95608696896282,0.18279808027664202,0.1195608696896282,0.20107786819651938,18.279808027664203,11.95608696896282,,,,,,,,,,,,,,,,,,,,
Basketball,NBA,2026_02_11,NBA_2026_02_11_Brooklyn_Nets_Indiana_Pacers,2026_04_17,08:40 PM,Brooklyn Nets,Indiana Pacers,-3.0,3.0,214.5,-185,161,-110,-110,-110,-110,1.540541,2.61,1.909091,1.909091,1.909091,1.909091,0.718,0.282,111.1,104.7,215.8,1,2025_NBA,,,,,,,,,,,,,,,,,,,,,,,,,home,-3.0,-110.0,0.13201195676375233,0.14521313791881388,0.5929586157829838,9.295861578298382,0.03630328447970347,spread,nba,0.5929586157829838,0.4070413842170162,1.6864583351732405,2.456752651634176,1.7117552102008389,2.4936039414086886,-140,+149,0.5238094988662143,0.5238094988662143,0.5,0.5,0.13201195676375233,0.09295861578298381,0.14521313791881388,13.201195676375232,9.295861578298382,-0.22292095676375234,-0.09295861578298381,0.0,-22.292095676375233,-9.295861578298382,,,,,,,,,,,,,,,,,,,,
Basketball,NBA,2026_02_11,NBA_2026_02_11_Charlotte_Hornets_Atlanta_Hawks,2026_04_17,08:10 PM,Charlotte Hornets,Atlanta Hawks,-6.5,6.5,232.5,-225,189,-110,-110,-110,-110,1.444444,2.89,1.909091,1.909091,1.909091,1.909091,0.607,0.393,118.7,115.4,234.1,1,2025_NBA,,,,,,,,,,,,,,,,,,,,,,,,,away,6.5,-110.0,0.12174741289468827,0.13392214079194312,0.5875819502028391,8.75819502028391,0.03348053519798578,spread,nba,0.4124180497971609,0.5875819502028391,2.4247241372966797,1.701890263400348,2.4610949993561295,1.727418617351353,+146,-137,0.5238094988662143,0.5238094988662143,0.5,0.5,-0.21265641289468828,-0.0875819502028391,0.0,-21.265641289468828,-8.75819502028391,0.12174741289468827,0.0875819502028391,0.13392214079194312,12.174741289468827,8.75819502028391,,,,,,,,,,,,,,,,,,,,
Basketball,NBA,2026_02_11,NBA_2026_02_11_Cleveland_Cavaliers_Washington_Wizards,2026_04_17,08:10 PM,Cleveland Cavaliers,Washington Wizards,-18.5,18.5,236.0,-1500,874,-110,-110,-110,-110,1.066667,9.74,1.909091,1.909091,1.909091,1.909091,0.897,0.103,125.0,112.5,237.5,1,2025_NBA,,,,,,,,,,,,,,,,,,,,,,,,,away,18.5,-110.0,0.2617683090780467,0.28794511119134025,0.6609262256634423,16.09262256634423,0.05,spread,nba,0.3390737743365577,0.6609262256634423,2.949210690082508,1.513028173448849,2.993448850433745,1.5357235960505817,+199,-186,0.5238094988662143,0.5238094988662143,0.5,0.5,-0.3526773090780466,-0.16092622566344228,0.0,-35.26773090780466,-16.09262256634423,0.2617683090780467,0.16092622566344228,0.28794511119134025,26.17683090780467,16.09262256634423,,,,,,,,,,,,,,,,,,,,
Basketball,NBA,2026_02_11,NBA_2026_02_11_Denver_Nuggets_Memphis_Grizzlies,2026_04_17,10:10 PM,Denver Nuggets,Memphis Grizzlies,-13.5,13.5,236.0,-750,534,-110,-110,-110,-110,1.133333,6.34,1.909091,1.909091,1.909091,1.909091,0.81,0.19,122.9,113.8,236.7,1,2025_NBA,,,,,,,,,,,,,,,,,,,,,,,,,away,13.5,-110.0,0.18279808027664113,0.20107786819651852,0.6195608696896278,11.956086968962776,0.05,spread,nba,0.38043913031037224,0.6195608696896278,2.6285413889580016,1.6140464140366955,2.6679695097923712,1.6382571102472456,+166,-156,0.5238094988662143,0.5238094988662143,0.5,0.5,-0.27370708027664115,-0.11956086968962776,0.0,-27.370708027664115,-11.956086968962776,0.18279808027664113,0.11956086968962776,0.20107786819651852,18.279808027664114,11.956086968962776,,,,,,,,,,,,,,,,,,,,
Basketball,NBA,2026_02_11,NBA_2026_02_11_New_Orleans_Pelicans_Miami_Heat,2026_04_17,09:10 PM,New Orleans Pelicans,Miami Heat,-2.0,2.0,233.0,-123,103,-110,-110,-110,-110,1.813008,2.03,1.909091,1.909091,1.909091,1.909091,0.507,0.493,119.0,119.2,238.2,1,2025_NBA,,,,,,,,,,,,,,,,,,,,,,,,,away,2.0,-110.0,0.06999041473742373,0.07698944851222136,0.5604711429352628,6.047114293526279,0.01924736212805534,spread,nba,0.4395288570647372,0.5604711429352628,2.2751634708997326,1.7842131795811385,2.3092909229632284,1.8109763772748553,+130,-123,0.5238094988662143,0.5238094988662143,0.5,0.5,-0.16089941473742375,-0.06047114293526279,0.0,-16.089941473742375,-6.047114293526279,0.06999041473742373,0.06047114293526279,0.07698944851222136,6.999041473742373,6.047114293526279,,,,,,,,,,,,,,,,,,,,
Basketball,NBA,2026_02_11,NBA_2026_02_11_Orlando_Magic_Milwaukee_Bucks,2026_04_17,08:10 PM,Orlando Magic,Milwaukee Bucks,-10.5,10.5,221.5,-500,383,-110,-110,-110,-110,1.2,4.83,1.909091,1.909091,1.909091,1.909091,0.791,0.209,114.2,105.8,220.0,1,2025_NBA,,,,,,,,,,,,,,,,,,,,,,,,,away,10.5,-110.0,0.06478059408351822,0.07125864636600528,0.5577421893893576,5.7742189389357605,0.01781466159150132,spread,nba,0.4422578106106424,0.5577421893893576,2.2611245658256696,1.792943081990708,2.2950414343130543,1.8198372282205684,+129,-121,0.5238094988662143,0.5238094988662143,0.5,0.5,-0.155689594083518,-0.0577421893893576,0.0,-15.568959408351802,-5.7742189389357605,0.06478059408351822,0.0577421893893576,0.07125864636600528,6.478059408351822,5.7742189389357605,,,,,,,,,,,,,,,,,,,,
Basketball,NBA,2026_02_11,NBA_2026_02_11_Philadelphia_76ers_New_York_Knicks,2026_04_17,08:40 PM,Philadelphia 76ers,New York Knicks,1.0,-1.0,224.5,-135,115,-115,-105,-110,-110,1.740741,2.15,1.869565,1.952381,1.909091,1.909091,0.573,0.427,112.5,110.2,222.7,1,2025_NBA,,,,,,,,,,,,,,,,,,,,,,,,,home,1.0,-115.0,0.10355262881612659,0.11908555290993394,0.5902724049798358,7.943813364266883,0.029771388227483486,spread,nba,0.5902724049798358,0.4097275950201642,1.6941330673151844,2.440645961253321,1.719545063324912,2.4772556506721206,-138,+147,0.5348837831260214,0.5121951094586559,0.510834271337167,0.489165728662833,0.10355262881612659,0.07943813364266883,0.11908555290993394,10.35526288161266,7.943813364266883,-0.2000556283069368,-0.07943813364266877,0.0,-20.00556283069368,-7.943813364266878,,,,,,,,,,,,,,,,,,,,
Basketball,NBA,2026_02_11,NBA_2026_02_11_Phoenix_Suns_Oklahoma_City_Thunder,2026_04_17,10:10 PM,Phoenix Suns,Oklahoma City Thunder,6.5,-6.5,217.5,245,-300,-110,-110,-110,-110,3.45,1.333333,1.909091,1.909091,1.909091,1.909091,0.26,0.74,103.0,110.9,213.9,1,2025_NBA,,,,,,,,,,,,,,,,,,,,,,,,,away,-6.5,-110.0,0.0281789669242809,0.030996860517022936,0.5385699094093895,3.8569909409389536,0.007749215129255734,spread,nba,0.46143009059061046,0.5385699094093895,2.167175527543172,1.8567691631651446,2.1996831604563196,1.8846207006126217,+119,-113,0.5238094988662143,0.5238094988662143,0.5,0.5,-0.11908796692428081,-0.038569909409389536,0.0,-11.90879669242808,-3.8569909409389536,0.0281789669242809,0.038569909409389536,0.030996860517022936,2.81789669242809,3.8569909409389536,,,,,,,,,,,,,,,,,,,,
Basketball,NBA,2026_02_11,NBA_2026_02_11_Toronto_Raptors_Detroit_Pistons,2026_04_17,08:40 PM,Toronto Raptors,Detroit Pistons,2.5,-2.5,224.5,100,-120,-110,-110,-110,-110,2.0,1.833333,1.909091,1.909091,1.909091,1.909091,0.492,0.508,109.3,110.1,219.4,1,2025_NBA,,,,,,,,,,,,,,,,,,,,,,,,,home,2.5,-110.0,0.04389139521298513,0.04828052990623077,0.5468002285972671,4.680022859726707,0.012070132476557692,spread,nba,0.5468002285972671,0.45319977140273293,1.8288214739144277,2.206532445735408,1.856253796023144,2.2396304324214387,-116,+123,0.5238094988662143,0.5238094988662143,0.5,0.5,0.04389139521298513,0.04680022859726707,0.04828052990623077,4.389139521298513,4.680022859726707,-0.13480039521298515,-0.04680022859726707,0.0,-13.480039521298515,-4.680022859726707,,,,,,,,,,,,,,,,,,,,
Basketball,NBA,2026_02_11,NBA_2026_02_11_Utah_Jazz_Sacramento_Kings,2026_04_17,10:10 PM,Utah Jazz,Sacramento Kings,-7.0,7.0,233.0,-245,203,-110,-110,-110,-110,1.408163,3.03,1.909091,1.909091,1.909091,1.909091,0.701,0.299,118.1,112.6,230.7,1,2025_NBA,,,,,,,,,,,,,,,,,,,,,,,,,away,7.0,-110.0,0.03342028526630725,0.03676231011670702,0.5413153617435247,4.131536174352468,0.009190577529176755,spread,nba,0.4586846382564753,0.5413153617435247,2.1801471350798676,1.8473519701696552,2.2128493421060655,1.8750622497221998,+121,-114,0.5238094988662143,0.5238094988662143,0.5,0.5,-0.12432928526630727,-0.04131536174352468,0.0,-12.432928526630727,-4.131536174352468,0.03342028526630725,0.04131536174352468,0.03676231011670702,3.342028526630725,4.131536174352468,,,,,,,,,,,,,,,,,,,,
Basketball,NBA,2026_02_12,NBA_2026_02_12_Los_Angeles_Lakers_Dallas_Mavericks,2026_04_17,11:10 PM,Los Angeles Lakers,Dallas Mavericks,-7.0,7.0,231.5,-250,207,-110,-110,-110,-110,1.4,3.07,1.909091,1.909091,1.909091,1.909091,0.619,0.381,115.0,111.4,226.4,1,2025_NBA,,,,,,,,,,,,,,,,,,,,,,,,,away,7.0,-110.0,0.1320119567637532,0.14521313791881474,0.5929586157829843,9.295861578298425,0.036303284479703685,spread,nba,0.40704138421701574,0.5929586157829843,2.456752651634179,1.6864583351732392,2.4936039414086912,1.7117552102008375,+149,-140,0.5238094988662143,0.5238094988662143,0.5,0.5,-0.22292095676375312,-0.09295861578298426,0.0,-22.29209567637531,-9.295861578298425,0.1320119567637532,0.09295861578298426,0.14521313791881474,13.20119567637532,9.295861578298425,,,,,,,,,,,,,,,,,,,,
Basketball,NBA,2026_02_12,NBA_2026_02_12_Oklahoma_City_Thunder_Milwaukee_Bucks,2026_04_17,08:40 PM,Oklahoma City Thunder,Milwaukee Bucks,-14.0,14.0,215.5,-650,476,-110,-110,-110,-110,1.153846,5.76,1.909091,1.909091,1.909091,1.909091,0.829,0.171,113.9,104.3,218.2,1,2025_NBA,,,,,,,,,,,,,,,,,,,,,,,,,away,14.0,-110.0,0.18279808027664113,0.20107786819651852,0.6195608696896278,11.956086968962776,0.05,spread,nba,0.38043913031037224,0.6195608696896278,2.6285413889580016,1.6140464140366955,2.6679695097923712,1.6382571102472456,+166,-156,0.5238094988662143,0.5238094988662143,0.5,0.5,-0.27370708027664115,-0.11956086968962776,0.0,-27.370708027664115,-11.956086968962776,0.18279808027664113,0.11956086968962776,0.20107786819651852,18.279808027664114,11.956086968962776,,,,,,,,,,,,,,,,,,,,
Basketball,NBA,2026_02_12,NBA_2026_02_12_Utah_Jazz_Portland_Trail_Blazers,2026_04_17,10:10 PM,Utah Jazz,Portland Trail Blazers,7.5,-7.5,236.0,237,-290,-110,-110,-110,-110,3.37,1.344828,1.909091,1.909091,1.909091,1.909091,0.336,0.664,116.8,122.5,239.3,1,2025_NBA,,,,,,,,,,,,,,,,,,,,,,,,,home,7.5,-110.0,0.049120692043703285,0.0540327558447979,0.5495393839495881,4.953938394958812,0.013508188961199475,spread,nba,0.5495393839495881,0.4504606160504119,1.8197057921725492,2.2199499009877663,1.8470013790551374,2.2532491495025826,-118,+125,0.5238094988662143,0.5238094988662143,0.5,0.5,0.049120692043703285,0.04953938394958812,0.0540327558447979,4.9120692043703285,4.953938394958812,-0.14002969204370308,-0.04953938394958812,0.0,-14.002969204370308,-4.953938394958812,,,,,,,,,,,,,,,,,,,,
Basketball,NBA,2026_02_19,NBA_2026_02_19_Charlotte_Hornets_Houston_Rockets,2026_04_17,08:10 PM,Charlotte Hornets,Houston Rockets,2.0,-2.0,214.5,140,-160,-110,-110,-110,-110,2.4,1.625,1.909091,1.909091,1.909091,1.909091,0.387,0.613,106.6,110.8,217.4,1,2025_NBA,,,,,,,,,,,,,,,,,,,,,,,,,away,-2.0,-110.0,0.06999041473742373,0.07698944851222136,0.5604711429352628,6.047114293526279,0.01924736212805534,spread,nba,0.4395288570647372,0.5604711429352628,2.2751634708997326,1.7842131795811385,2.3092909229632284,1.8109763772748553,+130,-123,0.5238094988662143,0.5238094988662143,0.5,0.5,-0.16089941473742375,-0.06047114293526279,0.0,-16.089941473742375,-6.047114293526279,0.06999041473742373,0.06047114293526279,0.07698944851222136,6.999041473742373,6.047114293526279,,,,,,,,,,,,,,,,,,,,
Basketball,NBA,2026_02_19,NBA_2026_02_19_Cleveland_Cavaliers_Brooklyn_Nets,2026_04_17,08:10 PM,Cleveland Cavaliers,Brooklyn Nets,-13.5,13.5,226.5,-1100,709,-110,-110,-110,-110,1.090909,8.09,1.909091,1.909091,1.909091,1.909091,0.857,0.143,119.7,109.2,228.9,1,2025_NBA,,,,,,,,,,,,,,,,,,,,,,,,,away,13.5,-110.0,0.11145139478604937,0.12259652200500222,0.5821887981170355,8.21887981170355,0.030649130501250555,spread,nba,0.4178112018829645,0.5821887981170355,2.3934255364462818,1.7176558587768864,2.4293269194929756,1.7434206966585395,+142,-134,0.5238094988662143,0.5238094988662143,0.5,0.5,-0.2023603947860494,-0.0821887981170355,0.0,-20.23603947860494,-8.21887981170355,0.11145139478604937,0.0821887981170355,0.12259652200500222,11.145139478604937,8.21887981170355,,,,,,,,,,,,,,,,,,,,
Basketball,NBA,2026_02_19,NBA_2026_02_19_Golden_State_Warriors_Boston_Celtics,2026_04_17,11:10 PM,Golden State Warriors,Boston Celtics,3.5,-3.5,223.5,120,-140,-110,-110,-110,-110,2.2,1.714286,1.909091,1.909091,1.909091,1.909091,0.468,0.532,106.6,108.5,215.1,1,2025_NBA,,,,,,,,,,,,,,,,,,,,,,,,,home,3.5,-110.0,0.03865784392032312,0.04252362405999302,0.5440588447173671,4.40588447173671,0.010630906014998255,spread,nba,0.5440588447173671,0.4559411552826329,1.8380364729103698,2.19326548703442,1.8656070200040251,2.226164469339936,-115,+122,0.5238094988662143,0.5238094988662143,0.5,0.5,0.03865784392032312,0.044058844717367096,0.04252362405999302,3.865784392032312,4.40588447173671,-0.12956684392032303,-0.044058844717367096,0.0,-12.956684392032303,-4.40588447173671,,,,,,,,,,,,,,,,,,,,
Basketball,NBA,2026_02_19,NBA_2026_02_19_Philadelphia_76ers_Atlanta_Hawks,2026_04_17,08:10 PM,Philadelphia 76ers,Atlanta Hawks,-4.5,4.5,235.5,-177,155,-110,-110,-110,-110,1.564972,2.55,1.909091,1.909091,1.909091,1.909091,0.533,0.467,118.7,117.6,236.3,1,2025_NBA,,,,,,,,,,,,,,,,,,,,,,,,,away,4.5,-110.0,0.13201195676375233,0.14521313791881388,0.5929586157829838,9.295861578298382,0.03630328447970347,spread,nba,0.4070413842170162,0.5929586157829838,2.456752651634176,1.6864583351732405,2.4936039414086886,1.7117552102008389,+149,-140,0.5238094988662143,0.5238094988662143,0.5,0.5,-0.22292095676375234,-0.09295861578298381,0.0,-22.292095676375233,-9.295861578298382,0.13201195676375233,0.09295861578298381,0.14521313791881388,13.201195676375232,9.295861578298382,,,,,,,,,,,,,,,,,,,,
Basketball,NBA,2026_02_19,NBA_2026_02_19_Sacramento_Kings_Orlando_Magic,2026_04_17,11:10 PM,Sacramento Kings,Orlando Magic,11.0,-11.0,223.5,306,-385,-110,-110,-110,-110,4.06,1.25974,1.909091,1.909091,1.909091,1.909091,0.206,0.794,107.8,117.0,224.8,1,2025_NBA,,,,,,,,,,,,,,,,,,,,,,,,,home,11.0,-110.0,0.049120692043703285,0.0540327558447979,0.5495393839495881,4.953938394958812,0.013508188961199475,spread,nba,0.5495393839495881,0.4504606160504119,1.8197057921725492,2.2199499009877663,1.8470013790551374,2.2532491495025826,-118,+125,0.5238094988662143,0.5238094988662143,0.5,0.5,0.049120692043703285,0.04953938394958812,0.0540327558447979,4.9120692043703285,4.953938394958812,-0.14002969204370308,-0.04953938394958812,0.0,-14.002969204370308,-4.953938394958812,,,,,,,,,,,,,,,,,,,,
Basketball,NBA,2026_02_19,NBA_2026_02_19_San_Antonio_Spurs_Phoenix_Suns,2026_04_17,09:40 PM,San Antonio Spurs,Phoenix Suns,-6.5,6.5,225.5,-340,274,-110,-110,-110,-110,1.294118,3.74,1.909091,1.909091,1.909091,1.909091,0.681,0.319,116.8,111.6,228.4,1,2025_NBA,,,,,,,,,,,,,,,,,,,,,,,,,away,6.5,-110.0,0.022934137105209196,0.025227548292975282,0.535822617730223,3.5822617730222994,0.0063068870732438205,spread,nba,0.464177382269777,0.535822617730223,2.15434882912672,1.8662892660934332,2.1866640615636204,1.8942836050848344,+118,-111,0.5238094988662143,0.5238094988662143,0.5,0.5,-0.1138431371052091,-0.035822617730222994,0.0,-11.38431371052091,-3.5822617730222994,0.022934137105209196,0.035822617730222994,0.025227548292975282,2.2934137105209196,3.5822617730222994,,,,,,,,,,,,,,,,,,,,
Basketball,NBA,2026_02_20,NBA_2026_02_20_Los_Angeles_Lakers_Los_Angeles_Clippers,2026_04_17,11:10 PM,Los Angeles Lakers,Los Angeles Clippers,-7.0,7.0,224.0,-275,226,-110,-110,-110,-110,1.363636,3.26,1.909091,1.909091,1.909091,1.909091,0.694,0.306,115.2,109.7,224.9,1,2025_NBA,,,,,,,,,,,,,,,,,,,,,,,,,away,7.0,-110.0,0.03342028526630725,0.03676231011670702,0.5413153617435247,4.131536174352468,0.009190577529176755,spread,nba,0.4586846382564753,0.5413153617435247,2.1801471350798676,1.8473519701696552,2.2128493421060655,1.8750622497221998,+121,-114,0.5238094988662143,0.5238094988662143,0.5,0.5,-0.12432928526630727,-0.04131536174352468,0.0,-12.432928526630727,-4.131536174352468,0.03342028526630725,0.04131536174352468,0.03676231011670702,3.342028526630725,4.131536174352468,,,,,,,,,,,,,,,,,,,,
Basketball,NBA,2026_02_20,NBA_2026_02_20_Minnesota_Timberwolves_Dallas_Mavericks,2026_04_17,08:40 PM,Minnesota Timberwolves,Dallas Mavericks,-12.5,12.5,236.5,-650,476,-110,-110,-110,-110,1.153846,5.76,1.909091,1.909091,1.909091,1.909091,0.841,0.159,123.5,113.6,237.1,1,2025_NBA,,,,,,,,,,,,,,,,,,,,,,,,,away,12.5,-110.0,0.09077247057433513,0.09984970764679786,0.571356981188605,7.135698118860501,0.024962426911699465,spread,nba,0.428643018811395,0.571356981188605,2.332943629346743,1.7502192725810064,2.3679377837869438,1.7764725616697212,+136,-128,0.5238094988662143,0.5238094988662143,0.5,0.5,-0.18168147057433504,-0.071356981188605,0.0,-18.168147057433504,-7.135698118860501,0.09077247057433513,0.071356981188605,0.09984970764679786,9.077247057433514,7.135698118860501,,,,,,,,,,,,,,,,,,,,
Basketball,NBA,2026_02_20,NBA_2026_02_20_Oklahoma_City_Thunder_Brooklyn_Nets,2026_04_17,09:10 PM,Oklahoma City Thunder,Brooklyn Nets,-16.5,16.5,218.0,-1250,776,-110,-110,-110,-110,1.08,8.76,1.909091,1.909091,1.909091,1.909091,0.89,0.11,112.9,101.1,214.0,1,2025_NBA,,,,,,,,,,,,,,,,,,,,,,,,,away,16.5,-110.0,0.19783759952487245,0.2176213377152259,0.6274387127302326,12.743871273023256,0.05,spread,nba,0.37256128726976745,0.6274387127302326,2.6841221408919793,1.5937811609497392,2.724383973005359,1.6176878783639852,+172,-161,0.5238094988662143,0.5238094988662143,0.5,0.5,-0.28874659952487236,-0.12743871273023255,0.0,-28.874659952487235,-12.743871273023256,0.19783759952487245,0.12743871273023255,0.2176213377152259,19.783759952487245,12.743871273023256,,,,,,,,,,,,,,,,,,,,
Basketball,NBA,2026_02_20,NBA_2026_02_20_Washington_Wizards_Indiana_Pacers,2026_04_17,08:10 PM,Washington Wizards,Indiana Pacers,3.0,-3.0,233.0,115,-135,-110,-110,-110,-110,2.15,1.740741,1.909091,1.909091,1.909091,1.909091,0.485,0.515,114.7,115.7,230.4,1,2025_NBA,,,,,,,,,,,,,,,,,,,,,,,,,home,3.0,-110.0,0.059565536990557,0.06552208413740428,0.5550104929469349,5.501049294693495,0.01638052103435107,spread,nba,0.5550104929469349,0.44498950705306506,1.8017677372013414,2.2472440004765097,1.8287942532593613,2.280952660483657,-120,+128,0.5238094988662143,0.5238094988662143,0.5,0.5,0.059565536990557,0.05501049294693494,0.06552208413740428,5.9565536990557,5.501049294693495,-0.1504745369905569,-0.05501049294693494,0.0,-15.04745369905569,-5.501049294693495,,,,,,,,,,,,,,,,,,,,
Basketball,NBA,2026_02_21,NBA_2026_02_21_Chicago_Bulls_Detroit_Pistons,2026_04_17,09:10 PM,Chicago Bulls,Detroit Pistons,10.5,-10.5,230.5,415,-550,-105,-115,-110,-110,5.15,1.181818,1.952381,1.869565,1.909091,1.909091,0.205,0.795,110.5,119.9,230.4,1,2025_NBA,,,,,,,,,,,,,,,,,,,,,,,,,home,10.5,-105.0,0.03539262265804832,0.03716225193283815,0.5303230376950239,4.115730903219089,0.009290562983209537,spread,nba,0.5303230376950239,0.46967696230497613,1.8856431437456733,2.129122951001093,1.9139277909018582,2.1610597952661093,-109,+116,0.5121951094586559,0.5348837831260214,0.489165728662833,0.510834271337167,0.03539262265804832,0.04115730903219089,0.03716225193283815,3.5392622658048323,4.115730903219089,-0.12190838996829734,-0.041157309032190836,0.0,-12.190838996829733,-4.115730903219084,,,,,,,,,,,,,,,,,,,,
Basketball,NBA,2026_02_21,NBA_2026_02_21_Miami_Heat_Memphis_Grizzlies,2026_04_17,09:10 PM,Miami Heat,Memphis Grizzlies,-9.5,9.5,238.0,-370,296,-110,-110,-110,-110,1.27027,3.96,1.909091,1.909091,1.909091,1.909091,0.766,0.234,122.5,114.7,237.2,1,2025_NBA,,,,,,,,,,,,,,,,,,,,,,,,,away,9.5,-110.0,0.04389139521298513,0.04828052990623077,0.5468002285972671,4.680022859726707,0.012070132476557692,spread,nba,0.45319977140273293,0.5468002285972671,2.206532445735408,1.8288214739144277,2.2396304324214387,1.856253796023144,+123,-116,0.5238094988662143,0.5238094988662143,0.5,0.5,-0.13480039521298515,-0.04680022859726707,0.0,-13.480039521298515,-4.680022859726707,0.04389139521298513,0.04680022859726707,0.04828052990623077,4.389139521298513,4.680022859726707,,,,,,,,,,,,,,,,,,,,
Basketball,NBA,2026_02_21,NBA_2026_02_21_New_Orleans_Pelicans_Philadelphia_76ers,2026_04_17,08:10 PM,New Orleans Pelicans,Philadelphia 76ers,3.5,-3.5,229.0,130,-150,-110,-110,-110,-110,2.3,1.666667,1.909091,1.909091,1.909091,1.909091,0.344,0.656,110.5,116.0,226.5,1,2025_NBA,,,,,,,,,,,,,,,,,,,,,,,,,away,-3.5,-110.0,0.059565536990557,0.06552208413740428,0.5550104929469349,5.501049294693495,0.01638052103435107,spread,nba,0.44498950705306506,0.5550104929469349,2.2472440004765097,1.8017677372013414,2.280952660483657,1.8287942532593613,+128,-120,0.5238094988662143,0.5238094988662143,0.5,0.5,-0.1504745369905569,-0.05501049294693494,0.0,-15.04745369905569,-5.501049294693495,0.059565536990557,0.05501049294693494,0.06552208413740428,5.9565536990557,5.501049294693495,,,,,,,,,,,,,,,,,,,,
Basketball,NBA,2026_02_21,NBA_2026_02_21_San_Antonio_Spurs_Sacramento_Kings,2026_04_17,09:10 PM,San Antonio Spurs,Sacramento Kings,-17.5,17.5,228.0,-1700,945,-115,-105,-110,-110,1.058824,10.45,1.869565,1.952381,1.909091,1.909091,0.934,0.066,121.6,106.4,228.0,1,2025_NBA,,,,,,,,,,,,,,,,,,,,,,,,,away,17.5,-105.0,0.0995755631476476,0.10455433607731318,0.5631972259244725,7.403149726163955,0.026138584019328295,spread,nba,0.4368027740755275,0.5631972259244725,2.2893627498507834,1.7755769275293,2.323703191098545,1.8022105814422393,+132,-124,0.5348837831260214,0.5121951094586559,0.510834271337167,0.489165728662833,-0.18336882168548652,-0.07403149726163949,0.0,-18.33688216854865,-7.403149726163949,0.0995755631476476,0.07403149726163955,0.10455433607731318,9.957556314764759,7.403149726163955,,,,,,,,,,,,,,,,,,,,
Basketball,NBA,2026_02_22,NBA_2026_02_22_Chicago_Bulls_New_York_Knicks,2026_04_17,09:10 PM,Chicago Bulls,New York Knicks,10.5,-10.5,232.5,383,-500,-110,-110,-110,-110,4.83,1.2,1.909091,1.909091,1.909091,1.909091,0.252,0.748,111.7,119.9,231.6,1,2025_NBA,,,,,,,,,,,,,,,,,,,,,,,,,home,10.5,-110.0,0.07519475523737662,0.08271422248969203,0.5631972259244722,6.319722592447219,0.020678555622423007,spread,nba,0.5631972259244722,0.4368027740755278,1.7755769275293012,2.2893627498507816,1.8022105814422404,2.3237031910985433,-124,+132,0.5238094988662143,0.5238094988662143,0.5,0.5,0.07519475523737662,0.06319722592447219,0.08271422248969203,7.519475523737662,6.319722592447219,-0.16610375523737653,-0.06319722592447219,0.0,-16.610375523737652,-6.319722592447219,,,,,,,,,,,,,,,,,,,,
Basketball,NBA,2026_02_22,NBA_2026_02_22_Golden_State_Warriors_Denver_Nuggets,2026_04_17,04:40 PM,Golden State Warriors,Denver Nuggets,4.0,-4.0,230.5,165,-190,-110,-110,-110,-110,2.65,1.526316,1.909091,1.909091,1.909091,1.909091,0.299,0.701,110.9,117.2,228.1,1,2025_NBA,,,,,,,,,,,,,,,,,,,,,,,,,away,-4.0,-110.0,0.07519475523737662,0.08271422248969203,0.5631972259244722,6.319722592447219,0.020678555622423007,spread,nba,0.4368027740755278,0.5631972259244722,2.2893627498507816,1.7755769275293012,2.3237031910985433,1.8022105814422404,+132,-124,0.5238094988662143,0.5238094988662143,0.5,0.5,-0.16610375523737653,-0.06319722592447219,0.0,-16.610375523737652,-6.319722592447219,0.07519475523737662,0.06319722592447219,0.08271422248969203,7.519475523737662,6.319722592447219,,,,,,,,,,,,,,,,,,,,
Basketball,NBA,2026_02_22,NBA_2026_02_22_Indiana_Pacers_Dallas_Mavericks,2026_04_17,06:10 PM,Indiana Pacers,Dallas Mavericks,2.5,-2.5,230.5,105,-125,-110,-110,-110,-110,2.05,1.8,1.909091,1.909091,1.909091,1.909091,0.483,0.517,114.4,115.6,230.0,1,2025_NBA,,,,,,,,,,,,,,,,,,,,,,,,,home,2.5,-110.0,0.022934137105210084,0.025227548292976198,0.5358226177302234,3.582261773022344,0.0063068870732440495,spread,nba,0.5358226177302234,0.46417738226977656,1.8662892660934316,2.154348829126722,1.8942836050848328,2.1866640615636226,-111,+118,0.5238094988662143,0.5238094988662143,0.5,0.5,0.022934137105210084,0.03582261773022344,0.025227548292976198,2.2934137105210084,3.582261773022344,-0.11384313710520999,-0.03582261773022344,0.0,-11.384313710520999,-3.582261773022344,,,,,,,,,,,,,,,,,,,,
Basketball,NBA,2026_02_22,NBA_2026_02_22_Los_Angeles_Lakers_Boston_Celtics,2026_04_17,07:38 PM,Los Angeles Lakers,Boston Celtics,1.0,-1.0,227.5,110,-130,-110,-104,-110,-110,2.1,1.769231,1.909091,1.961538,1.909091,1.909091,0.473,0.527,114.5,116.2,230.7,1,2025_NBA,,,,,,,,,,,,,,,,,,,,,,,,,away,-1.0,-104.0,0.018641499054083965,0.019387168322088175,0.5193075530803298,2.608255011569538,0.004846792080522044,spread,nba,0.48069244691967017,0.5193075530803298,2.080332250710635,1.9256411620982403,2.1115372344712946,1.9545257795297137,+111,-104,0.5238094988662143,0.5098040415225196,0.5067749970353655,0.49322500296463445,-0.08231437581767986,-0.02608255011569538,0.0,-8.231437581767986,-2.608255011569538,0.018641499054083965,0.02608255011569538,0.019387168322088175,1.8641499054083965,2.608255011569538,,,,,,,,,,,,,,,,,,,,
Basketball,NBA,2026_02_22,NBA_2026_02_22_Minnesota_Timberwolves_Philadelphia_76ers,2026_04_17,08:10 PM,Minnesota Timberwolves,Philadelphia 76ers,-9.0,9.0,237.0,-350,280,-110,-110,-110,-110,1.285714,3.8,1.909091,1.909091,1.909091,1.909091,0.703,0.297,120.5,115.1,235.6,1,2025_NBA,,,,,,,,,,,,,,,,,,,,,,,,,away,9.0,-110.0,0.14224316466924125,0.1564674654894188,0.598317819668754,9.831781966875397,0.0391168663723547,spread,nba,0.40168218033124603,0.598317819668754,2.489530402307996,1.6713525272465208,2.5268733583426157,1.6964228151552185,+152,-143,0.5238094988662143,0.5238094988662143,0.5,0.5,-0.23315216466924116,-0.09831781966875397,0.0,-23.315216466924117,-9.831781966875397,0.14224316466924125,0.09831781966875397,0.1564674654894188,14.224316466924126,9.831781966875397,,,,,,,,,,,,,,,,,,,,
Basketball,NBA,2026_02_22,NBA_2026_02_22_Oklahoma_City_Thunder_Cleveland_Cavaliers,2026_04_17,02:10 PM,Oklahoma City Thunder,Cleveland Cavaliers,2.5,-2.5,224.0,125,-145,-110,-110,-110,-110,2.25,1.689655,1.909091,1.909091,1.909091,1.909091,0.399,0.601,111.8,115.7,227.5,1,2025_NBA,,,,,,,,,,,,,,,,,,,,,,,,,away,-2.5,-110.0,0.0281789669242809,0.030996860517022936,0.5385699094093895,3.8569909409389536,0.007749215129255734,spread,nba,0.46143009059061046,0.5385699094093895,2.167175527543172,1.8567691631651446,2.1996831604563196,1.8846207006126217,+119,-113,0.5238094988662143,0.5238094988662143,0.5,0.5,-0.11908796692428081,-0.038569909409389536,0.0,-11.90879669242808,-3.8569909409389536,0.0281789669242809,0.038569909409389536,0.030996860517022936,2.81789669242809,3.8569909409389536,,,,,,,,,,,,,,,,,,,,
Basketball,NBA,2026_02_22,NBA_2026_02_22_Washington_Wizards_Charlotte_Hornets,2026_04_17,07:10 PM,Washington Wizards,Charlotte Hornets,10.0,-10.0,229.0,400,-525,-110,-110,-110,-110,5.0,1.190476,1.909091,1.909091,1.909091,1.909091,0.238,0.762,109.2,117.7,226.9,1,2025_NBA,,,,,,,,,,,,,,,,,,,,,,,,,home,10.0,-110.0,0.03342028526630725,0.03676231011670702,0.5413153617435247,4.131536174352468,0.009190577529176755,spread,nba,0.5413153617435247,0.4586846382564753,1.8473519701696552,2.1801471350798676,1.8750622497221998,2.2128493421060655,-114,+121,0.5238094988662143,0.5238094988662143,0.5,0.5,0.03342028526630725,0.04131536174352468,0.03676231011670702,3.342028526630725,4.131536174352468,-0.12432928526630727,-0.04131536174352468,0.0,-12.432928526630727,-4.131536174352468,,,,,,,,,,,,,,,,,,,,
Basketball,NBA,2026_02_23,NBA_2026_02_23_Detroit_Pistons_San_Antonio_Spurs,2026_04_17,08:10 PM,Detroit Pistons,San Antonio Spurs,-2.0,2.0,227.5,-115,-105,-110,-110,-110,-110,1.869565,1.952381,1.909091,1.909091,1.909091,1.909091,0.527,0.473,114.0,113.2,227.2,1,2025_NBA,,,,,,,,,,,,,,,,,,,,,,,,,away,2.0,-110.0,0.017686044522422728,0.019454647029200297,0.5330736169844301,3.307361698443012,0.004863661757300074,spread,nba,0.4669263830155699,0.5330736169844301,2.1416652311262836,1.8759135101394593,2.173790209593178,1.904052212791551,+117,-110,0.5238094988662143,0.5238094988662143,0.5,0.5,-0.10859504452242263,-0.03307361698443012,0.0,-10.859504452242263,-3.307361698443012,0.017686044522422728,0.03307361698443012,0.019454647029200297,1.7686044522422728,3.307361698443012,,,,,,,,,,,,,,,,,,,,
Basketball,NBA,2026_02_23,NBA_2026_02_23_Houston_Rockets_Utah_Jazz,2026_04_17,10:40 PM,Houston Rockets,Utah Jazz,-15.5,15.5,224.0,-1050,686,-110,-110,-110,-110,1.095238,7.86,1.909091,1.909091,1.909091,1.909091,0.856,0.144,119.1,108.6,227.7,1,2025_NBA,,,,,,,,,,,,,,,,,,,,,,,,,away,15.5,-110.0,0.21277601876182062,0.23405359723264293,0.6352635986245918,13.52635986245918,0.05,spread,nba,0.3647364013754082,0.6352635986245918,2.741706054643943,1.5741496949692984,2.782831645463602,1.5977619403938377,+178,-167,0.5238094988662143,0.5238094988662143,0.5,0.5,-0.3036850187618205,-0.1352635986245918,0.0,-30.36850187618205,-13.52635986245918,0.21277601876182062,0.1352635986245918,0.23405359723264293,21.27760187618206,13.52635986245918,,,,,,,,,,,,,,,,,,,,
Basketball,NBA,2026_02_23,NBA_2026_02_23_Memphis_Grizzlies_Sacramento_Kings,2026_04_17,09:10 PM,Memphis Grizzlies,Sacramento Kings,-4.0,4.0,233.0,-215,183,-110,-110,-110,-110,1.465116,2.83,1.909091,1.909091,1.909091,1.909091,0.705,0.295,119.5,114.0,233.5,1,2025_NBA,,,,,,,,,,,,,,,,,,,,,,,,,home,-4.0,-110.0,0.03342028526630725,0.03676231011670702,0.5413153617435247,4.131536174352468,0.009190577529176755,spread,nba,0.5413153617435247,0.4586846382564753,1.8473519701696552,2.1801471350798676,1.8750622497221998,2.2128493421060655,-114,+121,0.5238094988662143,0.5238094988662143,0.5,0.5,0.03342028526630725,0.04131536174352468,0.03676231011670702,3.342028526630725,4.131536174352468,-0.12432928526630727,-0.04131536174352468,0.0,-12.432928526630727,-4.131536174352468,,,,,,,,,,,,,,,,,,,,
Basketball,NBA,2026_02_24,NBA_2026_02_24_Atlanta_Hawks_Washington_Wizards,2026_04_17,7:40 PM,Atlanta Hawks,Washington Wizards,-12.5,12.5,235.5,-650,470,-102,-118,-112,-108,1.153846,5.7,1.980392,1.847458,1.892857,1.925926,0.838,0.162,123.1,113.2,236.3,1,2025_NBA,,,,,,,,,,,,,,,,,,,,,,,,,away,12.5,-118.0,0.055558025752738605,0.06555844154251733,0.5713569811886055,5.399292564828917,0.016389610385629333,spread,nba,0.42864301881139455,0.5713569811886055,2.332943629346745,1.750219272581005,2.367937783786946,1.77647256166972,+136,-128,0.504950535045587,0.5412842944196837,0.48263594445968355,0.5173640555403163,-0.15111879469006473,-0.053992925648289,0.0,-15.111879469006473,-5.3992925648289,0.055558025752738605,0.05399292564828917,0.06555844154251733,5.5558025752738605,5.399292564828917,,,,,,,,,,,,,,,,,,,,
Basketball,NBA,2026_02_24,NBA_2026_02_24_Brooklyn_Nets_Dallas_Mavericks,2026_04_17,7:40 PM,Brooklyn Nets,Dallas Mavericks,1.5,-1.5,226.5,105,-125,-110,-110,-110,-110,2.05,1.8,1.909091,1.909091,1.909091,1.909091,0.434,0.566,110.2,113.0,223.2,1,2025_NBA,,,,,,,,,,,,,,,,,,,,,,,,,away,-1.5,-110.0,0.022934137105209196,0.025227548292975282,0.535822617730223,3.5822617730222994,0.0063068870732438205,spread,nba,0.464177382269777,0.535822617730223,2.15434882912672,1.8662892660934332,2.1866640615636204,1.8942836050848344,+118,-111,0.5238094988662143,0.5238094988662143,0.5,0.5,-0.1138431371052091,-0.035822617730222994,0.0,-11.38431371052091,-3.5822617730222994,0.022934137105209196,0.035822617730222994,0.025227548292975282,2.2934137105209196,3.5822617730222994,,,,,,,,,,,,,,,,,,,,
Basketball,NBA,2026_02_24,NBA_2026_02_24_Chicago_Bulls_Charlotte_Hornets,2026_04_17,8:10 PM,Chicago Bulls,Charlotte Hornets,8.5,-8.5,232.5,260,-325,-120,100,-108,-112,3.6,1.307692,1.833333,2.0,1.925926,1.892857,0.311,0.689,111.8,118.0,229.8,1,2025_NBA,,,,,,,,,,,,,,,,,,,,,,,,,home,8.5,-120.0,0.03252805979579043,0.03903368736842346,0.5631972259244722,4.145805012106562,0.009758421842105866,spread,nba,0.5631972259244722,0.4368027740755278,1.7755769275293012,2.2893627498507816,1.8022105814422404,2.3237031910985433,-124,+132,0.5454546446281172,0.5,0.5217391758034066,0.4782608241965934,0.03252805979579043,0.041458050121065626,0.03903368736842346,3.252805979579043,4.145805012106562,-0.12639445184894438,-0.04145805012106557,0.0,-12.639445184894438,-4.145805012106557,,,,,,,,,,,,,,,,,,,,
Basketball,NBA,2026_02_24,NBA_2026_02_24_Indiana_Pacers_Philadelphia_76ers,2026_04_17,7:10 PM,Indiana Pacers,Philadelphia 76ers,9.5,-9.5,233.5,330,-425,100,-120,-108,-112,4.3,1.235294,2.0,1.833333,1.925926,1.892857,0.232,0.768,111.2,119.9,231.1,1,2025_NBA,,,,,,,,,,,,,,,,,,,,,,,,,home,9.5,100.0,0.04412627414726611,0.04412627414726611,0.522063137073633,4.3802312877039675,0.011031568536816527,spread,nba,0.522063137073633,0.47793686292636695,1.9154771309949004,2.092326576102719,1.9442092879598236,2.1237114747442596,-105,+112,0.5,0.5454546446281172,0.4782608241965934,0.5217391758034066,0.04412627414726611,0.04380231287703967,0.04412627414726611,4.412627414726611,4.3802312877039675,-0.12378257728061481,-0.04380231287703962,0.0,-12.378257728061481,-4.380231287703962,,,,,,,,,,,,,,,,,,,,
Basketball,NBA,2026_02_24,NBA_2026_02_24_Toronto_Raptors_Oklahoma_City_Thunder,2026_04_17,7:40 PM,Toronto Raptors,Oklahoma City Thunder,-2.5,2.5,215.5,-142,120,-108,-112,-112,-108,1.704225,2.2,1.925926,1.892857,1.892857,1.925926,0.469,0.531,107.7,109.5,217.2,1,2025_NBA,,,,,,,,,,,,,,,,,,,,,,,,,away,2.5,-112.0,0.16774830620586645,0.1878781330110717,0.616923680027528,11.259389747638537,0.046969533252767925,spread,nba,0.38307631997247205,0.616923680027528,2.6104458768734653,1.6209460462846534,2.649602565026567,1.645260236978923,+164,-154,0.5192307492603558,0.5283019266642963,0.4956702174488574,0.5043297825511426,-0.26222335538069674,-0.11259389747638537,0.0,-26.222335538069675,-11.259389747638537,0.16774830620586645,0.11259389747638537,0.1878781330110717,16.774830620586645,11.259389747638537,,,,,,,,,,,,,,,,,,,,
Basketball,NBA,2026_02_25,NBA_2026_02_25_Denver_Nuggets_Boston_Celtics,2026_04_17,11:10 PM,Denver Nuggets,Boston Celtics,-4.5,4.5,227.5,-165,145,-110,-110,-110,-110,1.606061,2.45,1.909091,1.909091,1.909091,1.909091,0.579,0.421,115.0,112.6,227.6,1,2025_NBA,,,,,,,,,,,,,,,,,,,,,,,,,away,4.5,-110.0,0.06478059408351822,0.07125864636600528,0.5577421893893576,5.7742189389357605,0.01781466159150132,spread,nba,0.4422578106106424,0.5577421893893576,2.2611245658256696,1.792943081990708,2.2950414343130543,1.8198372282205684,+129,-121,0.5238094988662143,0.5238094988662143,0.5,0.5,-0.155689594083518,-0.0577421893893576,0.0,-15.568959408351802,-5.7742189389357605,0.06478059408351822,0.0577421893893576,0.07125864636600528,6.478059408351822,5.7742189389357605,,,,,,,,,,,,,,,,,,,,
Basketball,NBA,2026_02_25,NBA_2026_02_25_Detroit_Pistons_Oklahoma_City_Thunder,2026_04_17,08:40 PM,Detroit Pistons,Oklahoma City Thunder,-5.5,5.5,218.0,-300,245,-110,-110,-110,-110,1.333333,3.45,1.909091,1.909091,1.909091,1.909091,0.776,0.224,115.0,107.0,222.0,1,2025_NBA,,,,,,,,,,,,,,,,,,,,,,,,,home,-5.5,-110.0,0.08558602485182543,0.09414461792254616,0.5686402716538004,6.864027165380038,0.02353615448063654,spread,nba,0.5686402716538004,0.4313597283461996,1.758581039453393,2.3182507181046406,1.7849597550451937,2.35302447887621,-127,+135,0.5238094988662143,0.5238094988662143,0.5,0.5,0.08558602485182543,0.06864027165380038,0.09414461792254616,8.558602485182544,6.864027165380038,-0.17649502485182533,-0.06864027165380038,0.0,-17.649502485182534,-6.864027165380038,,,,,,,,,,,,,,,,,,,,
Basketball,NBA,2026_02_25,NBA_2026_02_25_Houston_Rockets_Sacramento_Kings,2026_04_17,09:10 PM,Houston Rockets,Sacramento Kings,-15.0,15.0,222.0,-1100,709,-110,-110,-110,-110,1.090909,8.09,1.909091,1.909091,1.909091,1.909091,0.898,0.102,117.8,105.3,223.1,1,2025_NBA,,,,,,,,,,,,,,,,,,,,,,,,,away,15.0,-110.0,0.08558602485182543,0.09414461792254616,0.5686402716538004,6.864027165380038,0.02353615448063654,spread,nba,0.4313597283461996,0.5686402716538004,2.3182507181046406,1.758581039453393,2.35302447887621,1.7849597550451937,+135,-127,0.5238094988662143,0.5238094988662143,0.5,0.5,-0.17649502485182533,-0.06864027165380038,0.0,-17.649502485182534,-6.864027165380038,0.08558602485182543,0.06864027165380038,0.09414461792254616,8.558602485182544,6.864027165380038,,,,,,,,,,,,,,,,,,,,
Basketball,NBA,2026_02_25,NBA_2026_02_25_Memphis_Grizzlies_Golden_State_Warriors,2026_04_17,08:40 PM,Memphis Grizzlies,Golden State Warriors,1.5,-1.5,226.5,145,-165,-110,-110,-110,-110,2.45,1.606061,1.909091,1.909091,1.909091,1.909091,0.408,0.592,113.8,117.3,231.1,1,2025_NBA,,,,,,,,,,,,,,,,,,,,,,,,,away,-1.5,-110.0,0.059565536990557,0.06552208413740428,0.5550104929469349,5.501049294693495,0.01638052103435107,spread,nba,0.44498950705306506,0.5550104929469349,2.2472440004765097,1.8017677372013414,2.280952660483657,1.8287942532593613,+128,-120,0.5238094988662143,0.5238094988662143,0.5,0.5,-0.1504745369905569,-0.05501049294693494,0.0,-15.04745369905569,-5.501049294693495,0.059565536990557,0.05501049294693494,0.06552208413740428,5.9565536990557,5.501049294693495,,,,,,,,,,,,,,,,,,,,
Basketball,NBA,2026_02_25,NBA_2026_02_25_Milwaukee_Bucks_Cleveland_Cavaliers,2026_04_17,09:10 PM,Milwaukee Bucks,Cleveland Cavaliers,9.0,-9.0,230.0,296,-370,-110,-110,-110,-110,3.96,1.27027,1.909091,1.909091,1.909091,1.909091,0.478,0.522,113.1,114.6,227.7,1,2025_NBA,,,,,,,,,,,,,,,,,,,,,,,,,home,9.0,-110.0,0.3326010604979148,0.36586112996159326,0.6980290936879985,19.80290936879985,0.05,spread,nba,0.6980290936879985,0.3019709063120015,1.432605043317829,3.3115773046254424,1.4540941189675962,3.3612509641948236,-220,+236,0.5238094988662143,0.5238094988662143,0.5,0.5,0.3326010604979148,0.19802909368799848,0.36586112996159326,33.26010604979148,19.80290936879985,-0.42351006049791473,-0.19802909368799848,0.0,-42.35100604979147,-19.80290936879985,,,,,,,,,,,,,,,,,,,,
Basketball,NBA,2026_02_26,NBA_2026_02_26_Atlanta_Hawks_Washington_Wizards,2026_04_17,08:40 PM,Atlanta Hawks,Washington Wizards,-12.0,12.0,233.0,-650,476,-110,-110,-110,-110,1.153846,5.76,1.909091,1.909091,1.909091,1.909091,0.792,0.208,120.8,112.4,233.2,1,2025_NBA,,,,,,,,,,,,,,,,,,,,,,,,,away,12.0,-110.0,0.14224316466924192,0.15646746548941953,0.5983178196687543,9.83178196687543,0.03911686637235488,spread,nba,0.4016821803312457,0.5983178196687543,2.4895304023079983,1.6713525272465197,2.526873358342618,1.6964228151552174,+152,-143,0.5238094988662143,0.5238094988662143,0.5,0.5,-0.23315216466924182,-0.0983178196687543,0.0,-23.315216466924184,-9.83178196687543,0.14224316466924192,0.0983178196687543,0.15646746548941953,14.224316466924192,9.83178196687543,,,,,,,,,,,,,,,,,,,,
Basketball,NBA,2026_02_26,NBA_2026_02_26_Brooklyn_Nets_San_Antonio_Spurs,2026_04_17,08:40 PM,Brooklyn Nets,San Antonio Spurs,14.0,-14.0,225.0,526,-735,-110,-110,-110,-110,6.26,1.136054,1.909091,1.909091,1.909091,1.909091,0.193,0.807,106.2,115.9,222.1,1,2025_NBA,,,,,,,,,,,,,,,,,,,,,,,,,home,14.0,-110.0,0.17776344522743348,0.19553977019619978,0.616923680027528,11.692368002752795,0.048884942549049945,spread,nba,0.616923680027528,0.38307631997247205,1.6209460462846534,2.6104458768734653,1.645260236978923,2.649602565026567,-154,+164,0.5238094988662143,0.5238094988662143,0.5,0.5,0.17776344522743348,0.11692368002752795,0.19553977019619978,17.776344522743347,11.692368002752795,-0.2686724452274334,-0.11692368002752795,0.0,-26.867244522743338,-11.692368002752795,,,,,,,,,,,,,,,,,,,,
Basketball,NBA,2026_02_26,NBA_2026_02_26_Indiana_Pacers_Charlotte_Hornets,2026_04_17,08:10 PM,Indiana Pacers,Charlotte Hornets,13.0,-13.0,230.0,561,-800,-110,-110,-110,-110,6.61,1.125,1.909091,1.909091,1.909091,1.909091,0.183,0.817,108.8,118.8,227.6,1,2025_NBA,,,,,,,,,,,,,,,,,,,,,,,,,home,13.0,-110.0,0.11145139478604937,0.12259652200500222,0.5821887981170355,8.21887981170355,0.030649130501250555,spread,nba,0.5821887981170355,0.4178112018829645,1.7176558587768864,2.3934255364462818,1.7434206966585395,2.4293269194929756,-134,+142,0.5238094988662143,0.5238094988662143,0.5,0.5,0.11145139478604937,0.0821887981170355,0.12259652200500222,11.145139478604937,8.21887981170355,-0.2023603947860494,-0.0821887981170355,0.0,-20.23603947860494,-8.21887981170355,,,,,,,,,,,,,,,,,,,,
Basketball,NBA,2026_02_26,NBA_2026_02_26_Los_Angeles_Clippers_Minnesota_Timberwolves,2026_04_17,11:10 PM,Los Angeles Clippers,Minnesota Timberwolves,4.5,-4.5,226.0,180,-210,-110,-110,-110,-110,2.8,1.47619,1.909091,1.909091,1.909091,1.909091,0.317,0.683,109.3,115.4,224.7,1,2025_NBA,,,,,,,,,,,,,,,,,,,,,,,,,away,-4.5,-110.0,0.03865784392032401,0.042523624059993936,0.5440588447173675,4.405884471736754,0.010630906014998484,spread,nba,0.45594115528263246,0.5440588447173675,2.1932654870344224,1.8380364729103682,2.2261644693399383,1.8656070200040236,+122,-115,0.5238094988662143,0.5238094988662143,0.5,0.5,-0.12956684392032392,-0.04405884471736754,0.0,-12.956684392032392,-4.405884471736754,0.03865784392032401,0.04405884471736754,0.042523624059993936,3.865784392032401,4.405884471736754,,,,,,,,,,,,,,,,,,,,
Basketball,NBA,2026_02_26,NBA_2026_02_26_Utah_Jazz_New_Orleans_Pelicans,2026_04_17,10:10 PM,Utah Jazz,New Orleans Pelicans,1.5,-1.5,237.0,161,-185,-110,-110,-110,-110,2.61,1.540541,1.909091,1.909091,1.909091,1.909091,0.366,0.634,118.5,123.1,241.6,1,2025_NBA,,,,,,,,,,,,,,,,,,,,,,,,,away,-1.5,-110.0,0.11660322105641518,0.12826353033570378,0.5848873736539616,8.48873736539616,0.032065882583925946,spread,nba,0.4151126263460384,0.5848873736539616,2.408984782762061,1.7097308730614393,2.445119554503492,1.7353768361573607,+144,-135,0.5238094988662143,0.5238094988662143,0.5,0.5,-0.2075122210564152,-0.0848873736539616,0.0,-20.75122210564152,-8.48873736539616,0.11660322105641518,0.0848873736539616,0.12826353033570378,11.66032210564152,8.48873736539616,,,,,,,,,,,,,,,,,,,,
Basketball,NBA,2026_02_27,NBA_2026_02_27_Boston_Celtics_Brooklyn_Nets,2026_04_17,08:40 PM,Boston Celtics,Brooklyn Nets,-18.5,18.5,210.0,-1400,836,-110,-110,-110,-110,1.071429,9.36,1.909091,1.909091,1.909091,1.909091,0.902,0.098,112.0,99.3,211.3,1,2025_NBA,,,,,,,,,,,,,,,,,,,,,,,,,away,18.5,-110.0,0.2520745558536779,0.27728198371084717,0.6558485456448528,15.584854564485283,0.05,spread,nba,0.34415145435514716,0.6558485456448528,2.9056974403137343,1.5247422695994022,2.94928290191844,1.547613403643393,+194,-182,0.5238094988662143,0.5238094988662143,0.5,0.5,-0.3429835558536777,-0.15584854564485284,0.0,-34.298355585367766,-15.584854564485283,0.2520745558536779,0.15584854564485284,0.27728198371084717,25.20745558536779,15.584854564485283,,,,,,,,,,,,,,,,,,,,
Basketball,NBA,2026_02_27,NBA_2026_02_27_Dallas_Mavericks_Memphis_Grizzlies,2026_04_17,09:40 PM,Dallas Mavericks,Memphis Grizzlies,-5.5,5.5,236.5,-210,180,-110,-110,-110,-110,1.47619,2.8,1.909091,1.909091,1.909091,1.909091,0.605,0.395,121.7,118.5,240.2,1,2025_NBA,,,,,,,,,,,,,,,,,,,,,,,,,away,5.5,-110.0,0.07519475523737662,0.08271422248969203,0.5631972259244722,6.319722592447219,0.020678555622423007,spread,nba,0.4368027740755278,0.5631972259244722,2.2893627498507816,1.7755769275293012,2.3237031910985433,1.8022105814422404,+132,-124,0.5238094988662143,0.5238094988662143,0.5,0.5,-0.16610375523737653,-0.06319722592447219,0.0,-16.610375523737652,-6.319722592447219,0.07519475523737662,0.06319722592447219,0.08271422248969203,7.519475523737662,6.319722592447219,,,,,,,,,,,,,,,,,,,,
Basketball,NBA,2026_02_27,NBA_2026_02_27_Detroit_Pistons_Cleveland_Cavaliers,2026_04_17,08:10 PM,Detroit Pistons,Cleveland Cavaliers,-7.0,7.0,225.0,-250,207,-110,-110,-110,-110,1.4,3.07,1.909091,1.909091,1.909091,1.909091,0.707,0.293,117.3,111.7,229.0,1,2025_NBA,,,,,,,,,,,,,,,,,,,,,,,,,away,7.0,-110.0,0.0281789669242809,0.030996860517022936,0.5385699094093895,3.8569909409389536,0.007749215129255734,spread,nba,0.46143009059061046,0.5385699094093895,2.167175527543172,1.8567691631651446,2.1996831604563196,1.8846207006126217,+119,-113,0.5238094988662143,0.5238094988662143,0.5,0.5,-0.11908796692428081,-0.038569909409389536,0.0,-11.90879669242808,-3.8569909409389536,0.0281789669242809,0.038569909409389536,0.030996860517022936,2.81789669242809,3.8569909409389536,,,,,,,,,,,,,,,,,,,,
Basketball,NBA,2026_02_27,NBA_2026_02_27_Milwaukee_Bucks_New_York_Knicks,2026_04_17,09:10 PM,Milwaukee Bucks,New York Knicks,8.0,-8.0,223.0,252,-310,-110,-110,-110,-110,3.52,1.322581,1.909091,1.909091,1.909091,1.909091,0.291,0.709,107.4,114.0,221.4,1,2025_NBA,,,,,,,,,,,,,,,,,,,,,,,,,home,8.0,-110.0,0.0281789669242809,0.030996860517022936,0.5385699094093895,3.8569909409389536,0.007749215129255734,spread,nba,0.5385699094093895,0.46143009059061046,1.8567691631651446,2.167175527543172,1.8846207006126217,2.1996831604563196,-113,+119,0.5238094988662143,0.5238094988662143,0.5,0.5,0.0281789669242809,0.038569909409389536,0.030996860517022936,2.81789669242809,3.8569909409389536,-0.11908796692428081,-0.038569909409389536,0.0,-11.90879669242808,-3.8569909409389536,,,,,,,,,,,,,,,,,,,,
Basketball,NBA,2026_02_27,NBA_2026_02_27_Oklahoma_City_Thunder_Denver_Nuggets,2026_04_17,10:40 PM,Oklahoma City Thunder,Denver Nuggets,-8.0,8.0,231.5,-320,260,-110,-110,-110,-110,1.3125,3.6,1.909091,1.909091,1.909091,1.909091,0.73,0.27,119.2,112.6,231.8,1,2025_NBA,,,,,,,,,,,,,,,,,,,,,,,,,away,8.0,-110.0,0.028178966924280013,0.03099686051702202,0.5385699094093891,3.856990940938909,0.007749215129255505,spread,nba,0.4614300905906109,0.5385699094093891,2.1671755275431703,1.8567691631651462,2.199683160456318,1.8846207006126232,+119,-113,0.5238094988662143,0.5238094988662143,0.5,0.5,-0.11908796692428003,-0.03856990940938909,0.0,-11.908796692428004,-3.856990940938909,0.028178966924280013,0.03856990940938909,0.03099686051702202,2.8178966924280013,3.856990940938909,,,,,,,,,,,,,,,,,,,,
Basketball,NBA,2026_03_01,NBA_2026_03_01_Boston_Celtics_Philadelphia_76ers,2026_04_17,8:10 PM,Boston Celtics,Philadelphia 76ers,-9.5,9.5,221.5,-360,285,-108,-112,-110,-110,1.277778,3.85,1.925926,1.892857,1.909091,1.909091,0.673,0.327,114.2,109.1,223.3,1,2025_NBA,,,,,,,,,,,,,,,,,,,,,,,,,away,9.5,-112.0,0.17274012911809966,0.19346897556730783,0.6195608696896278,11.523108713848519,0.04836724389182696,spread,nba,0.38043913031037224,0.6195608696896278,2.6285413889580016,1.6140464140366955,2.6679695097923712,1.6382571102472456,+166,-156,0.5192307492603558,0.5283019266642963,0.4956702174488574,0.5043297825511426,-0.26730238751786606,-0.11523108713848518,0.0,-26.730238751786604,-11.523108713848519,0.17274012911809966,0.11523108713848518,0.19346897556730783,17.274012911809965,11.523108713848519,,,,,,,,,,,,,,,,,,,,
Basketball,NBA,2026_03_01,NBA_2026_03_01_Brooklyn_Nets_Cleveland_Cavaliers,2026_04_17,3:40 PM,Brooklyn Nets,Cleveland Cavaliers,11.5,-11.5,222.5,440,-600,-102,-118,-112,-108,5.4,1.166667,1.980392,1.847458,1.892857,1.925926,0.168,0.832,106.8,117.4,224.2,1,2025_NBA,,,,,,,,,,,,,,,,,,,,,,,,,home,11.5,-102.0,0.03934470856932082,0.040131609161764704,0.5248176666888782,4.218172222919464,0.010032902290441176,spread,nba,0.5248176666888782,0.4751823333111218,1.9054236613433573,2.1044553425037753,1.9340050162635074,2.1360221726413315,-107,+113,0.504950535045587,0.5412842944196837,0.48263594445968355,0.5173640555403163,0.03934470856932082,0.04218172222919464,0.040131609161764704,3.934470856932082,4.218172222919464,-0.12212059686570154,-0.042181722229194474,0.0,-12.212059686570154,-4.218172222919447,,,,,,,,,,,,,,,,,,,,
Basketball,NBA,2026_03_01,NBA_2026_03_01_Dallas_Mavericks_Oklahoma_City_Thunder,2026_04_17,8:10 PM,Dallas Mavericks,Oklahoma City Thunder,15.5,-15.5,233.5,675,-1050,-108,-112,-112,-108,7.75,1.095238,1.925926,1.892857,1.892857,1.925926,0.132,0.868,110.0,121.7,231.7,1,2025_NBA,,,,,,,,,,,,,,,,,,,,,,,,,home,15.5,-108.0,0.16260178614147947,0.17560991498400474,0.6036585965096684,10.798837906081094,0.043902478746001186,spread,nba,0.6036585965096684,0.39634140349033165,1.6565654921208162,2.5230773045501262,1.6814139745026282,2.560923464118378,-146,+156,0.5192307492603558,0.5283019266642963,0.4956702174488574,0.5043297825511426,0.16260178614147947,0.10798837906081094,0.17560991498400474,16.260178614147947,10.798837906081094,-0.24978240001350127,-0.10798837906081094,0.0,-24.978240001350127,-10.798837906081094,,,,,,,,,,,,,,,,,,,,
Basketball,NBA,2026_03_01,NBA_2026_03_01_Indiana_Pacers_Memphis_Grizzlies,2026_04_17,5:10 PM,Indiana Pacers,Memphis Grizzlies,-1.5,1.5,237.5,-118,-102,100,-120,-115,-105,1.847458,1.980392,2.0,1.833333,1.869565,1.952381,0.465,0.535,117.7,119.6,237.3,1,2025_NBA,,,,,,,,,,,,,,,,,,,,,,,,,away,1.5,-120.0,0.0870905979492651,0.10450875934262185,0.5929586157829838,7.121943997957725,0.026127189835655464,spread,nba,0.4070413842170162,0.5929586157829838,2.456752651634176,1.6864583351732405,2.4936039414086886,1.7117552102008389,+149,-140,0.5,0.5454546446281172,0.4782608241965934,0.5217391758034066,-0.18591723156596762,-0.07121943997957719,0.0,-18.591723156596764,-7.121943997957719,0.0870905979492651,0.07121943997957725,0.10450875934262185,8.70905979492651,7.121943997957725,,,,,,,,,,,,,,,,,,,,
Basketball,NBA,2026_03_01,NBA_2026_03_01_Los_Angeles_Clippers_New_Orleans_Pelicans,2026_04_17,9:10 PM,Los Angeles Clippers,New Orleans Pelicans,-8.5,8.5,222.5,-360,285,-115,-105,-108,-112,1.277778,3.85,1.869565,1.952381,1.925926,1.892857,0.679,0.321,114.7,109.6,224.3,1,2025_NBA,,,,,,,,,,,,,,,,,,,,,,,,,away,8.5,-105.0,0.1576811352409977,0.1655651837247884,0.5929586157829838,10.379288712015084,0.0413912959311971,spread,nba,0.4070413842170162,0.5929586157829838,2.456752651634176,1.6864583351732405,2.4936039414086886,1.7117552102008389,+149,-140,0.5348837831260214,0.5121951094586559,0.510834271337167,0.489165728662833,-0.23900967451631416,-0.10379288712015078,0.0,-23.900967451631416,-10.379288712015079,0.1576811352409977,0.10379288712015083,0.1655651837247884,15.76811352409977,10.379288712015084,,,,,,,,,,,,,,,,,,,,
Basketball,NBA,2026_03_01,NBA_2026_03_01_Los_Angeles_Lakers_Sacramento_Kings,2026_04_17,9:40 PM,Los Angeles Lakers,Sacramento Kings,-12.5,12.5,232.5,-700,500,-112,-108,-108,-112,1.142857,6.0,1.892857,1.925926,1.925926,1.892857,0.864,0.136,118.8,108.0,226.8,1,2025_NBA,,,,,,,,,,,,,,,,,,,,,,,,,away,12.5,-108.0,0.05309677706142013,0.05734451463877269,0.5468002285972671,5.113001114840965,0.014336128659693172,spread,nba,0.45319977140273293,0.5468002285972671,2.206532445735408,1.8288214739144277,2.2396304324214387,1.856253796023144,+123,-116,0.5283019266642963,0.5192307492603558,0.5043297825511426,0.4956702174488574,-0.14215764030193712,-0.05113001114840965,0.0,-14.21576403019371,-5.113001114840965,0.05309677706142013,0.05113001114840965,0.05734451463877269,5.309677706142013,5.113001114840965,,,,,,,,,,,,,,,,,,,,
Basketball,NBA,2026_03_01,NBA_2026_03_01_New_York_Knicks_San_Antonio_Spurs,2026_04_17,1:10 PM,New York Knicks,San Antonio Spurs,1.5,-1.5,228.5,-108,-112,-120,100,-105,-115,1.925926,1.892857,1.833333,2.0,1.952381,1.869565,0.46,0.54,113.0,115.0,228.0,1,2025_NBA,,,,,,,,,,,,,,,,,,,,,,,,,away,-1.5,100.0,0.027587495913298676,0.027587495913298676,0.5137937479566493,3.5532923760055954,0.006896873978324669,spread,nba,0.48620625204335066,0.5137937479566493,2.056740315035766,1.9463062833617306,2.0875914197613024,1.9755008776121563,+108,-102,0.5454546446281172,0.5,0.5217391758034066,0.4782608241965934,-0.10862203332260778,-0.0355329237600559,0.0,-10.862203332260778,-3.55329237600559,0.027587495913298676,0.03553292376005596,0.027587495913298676,2.7587495913298676,3.5532923760055954,,,,,,,,,,,,,,,,,,,,
Basketball,NBA,2026_03_02,NBA_2026_03_02_Utah_Jazz_Denver_Nuggets,2026_04_17,10:10 PM,Utah Jazz,Denver Nuggets,12.0,-12.0,243.5,446,-600,-110,-110,-110,-110,5.46,1.166667,1.909091,1.909091,1.909091,1.909091,0.202,0.798,116.9,126.4,243.3,1,2025_NBA,,,,,,,,,,,,,,,,,,,,,,,,,home,12.0,-110.0,0.08558602485182543,0.09414461792254616,0.5686402716538004,6.864027165380038,0.02353615448063654,spread,nba,0.5686402716538004,0.4313597283461996,1.758581039453393,2.3182507181046406,1.7849597550451937,2.35302447887621,-127,+135,0.5238094988662143,0.5238094988662143,0.5,0.5,0.08558602485182543,0.06864027165380038,0.09414461792254616,8.558602485182544,6.864027165380038,-0.17649502485182533,-0.06864027165380038,0.0,-17.649502485182534,-6.864027165380038,,,,,,,,,,,,,,,,,,,,
Basketball,NBA,2026_03_02,NBA_2026_03_02_Washington_Wizards_Houston_Rockets,2026_04_17,08:10 PM,Washington Wizards,Houston Rockets,16.0,-16.0,225.0,754,-1200,-110,-110,-110,-110,8.54,1.083333,1.909091,1.909091,1.909091,1.909091,0.138,0.862,105.7,117.1,222.8,1,2025_NBA,,,,,,,,,,,,,,,,,,,,,,,,,home,16.0,-110.0,0.19283537424679298,0.2121188904595832,0.6248184996141058,12.481849961410585,0.05,spread,nba,0.6248184996141058,0.37518150038589415,1.6004647759591146,2.665376621638985,1.624471747598501,2.7053572709635696,-160,+170,0.5238094988662143,0.5238094988662143,0.5,0.5,0.19283537424679298,0.12481849961410585,0.2121188904595832,19.2835374246793,12.481849961410585,-0.2837443742467929,-0.12481849961410585,0.0,-28.37443742467929,-12.481849961410585,,,,,,,,,,,,,,,,,,,,
Basketball,NBA,2026_03_03,NBA_2026_03_03_Charlotte_Hornets_Dallas_Mavericks,2026_04_17,08:10 PM,Charlotte Hornets,Dallas Mavericks,-11.0,11.0,229.5,-600,446,-110,-110,-110,-110,1.166667,5.46,1.909091,1.909091,1.909091,1.909091,0.8,0.2,119.7,111.0,230.7,1,2025_NBA,,,,,,,,,,,,,,,,,,,,,,,,,away,11.0,-110.0,0.07519475523737662,0.08271422248969203,0.5631972259244722,6.319722592447219,0.020678555622423007,spread,nba,0.4368027740755278,0.5631972259244722,2.2893627498507816,1.7755769275293012,2.3237031910985433,1.8022105814422404,+132,-124,0.5238094988662143,0.5238094988662143,0.5,0.5,-0.16610375523737653,-0.06319722592447219,0.0,-16.610375523737652,-6.319722592447219,0.07519475523737662,0.06319722592447219,0.08271422248969203,7.519475523737662,6.319722592447219,,,,,,,,,,,,,,,,,,,,
Basketball,NBA,2026_03_03,NBA_2026_03_03_Chicago_Bulls_Oklahoma_City_Thunder,2026_04_17,09:10 PM,Chicago Bulls,Oklahoma City Thunder,11.5,-11.5,229.0,367,-475,-110,-110,-110,-110,4.67,1.210526,1.909091,1.909091,1.909091,1.909091,0.246,0.754,110.7,118.9,229.6,1,2025_NBA,,,,,,,,,,,,,,,,,,,,,,,,,home,11.5,-110.0,0.12688373589535984,0.13957209552768612,0.5902724049798358,9.02724049798358,0.03489302388192153,spread,nba,0.5902724049798358,0.4097275950201642,1.6941330673151844,2.440645961253321,1.719545063324912,2.4772556506721206,-138,+147,0.5238094988662143,0.5238094988662143,0.5,0.5,0.12688373589535984,0.0902724049798358,0.13957209552768612,12.688373589535985,9.02724049798358,-0.21779273589535963,-0.0902724049798358,0.0,-21.779273589535965,-9.02724049798358,,,,,,,,,,,,,,,,,,,,
Basketball,NBA,2026_03_03,NBA_2026_03_03_Los_Angeles_Lakers_New_Orleans_Pelicans,2026_04_17,11:40 PM,Los Angeles Lakers,New Orleans Pelicans,-10.0,10.0,236.0,-450,350,-110,-110,-110,-110,1.222222,4.5,1.909091,1.909091,1.909091,1.909091,0.777,0.223,122.5,114.5,237.0,1,2025_NBA,,,,,,,,,,,,,,,,,,,,,,,,,away,10.0,-110.0,0.059565536990557,0.06552208413740428,0.5550104929469349,5.501049294693495,0.01638052103435107,spread,nba,0.44498950705306506,0.5550104929469349,2.2472440004765097,1.8017677372013414,2.280952660483657,1.8287942532593613,+128,-120,0.5238094988662143,0.5238094988662143,0.5,0.5,-0.1504745369905569,-0.05501049294693494,0.0,-15.04745369905569,-5.501049294693495,0.059565536990557,0.05501049294693494,0.06552208413740428,5.9565536990557,5.501049294693495,,,,,,,,,,,,,,,,,,,,
Basketball,NBA,2026_03_03,NBA_2026_03_03_Miami_Heat_Brooklyn_Nets,2026_04_17,08:40 PM,Miami Heat,Brooklyn Nets,-13.0,13.0,227.0,-750,534,-110,-110,-110,-110,1.133333,6.34,1.909091,1.909091,1.909091,1.909091,0.818,0.182,118.0,108.8,226.8,1,2025_NBA,,,,,,,,,,,,,,,,,,,,,,,,,away,13.0,-110.0,0.1524391936692393,0.16768309626785358,0.6036585965096684,10.365859650966836,0.041920774066963394,spread,nba,0.39634140349033165,0.6036585965096684,2.5230773045501262,1.6565654921208162,2.560923464118378,1.6814139745026282,+156,-146,0.5238094988662143,0.5238094988662143,0.5,0.5,-0.2433481936692392,-0.10365859650966835,0.0,-24.33481936692392,-10.365859650966836,0.1524391936692393,0.10365859650966835,0.16768309626785358,15.24391936692393,10.365859650966836,,,,,,,,,,,,,,,,,,,,
Basketball,NBA,2026_03_03,NBA_2026_03_03_Minnesota_Timberwolves_Memphis_Grizzlies,2026_04_17,09:10 PM,Minnesota Timberwolves,Memphis Grizzlies,-14.5,14.5,238.0,-775,546,-110,-110,-110,-110,1.129032,6.46,1.909091,1.909091,1.909091,1.909091,0.832,0.168,123.6,113.9,237.5,1,2025_NBA,,,,,,,,,,,,,,,,,,,,,,,,,away,14.5,-110.0,0.2028285904314262,0.22311142716342597,0.6300530411758403,13.005304117584027,0.05,spread,nba,0.36994695882415973,0.6300530411758403,2.7030902029263935,1.587167959912937,2.743636555970289,1.6109754793116309,+174,-163,0.5238094988662143,0.5238094988662143,0.5,0.5,-0.293737590431426,-0.13005304117584027,0.0,-29.3737590431426,-13.005304117584027,0.2028285904314262,0.13005304117584027,0.22311142716342597,20.282859043142622,13.005304117584027,,,,,,,,,,,,,,,,,,,,
Basketball,NBA,2026_03_03,NBA_2026_03_03_Orlando_Magic_Washington_Wizards,2026_04_17,08:10 PM,Orlando Magic,Washington Wizards,-15.5,15.5,228.0,-1200,754,-110,-110,-110,-110,1.083333,8.54,1.909091,1.909091,1.909091,1.909091,0.862,0.138,119.4,108.7,228.1,1,2025_NBA,,,,,,,,,,,,,,,,,,,,,,,,,away,15.5,-110.0,0.20282859043142554,0.22311142716342536,0.6300530411758399,13.005304117583993,0.05,spread,nba,0.36994695882416007,0.6300530411758399,2.703090202926391,1.5871679599129378,2.743636555970286,1.6109754793116318,+174,-163,0.5238094988662143,0.5238094988662143,0.5,0.5,-0.29373759043142544,-0.13005304117583993,0.0,-29.373759043142545,-13.005304117583993,0.20282859043142554,0.13005304117583993,0.22311142716342536,20.282859043142555,13.005304117583993,,,,,,,,,,,,,,,,,,,,
Basketball,NBA,2026_03_04,NBA_2026_03_04_Los_Angeles_Clippers_Indiana_Pacers,2026_04_17,11:40 PM,Los Angeles Clippers,Indiana Pacers,-12.0,12.0,224.5,-675,491,-110,-110,-110,-110,1.148148,5.91,1.909091,1.909091,1.909091,1.909091,0.832,0.168,117.1,107.4,224.5,1,2025_NBA,,,,,,,,,,,,,,,,,,,,,,,,,away,12.0,-110.0,0.07519475523737729,0.08271422248969264,0.5631972259244725,6.319722592447253,0.02067855562242316,spread,nba,0.4368027740755275,0.5631972259244725,2.2893627498507834,1.7755769275293,2.323703191098545,1.8022105814422393,+132,-124,0.5238094988662143,0.5238094988662143,0.5,0.5,-0.16610375523737708,-0.06319722592447252,0.0,-16.61037552373771,-6.319722592447253,0.07519475523737729,0.06319722592447252,0.08271422248969264,7.519475523737729,6.319722592447253,,,,,,,,,,,,,,,,,,,,
Basketball,NBA,2026_03_05,NBA_2026_03_05_Denver_Nuggets_Los_Angeles_Lakers,2026_04_17,10:10 PM,Denver Nuggets,Los Angeles Lakers,-5.5,5.5,240.5,-198,164,-110,-110,-110,-110,1.505051,2.64,1.909091,1.909091,1.909091,1.909091,0.614,0.386,120.5,117.3,237.8,1,2025_NBA,,,,,,,,,,,,,,,,,,,,,,,,,away,5.5,-110.0,0.07519475523737662,0.08271422248969203,0.5631972259244722,6.319722592447219,0.020678555622423007,spread,nba,0.4368027740755278,0.5631972259244722,2.2893627498507816,1.7755769275293012,2.3237031910985433,1.8022105814422404,+132,-124,0.5238094988662143,0.5238094988662143,0.5,0.5,-0.16610375523737653,-0.06319722592447219,0.0,-16.610375523737652,-6.319722592447219,0.07519475523737662,0.06319722592447219,0.08271422248969203,7.519475523737662,6.319722592447219,,,,,,,,,,,,,,,,,,,,
Basketball,NBA,2026_03_05,NBA_2026_03_05_Miami_Heat_Brooklyn_Nets,2026_04_17,7:40 PM,Miami Heat,Brooklyn Nets,-12.5,12.5,225.5,-800,550,-115,-105,-110,-110,1.125,6.5,1.869565,1.952381,1.909091,1.909091,0.845,0.155,118.5,108.3,226.8,1,2025_NBA,,,,,,,,,,,,,,,,,,,,,,,,,away,12.5,-105.0,0.09957556314764693,0.10455433607731247,0.5631972259244722,7.403149726163921,0.02613858401932812,spread,nba,0.4368027740755278,0.5631972259244722,2.2893627498507816,1.7755769275293012,2.3237031910985433,1.8022105814422404,+132,-124,0.5348837831260214,0.5121951094586559,0.510834271337167,0.489165728662833,-0.18336882168548585,-0.07403149726163916,0.0,-18.336882168548584,-7.403149726163916,0.09957556314764693,0.07403149726163921,0.10455433607731247,9.957556314764693,7.403149726163921,,,,,,,,,,,,,,,,,,,,
Basketball,NBA,2026_03_05,NBA_2026_03_05_Minnesota_Timberwolves_Toronto_Raptors,2026_04_17,8:10 PM,Minnesota Timberwolves,Toronto Raptors,-5.5,5.5,227.5,-238,195,-115,-105,-110,-110,1.420168,2.95,1.869565,1.952381,1.909091,1.909091,0.653,0.347,115.9,111.4,227.3,1,2025_NBA,,,,,,,,,,,,,,,,,,,,,,,,,away,5.5,-105.0,0.03001961726778868,0.031520596555148286,0.5275710106110378,3.840528194820486,0.007880149138787072,spread,nba,0.47242898938896216,0.5275710106110378,2.1167202319514646,1.8954794328858031,2.1484710354307364,1.92391162437909,+114,-108,0.5348837831260214,0.5121951094586559,0.510834271337167,0.489165728662833,-0.11676329645302497,-0.038405281948204806,0.0,-11.676329645302497,-3.8405281948204806,0.03001961726778868,0.03840528194820486,0.031520596555148286,3.001961726778868,3.840528194820486,,,,,,,,,,,,,,,,,,,,
Basketball,NBA,2026_03_05,NBA_2026_03_05_Orlando_Magic_Dallas_Mavericks,2026_04_17,7:10 PM,Orlando Magic,Dallas Mavericks,-8.5,8.5,228.5,-360,285,-115,-105,-110,-110,1.277778,3.85,1.869565,1.952381,1.909091,1.909091,0.752,0.248,117.9,110.5,228.4,1,2025_NBA,,,,,,,,,,,,,,,,,,,,,,,,,away,8.5,-105.0,0.03539262265804832,0.03716225193283815,0.5303230376950239,4.115730903219089,0.009290562983209537,spread,nba,0.46967696230497613,0.5303230376950239,2.129122951001093,1.8856431437456733,2.1610597952661093,1.9139277909018582,+116,-109,0.5348837831260214,0.5121951094586559,0.510834271337167,0.489165728662833,-0.12190838996829734,-0.041157309032190836,0.0,-12.190838996829733,-4.115730903219084,0.03539262265804832,0.04115730903219089,0.03716225193283815,3.5392622658048323,4.115730903219089,,,,,,,,,,,,,,,,,,,,
Basketball,NBA,2026_03_05,NBA_2026_03_05_Phoenix_Suns_Chicago_Bulls,2026_04_17,9:10 PM,Phoenix Suns,Chicago Bulls,-11.5,11.5,224.5,-535,400,-110,-110,-112,-108,1.186916,5.0,1.909091,1.909091,1.892857,1.925926,0.787,0.213,117.2,109.0,226.2,1,2025_NBA,,,,,,,,,,,,,,,,,,,,,,,,,away,11.5,-110.0,0.12688373589535984,0.13957209552768612,0.5902724049798358,9.02724049798358,0.03489302388192153,spread,nba,0.4097275950201642,0.5902724049798358,2.440645961253321,1.6941330673151844,2.4772556506721206,1.719545063324912,+147,-138,0.5238094988662143,0.5238094988662143,0.5,0.5,-0.21779273589535963,-0.0902724049798358,0.0,-21.779273589535965,-9.02724049798358,0.12688373589535984,0.0902724049798358,0.13957209552768612,12.688373589535985,9.02724049798358,,,,,,,,,,,,,,,,,,,,
Basketball,NBA,2026_03_05,NBA_2026_03_05_Sacramento_Kings_New_Orleans_Pelicans,2026_04_17,10:10 PM,Sacramento Kings,New Orleans Pelicans,4.5,-4.5,233.5,154,-185,-112,-108,-112,-108,2.54,1.540541,1.892857,1.925926,1.892857,1.925926,0.328,0.672,113.4,119.3,232.7,1,2025_NBA,,,,,,,,,,,,,,,,,,,,,,,,,away,-4.5,-108.0,0.03724579134918704,0.04022545143908595,0.5385699094093891,4.289969196053168,0.010056362859771488,spread,nba,0.4614300905906109,0.5385699094093891,2.1671755275431703,1.8567691631651462,2.199683160456318,1.8846207006126232,+119,-113,0.5283019266642963,0.5192307492603558,0.5043297825511426,0.4956702174488574,-0.12657882301492795,-0.04289969196053167,0.0,-12.657882301492796,-4.289969196053168,0.03724579134918704,0.04289969196053167,0.04022545143908595,3.724579134918704,4.289969196053168,,,,,,,,,,,,,,,,,,,,
Basketball,NBA,2026_03_06,NBA_2026_03_06_Boston_Celtics_Dallas_Mavericks,2026_04_17,08:10 PM,Boston Celtics,Dallas Mavericks,-15.0,15.0,224.5,-1000,661,-110,-110,-110,-110,1.1,7.61,1.909091,1.909091,1.909091,1.909091,0.885,0.115,117.8,106.4,224.2,1,2025_NBA,,,,,,,,,,,,,,,,,,,,,,,,,away,15.0,-110.0,0.14224316466924192,0.15646746548941953,0.5983178196687543,9.83178196687543,0.03911686637235488,spread,nba,0.4016821803312457,0.5983178196687543,2.4895304023079983,1.6713525272465197,2.526873358342618,1.6964228151552174,+152,-143,0.5238094988662143,0.5238094988662143,0.5,0.5,-0.23315216466924182,-0.0983178196687543,0.0,-23.315216466924184,-9.83178196687543,0.14224316466924192,0.0983178196687543,0.15646746548941953,14.224316466924192,9.83178196687543,,,,,,,,,,,,,,,,,,,,
Basketball,NBA,2026_03_06,NBA_2026_03_06_Los_Angeles_Lakers_Indiana_Pacers,2026_04_17,11:40 PM,Los Angeles Lakers,Indiana Pacers,-10.5,10.5,232.5,-475,367,-110,-110,-115,-105,1.210526,4.67,1.909091,1.909091,1.869565,1.952381,0.768,0.232,120.2,112.5,232.7,1,2025_NBA,,,,,,,,,,,,,,,,,,,,,,,,,away,10.5,-110.0,0.10112578193301935,0.11123834900248637,0.5767801440230033,7.678014402300326,0.027809587250621593,spread,nba,0.42321985597699674,0.5767801440230033,2.3628380991045774,1.7337628737096709,2.398280670591146,1.7597693168153157,+139,-131,0.5238094988662143,0.5238094988662143,0.5,0.5,-0.19203478193301926,-0.07678014402300326,0.0,-19.203478193301926,-7.678014402300326,0.10112578193301935,0.07678014402300326,0.11123834900248637,10.112578193301935,7.678014402300326,,,,,,,,,,,,,,,,,,,,
Basketball,NBA,2026_03_06,NBA_2026_03_06_Phoenix_Suns_New_Orleans_Pelicans,2026_04_17,10:10 PM,Phoenix Suns,New Orleans Pelicans,-7.0,7.0,227.0,-230,192,-110,-110,-110,-110,1.434783,2.92,1.909091,1.909091,1.909091,1.909091,0.657,0.343,116.6,112.0,228.6,1,2025_NBA,,,,,,,,,,,,,,,,,,,,,,,,,away,7.0,-110.0,0.08039337264887747,0.08843270107049497,0.5659203111055876,6.592031110558761,0.022108175267623743,spread,nba,0.4340796888944124,0.5659203111055876,2.3037244671524926,1.767033238383669,2.3382803341597795,1.793538736959424,+133,-126,0.5238094988662143,0.5238094988662143,0.5,0.5,-0.17130237264887727,-0.0659203111055876,0.0,-17.130237264887725,-6.592031110558761,0.08039337264887747,0.0659203111055876,0.08843270107049497,8.039337264887747,6.592031110558761,,,,,,,,,,,,,,,,,,,,
Basketball,NBA,2026_03_06,NBA_2026_03_06_San_Antonio_Spurs_Los_Angeles_Clippers,2026_04_17,10:40 PM,San Antonio Spurs,Los Angeles Clippers,-9.0,9.0,224.0,-305,249,-110,-110,-110,-110,1.327869,3.49,1.909091,1.909091,1.909091,1.909091,0.681,0.319,113.7,108.4,222.1,1,2025_NBA,,,,,,,,,,,,,,,,,,,,,,,,,away,9.0,-110.0,0.147345690955337,0.1620802438428463,0.6009905714056255,10.09905714056255,0.040520060960711576,spread,nba,0.3990094285943745,0.6009905714056255,2.5062064410928526,1.6639196146807298,2.543799537709245,1.6888784089009405,+154,-145,0.5238094988662143,0.5238094988662143,0.5,0.5,-0.2382546909553369,-0.1009905714056255,0.0,-23.82546909553369,-10.09905714056255,0.147345690955337,0.1009905714056255,0.1620802438428463,14.7345690955337,10.09905714056255,,,,,,,,,,,,,,,,,,,,
Basketball,NBA,2026_03_07,NBA_2026_03_07_Detroit_Pistons_Brooklyn_Nets,2026_04_17,07:10 PM,Detroit Pistons,Brooklyn Nets,-14.0,14.0,215.0,-900,613,-105,-115,-110,-110,1.111111,7.13,1.952381,1.869565,1.909091,1.909091,0.837,0.163,112.6,102.8,215.4,1,2025_NBA,,,,,,,,,,,,,,,,,,,,,,,,,away,14.0,-115.0,0.14843836986074277,0.17070416801589633,0.614281059958195,10.344678862102807,0.04267604200397408,spread,nba,0.38571894004180496,0.614281059958195,2.592561308738477,1.6279193111831498,2.631449728369554,1.6523381008508968,+163,-153,0.5121951094586559,0.5348837831260214,0.489165728662833,0.510834271337167,-0.24692967012224087,-0.10344678862102802,0.0,-24.692967012224088,-10.344678862102802,0.14843836986074277,0.10344678862102807,0.17070416801589633,14.843836986074276,10.344678862102807,,,,,,,,,,,,,,,,,,,,
Basketball,NBA,2026_03_07,NBA_2026_03_07_Milwaukee_Bucks_Utah_Jazz,2026_04_17,09:10 PM,Milwaukee Bucks,Utah Jazz,-11.0,11.0,233.0,-550,415,-110,-110,-110,-110,1.181818,5.15,1.909091,1.909091,1.909091,1.909091,0.783,0.217,120.1,111.9,232.0,1,2025_NBA,,,,,,,,,,,,,,,,,,,,,,,,,away,11.0,-110.0,0.10112578193302002,0.11123834900248711,0.5767801440230036,7.678014402300359,0.027809587250621777,spread,nba,0.4232198559769964,0.5767801440230036,2.362838099104579,1.73376287370967,2.3982806705911477,1.7597693168153148,+139,-131,0.5238094988662143,0.5238094988662143,0.5,0.5,-0.19203478193301993,-0.0767801440230036,0.0,-19.203478193301994,-7.678014402300359,0.10112578193302002,0.0767801440230036,0.11123834900248711,10.112578193302003,7.678014402300359,,,,,,,,,,,,,,,,,,,,
Basketball,NBA,2026_03_07,NBA_2026_03_07_Minnesota_Timberwolves_Orlando_Magic,2026_04_17,04:10 PM,Minnesota Timberwolves,Orlando Magic,-7.5,7.5,226.0,-265,219,-110,-110,-110,-110,1.377358,3.19,1.909091,1.909091,1.909091,1.909091,0.672,0.328,116.0,111.0,227.0,1,2025_NBA,,,,,,,,,,,,,,,,,,,,,,,,,away,7.5,-110.0,0.08558602485182543,0.09414461792254616,0.5686402716538004,6.864027165380038,0.02353615448063654,spread,nba,0.4313597283461996,0.5686402716538004,2.3182507181046406,1.758581039453393,2.35302447887621,1.7849597550451937,+135,-127,0.5238094988662143,0.5238094988662143,0.5,0.5,-0.17649502485182533,-0.06864027165380038,0.0,-17.649502485182534,-6.864027165380038,0.08558602485182543,0.06864027165380038,0.09414461792254616,8.558602485182544,6.864027165380038,,,,,,,,,,,,,,,,,,,,
Basketball,NBA,2026_03_07,NBA_2026_03_07_Oklahoma_City_Thunder_Golden_State_Warriors,2026_04_17,09:40 PM,Oklahoma City Thunder,Golden State Warriors,-15.0,15.0,220.0,-800,561,-110,-110,-110,-110,1.125,6.61,1.909091,1.909091,1.909091,1.909091,0.79,0.21,115.1,106.9,222.0,1,2025_NBA,,,,,,,,,,,,,,,,,,,,,,,,,away,15.0,-110.0,0.2999734383072925,0.3299707491409468,0.6809384352591324,18.093843525913243,0.05,spread,nba,0.31906156474086755,0.6809384352591324,3.134191361507835,1.4685615442157383,3.1812042319304523,1.4905899673789742,+218,-203,0.5238094988662143,0.5238094988662143,0.5,0.5,-0.3908824383072924,-0.18093843525913245,0.0,-39.08824383072924,-18.093843525913243,0.2999734383072925,0.18093843525913245,0.3299707491409468,29.99734383072925,18.093843525913243,,,,,,,,,,,,,,,,,,,,
Basketball,NBA,2026_03_08,NBA_2026_03_08_Los_Angeles_Lakers_New_York_Knicks,2026_04_17,3:40 PM,Los Angeles Lakers,New York Knicks,2.5,-2.5,228.5,130,-155,-102,-118,-110,-110,2.3,1.645161,1.980392,1.847458,1.909091,1.909091,0.366,0.634,110.4,115.1,225.5,1,2025_NBA,,,,,,,,,,,,,,,,,,,,,,,,,away,-2.5,-118.0,0.03544689678489399,0.04182731980215412,0.5604711429352623,4.310708739494606,0.01045682995053853,spread,nba,0.43952885706473765,0.5604711429352623,2.2751634708997304,1.78421317958114,2.309290922963226,1.8109763772748568,+130,-123,0.504950535045587,0.5412842944196837,0.48263594445968355,0.5173640555403163,-0.12956056769985014,-0.0431070873949459,0.0,-12.956056769985015,-4.31070873949459,0.03544689678489399,0.043107087394946064,0.04182731980215412,3.544689678489399,4.310708739494606,,,,,,,,,,,,,,,,,,,,
Basketball,NBA,2026_03_08,NBA_2026_03_08_Miami_Heat_Detroit_Pistons,2026_04_17,6:10 PM,Miami Heat,Detroit Pistons,1.5,-1.5,229.5,-105,-115,-115,-105,-115,-105,1.952381,1.869565,1.869565,1.952381,1.869565,1.952381,0.444,0.556,114.5,117.1,231.6,1,2025_NBA,,,,,,,,,,,,,,,,,,,,,,,,,away,-1.5,-105.0,0.03539262265804832,0.03716225193283815,0.5303230376950239,4.115730903219089,0.009290562983209537,spread,nba,0.46967696230497613,0.5303230376950239,2.129122951001093,1.8856431437456733,2.1610597952661093,1.9139277909018582,+116,-109,0.5348837831260214,0.5121951094586559,0.510834271337167,0.489165728662833,-0.12190838996829734,-0.041157309032190836,0.0,-12.190838996829733,-4.115730903219084,0.03539262265804832,0.04115730903219089,0.03716225193283815,3.5392622658048323,4.115730903219089,,,,,,,,,,,,,,,,,,,,
Basketball,NBA,2026_03_08,NBA_2026_03_08_Milwaukee_Bucks_Orlando_Magic,2026_04_17,8:10 PM,Milwaukee Bucks,Orlando Magic,3.5,-3.5,218.5,136,-162,-105,-115,-115,-105,2.36,1.617284,1.952381,1.869565,1.869565,1.952381,0.305,0.695,106.1,112.3,218.4,1,2025_NBA,,,,,,,,,,,,,,,,,,,,,,,,,away,-3.5,-115.0,0.07326176620342628,0.08425105219670329,0.574070313791404,6.3236042454237085,0.02106276304917582,spread,nba,0.42592968620859595,0.574070313791404,2.3478053593809785,1.7419468939189269,2.383022439771693,1.7680760973277105,+138,-130,0.5121951094586559,0.5348837831260214,0.489165728662833,0.510834271337167,-0.16842297331037526,-0.06323604245423703,0.0,-16.842297331037525,-6.323604245423703,0.07326176620342628,0.06323604245423708,0.08425105219670329,7.326176620342628,6.3236042454237085,,,,,,,,,,,,,,,,,,,,
Basketball,NBA,2026_03_08,NBA_2026_03_08_New_Orleans_Pelicans_Washington_Wizards,2026_04_17,7:10 PM,New Orleans Pelicans,Washington Wizards,-10.5,10.5,243.5,-440,340,-108,-112,-105,-115,1.227273,4.4,1.925926,1.892857,1.952381,1.869565,0.764,0.236,124.9,117.2,242.1,1,2025_NBA,,,,,,,,,,,,,,,,,,,,,,,,,away,10.5,-112.0,0.09176233307494996,0.10277382948775655,0.5767801440230033,7.2450361471860685,0.02569345737193914,spread,nba,0.42321985597699674,0.5767801440230033,2.3628380991045774,1.7337628737096709,2.398280670591146,1.7597693168153157,+139,-131,0.5192307492603558,0.5283019266642963,0.4956702174488574,0.5043297825511426,-0.1849098756576466,-0.07245036147186068,0.0,-18.490987565764662,-7.2450361471860685,0.09176233307494996,0.07245036147186068,0.10277382948775655,9.176233307494996,7.2450361471860685,,,,,,,,,,,,,,,,,,,,
Basketball,NBA,2026_03_08,NBA_2026_03_08_Sacramento_Kings_Chicago_Bulls,2026_04_17,9:10 PM,Sacramento Kings,Chicago Bulls,2.5,-2.5,233.5,114,-135,-112,-108,-115,-105,2.14,1.740741,1.892857,1.925926,1.869565,1.952381,0.318,0.682,112.4,118.3,230.7,1,2025_NBA,,,,,,,,,,,,,,,,,,,,,,,,,away,-2.5,-108.0,0.14199441506045885,0.15335395599697907,0.5929586157829838,9.72883983341264,0.03833848899924477,spread,nba,0.4070413842170162,0.5929586157829838,2.456752651634176,1.6864583351732405,2.4936039414086886,1.7117552102008389,+149,-140,0.5283019266642963,0.5192307492603558,0.5043297825511426,0.4956702174488574,-0.2295288665951314,-0.09728839833412639,0.0,-22.95288665951314,-9.72883983341264,0.14199441506045885,0.09728839833412639,0.15335395599697907,14.199441506045885,9.72883983341264,,,,,,,,,,,,,,,,,,,,
Basketball,NBA,2026_03_08,NBA_2026_03_08_Toronto_Raptors_Dallas_Mavericks,2026_04_17,6:10 PM,Toronto Raptors,Dallas Mavericks,-10.5,10.5,229.5,-440,340,-108,-112,-108,-112,1.227273,4.4,1.925926,1.892857,1.925926,1.892857,0.773,0.227,117.7,109.8,227.5,1,2025_NBA,,,,,,,,,,,,,,,,,,,,,,,,,away,10.5,-112.0,0.08149706134171941,0.09127672330700135,0.571356981188605,6.702719863746243,0.022819180826750336,spread,nba,0.428643018811395,0.571356981188605,2.332943629346743,1.7502192725810064,2.3679377837869438,1.7764725616697212,+136,-128,0.5192307492603558,0.5283019266642963,0.4956702174488574,0.5043297825511426,-0.17446526535264528,-0.06702719863746243,0.0,-17.44652653526453,-6.702719863746243,0.08149706134171941,0.06702719863746243,0.09127672330700135,8.149706134171941,6.702719863746243,,,,,,,,,,,,,,,,,,,,
Basketball,NBA,2026_03_09,NBA_2026_03_09_Cleveland_Cavaliers_Philadelphia_76ers,2026_04_17,7:00 PM,Cleveland Cavaliers,Philadelphia 76ers,-11.5,11.5,226.5,-550,410,-112,-108,-115,-105,1.181818,5.1,1.892857,1.925926,1.869565,1.952381,0.775,0.225,117.2,109.2,226.4,1,2025_NBA,,,,,,,,,,,,,,,,,,,,,,,,,away,11.5,-108.0,0.14715945050883028,0.15893219383496118,0.595640461008798,9.997024355994055,0.039733048458740296,spread,nba,0.404359538991202,0.595640461008798,2.473046641844544,1.678865129991949,2.510142341472212,1.704048106941828,+151,-142,0.5283019266642963,0.5192307492603558,0.5043297825511426,0.4956702174488574,-0.2346052161037303,-0.09997024355994055,0.0,-23.460521610373032,-9.997024355994055,0.14715945050883028,0.09997024355994055,0.15893219383496118,14.715945050883029,9.997024355994055,,,,,,,,,,,,,,,,,,,,
Basketball,NBA,2026_03_09,NBA_2026_03_09_Oklahoma_City_Thunder_Denver_Nuggets,2026_04_17,7:30 PM,Oklahoma City Thunder,Denver Nuggets,-6.5,6.5,230.5,-285,230,-118,-102,-110,-110,1.350877,3.3,1.847458,1.980392,1.909091,1.909091,0.659,0.341,117.8,113.1,230.9,1,2025_NBA,,,,,,,,,,,,,,,,,,,,,,,,,away,6.5,-102.0,0.08830339965869238,0.09006948206298349,0.549539383949588,6.690343948990446,0.02251737051574587,spread,nba,0.450460616050412,0.549539383949588,2.2199499009877655,1.8197057921725497,2.2532491495025817,1.8470013790551378,+125,-118,0.5412842944196837,0.504950535045587,0.5173640555403163,0.48263594445968355,-0.16779293119273797,-0.06690343948990429,0.0,-16.779293119273795,-6.69034394899043,0.08830339965869238,0.06690343948990446,0.09006948206298349,8.83033996586924,6.690343948990446,,,,,,,,,,,,,,,,,,,,
Basketball,NBA,2026_03_09,NBA_2026_03_09_Utah_Jazz_Golden_State_Warriors,2026_04_17,9:00 PM,Utah Jazz,Golden State Warriors,5.5,-5.5,226.5,180,-218,-110,-110,-115,-105,2.8,1.458716,1.909091,1.909091,1.869565,1.952381,0.271,0.729,109.7,117.2,226.9,1,2025_NBA,,,,,,,,,,,,,,,,,,,,,,,,,away,-5.5,-110.0,0.059565536990557,0.06552208413740428,0.5550104929469349,5.501049294693495,0.01638052103435107,spread,nba,0.44498950705306506,0.5550104929469349,2.2472440004765097,1.8017677372013414,2.280952660483657,1.8287942532593613,+128,-120,0.5238094988662143,0.5238094988662143,0.5,0.5,-0.1504745369905569,-0.05501049294693494,0.0,-15.04745369905569,-5.501049294693495,0.059565536990557,0.05501049294693494,0.06552208413740428,5.9565536990557,5.501049294693495,,,,,,,,,,,,,,,,,,,,
Basketball,NBA,2026_03_10,NBA_2026_03_10_Atlanta_Hawks_Dallas_Mavericks,2026_04_17,7:40 PM,Atlanta Hawks,Dallas Mavericks,-9.5,9.5,240.5,-410,320,-112,-108,-112,-108,1.243902,4.2,1.892857,1.925926,1.892857,1.925926,0.712,0.288,122.3,116.2,238.5,1,2025_NBA,,,,,,,,,,,,,,,,,,,,,,,,,away,9.5,-108.0,0.14199441506045973,0.15335395599698004,0.5929586157829843,9.728839833412684,0.03833848899924501,spread,nba,0.40704138421701574,0.5929586157829843,2.456752651634179,1.6864583351732392,2.4936039414086912,1.7117552102008375,+149,-140,0.5283019266642963,0.5192307492603558,0.5043297825511426,0.4956702174488574,-0.22952886659513227,-0.09728839833412684,0.0,-22.952886659513226,-9.728839833412684,0.14199441506045973,0.09728839833412684,0.15335395599698004,14.199441506045973,9.728839833412684,,,,,,,,,,,,,,,,,,,,
Basketball,NBA,2026_03_10,NBA_2026_03_10_Brooklyn_Nets_Detroit_Pistons,2026_04_17,7:40 PM,Brooklyn Nets,Detroit Pistons,14.5,-14.5,216.5,700,-1100,-105,-115,-105,-115,8.0,1.090909,1.952381,1.869565,1.952381,1.869565,0.171,0.829,103.6,114.0,217.6,1,2025_NBA,,,,,,,,,,,,,,,,,,,,,,,,,home,14.5,-105.0,0.1941408921723795,0.20384792658860207,0.6116331249752889,12.24673963124559,0.05,spread,nba,0.6116331249752889,0.3883668750247111,1.634967040152382,2.574884894434861,1.6594915457546675,2.6135081678513834,-151,+161,0.5121951094586559,0.5348837831260214,0.489165728662833,0.510834271337167,0.1941408921723795,0.1224673963124559,0.20384792658860207,19.41408921723795,12.24673963124559,-0.27392288329442593,-0.12246739631245585,0.0,-27.392288329442593,-12.246739631245585,,,,,,,,,,,,,,,,,,,,
Basketball,NBA,2026_03_10,NBA_2026_03_10_Miami_Heat_Washington_Wizards,2026_04_17,7:40 PM,Miami Heat,Washington Wizards,-16.5,16.5,238.5,-1100,700,-105,-115,-105,-115,1.090909,8.0,1.952381,1.869565,1.952381,1.869565,0.856,0.144,125.3,114.7,240.0,1,2025_NBA,,,,,,,,,,,,,,,,,,,,,,,,,away,16.5,-115.0,0.23090471109708788,0.2655404841467722,0.6583909685392527,14.755669720208575,0.05,spread,nba,0.3416090314607473,0.6583909685392527,2.9273230737604354,1.5188543704034434,2.9712329198668415,1.5416371859594948,+197,-184,0.5121951094586559,0.5348837831260214,0.489165728662833,0.510834271337167,-0.33304901754763483,-0.1475566972020857,0.0,-33.304901754763485,-14.75566972020857,0.23090471109708788,0.14755669720208575,0.2655404841467722,23.090471109708787,14.755669720208575,,,,,,,,,,,,,,,,,,,,
Basketball,NBA,2026_03_10,NBA_2026_03_10_Philadelphia_76ers_Memphis_Grizzlies,2026_04_17,7:10 PM,Philadelphia 76ers,Memphis Grizzlies,-3.5,3.5,228.5,-162,136,-112,-108,-115,-105,1.617284,2.36,1.892857,1.925926,1.869565,1.952381,0.679,0.321,119.3,114.2,233.5,1,2025_NBA,,,,,,,,,,,,,,,,,,,,,,,,,home,-3.5,-112.0,0.029825592635181364,0.03340466909615012,0.5440588447173671,3.9729062166224516,0.00835116727403753,spread,nba,0.5440588447173671,0.4559411552826329,1.8380364729103698,2.19326548703442,1.8656070200040251,2.226164469339936,-115,+122,0.5283019266642963,0.5192307492603558,0.5043297825511426,0.4956702174488574,0.029825592635181364,0.039729062166224516,0.03340466909615012,2.9825592635181364,3.9729062166224516,-0.1218910745711399,-0.039729062166224516,0.0,-12.189107457113991,-3.9729062166224516,,,,,,,,,,,,,,,,,,,,
Basketball,NBA,2026_03_11,NBA_2026_03_11_Denver_Nuggets_Houston_Rockets,2026_04_17,10:10 PM,Denver Nuggets,Houston Rockets,-5.5,5.5,229.5,-218,180,-110,-110,-105,-115,1.458716,2.8,1.909091,1.909091,1.952381,1.869565,0.65,0.35,117.3,113.0,230.3,1,2025_NBA,,,,,,,,,,,,,,,,,,,,,,,,,away,5.5,-110.0,0.017686044522422728,0.019454647029200297,0.5330736169844301,3.307361698443012,0.004863661757300074,spread,nba,0.4669263830155699,0.5330736169844301,2.1416652311262836,1.8759135101394593,2.173790209593178,1.904052212791551,+117,-110,0.5238094988662143,0.5238094988662143,0.5,0.5,-0.10859504452242263,-0.03307361698443012,0.0,-10.859504452242263,-3.307361698443012,0.017686044522422728,0.03307361698443012,0.019454647029200297,1.7686044522422728,3.307361698443012,,,,,,,,,,,,,,,,,,,,
Basketball,NBA,2026_03_11,NBA_2026_03_11_Utah_Jazz_New_York_Knicks,2026_04_17,9:10 PM,Utah Jazz,New York Knicks,12.5,-12.5,229.5,525,-750,-110,-110,-112,-108,6.25,1.133333,1.909091,1.909091,1.892857,1.925926,0.188,0.812,109.6,119.4,229.0,1,2025_NBA,,,,,,,,,,,,,,,,,,,,,,,,,home,12.5,-110.0,0.0959524694263445,0.10554770581420848,0.5740703137914036,7.407031379140361,0.02638692645355212,spread,nba,0.5740703137914036,0.4259296862085964,1.7419468939189282,2.3478053593809762,1.7680760973277119,2.3830224397716906,-130,+138,0.5238094988662143,0.5238094988662143,0.5,0.5,0.0959524694263445,0.07407031379140361,0.10554770581420848,9.59524694263445,7.407031379140361,-0.18686146942634452,-0.07407031379140361,0.0,-18.68614694263445,-7.407031379140361,,,,,,,,,,,,,,,,,,,,
Basketball,NBA,2026_03_12,NBA_2026_03_12_Atlanta_Hawks_Brooklyn_Nets,2026_04_17,7:40 PM,Atlanta Hawks,Brooklyn Nets,-14.5,14.5,226.5,-1000,650,-115,-105,-110,-110,1.1,7.5,1.869565,1.952381,1.909091,1.909091,0.872,0.128,118.7,107.7,226.4,1,2025_NBA,,,,,,,,,,,,,,,,,,,,,,,,,away,14.5,-105.0,0.16291711890481797,0.17106296629691056,0.595640461008798,10.6474732345965,0.04276574157422764,spread,nba,0.404359538991202,0.595640461008798,2.473046641844544,1.678865129991949,2.510142341472212,1.704048106941828,+151,-142,0.5348837831260214,0.5121951094586559,0.510834271337167,0.489165728662833,-0.2440235584859134,-0.10647473234596494,0.0,-24.40235584859134,-10.647473234596493,0.16291711890481797,0.106474732345965,0.17106296629691056,16.291711890481796,10.6474732345965,,,,,,,,,,,,,,,,,,,,
Basketball,NBA,2026_03_12,NBA_2026_03_12_Detroit_Pistons_Philadelphia_76ers,2026_04_17,7:10 PM,Detroit Pistons,Philadelphia 76ers,-14.5,14.5,220.5,-900,600,-110,-110,-112,-108,1.111111,7.0,1.909091,1.909091,1.892857,1.925926,0.888,0.112,118.8,107.2,226.0,1,2025_NBA,,,,,,,,,,,,,,,,,,,,,,,,,away,14.5,-110.0,0.10629216956793708,0.1169213748325933,0.5794863469409981,7.94863469409981,0.029230343708148324,spread,nba,0.4205136530590019,0.5794863469409981,2.378044072351893,1.7256661960697024,2.413714733437171,1.7515511890107478,+141,-133,0.5238094988662143,0.5238094988662143,0.5,0.5,-0.19720116956793698,-0.0794863469409981,0.0,-19.7201169567937,-7.94863469409981,0.10629216956793708,0.0794863469409981,0.1169213748325933,10.629216956793709,7.94863469409981,,,,,,,,,,,,,,,,,,,,
Basketball,NBA,2026_03_12,NBA_2026_03_12_Miami_Heat_Milwaukee_Bucks,2026_04_17,7:40 PM,Miami Heat,Milwaukee Bucks,-6.5,6.5,231.5,-238,195,-112,-108,-108,-112,1.420168,2.95,1.892857,1.925926,1.925926,1.892857,0.678,0.322,116.9,111.7,228.6,1,2025_NBA,,,,,,,,,,,,,,,,,,,,,,,,,away,6.5,-108.0,0.03195471087469737,0.03451108498378648,0.535822617730223,4.0152400281365574,0.00862777124594662,spread,nba,0.464177382269777,0.535822617730223,2.15434882912672,1.8662892660934332,2.1866640615636204,1.8942836050848344,+118,-111,0.5283019266642963,0.5192307492603558,0.5043297825511426,0.4956702174488574,-0.12137859272897666,-0.040152400281365574,0.0,-12.137859272897666,-4.0152400281365574,0.03195471087469737,0.040152400281365574,0.03451108498378648,3.1954710874697367,4.0152400281365574,,,,,,,,,,,,,,,,,,,,
Basketball,NBA,2026_03_12,NBA_2026_03_12_Orlando_Magic_Washington_Wizards,2026_04_17,7:10 PM,Orlando Magic,Washington Wizards,-15.5,15.5,232.5,-1350,800,-105,-115,-108,-112,1.074074,9.0,1.952381,1.869565,1.925926,1.892857,0.869,0.131,120.2,109.3,229.5,1,2025_NBA,,,,,,,,,,,,,,,,,,,,,,,,,away,15.5,-115.0,0.16813879823104516,0.19335966630561852,0.6248184996141055,11.398422827693855,0.04833991657640463,spread,nba,0.3751815003858945,0.6248184996141055,2.6653766216389823,1.6004647759591153,2.705357270963567,1.6244717475985018,+170,-160,0.5121951094586559,0.5348837831260214,0.489165728662833,0.510834271337167,-0.267502767095087,-0.11398422827693849,0.0,-26.750276709508704,-11.39842282769385,0.16813879823104516,0.11398422827693855,0.19335966630561852,16.813879823104514,11.398422827693855,,,,,,,,,,,,,,,,,,,,
Basketball,NBA,2026_03_12,NBA_2026_03_12_San_Antonio_Spurs_Denver_Nuggets,2026_04_17,9:10 PM,San Antonio Spurs,Denver Nuggets,-5.5,5.5,236.5,-225,185,-118,-102,-115,-105,1.444444,2.85,1.847458,1.980392,1.869565,1.952381,0.656,0.344,118.0,113.4,231.4,1,2025_NBA,,,,,,,,,,,,,,,,,,,,,,,,,away,5.5,-102.0,0.03934470856932171,0.040131609161765606,0.5248176666888786,4.218172222919509,0.010032902290441402,spread,nba,0.47518233331112136,0.5248176666888786,2.1044553425037775,1.9054236613433557,2.136022172641334,1.9340050162635058,+113,-107,0.5412842944196837,0.504950535045587,0.5173640555403163,0.48263594445968355,-0.12212059686570231,-0.04218172222919492,0.0,-12.212059686570232,-4.218172222919492,0.03934470856932171,0.042181722229195084,0.040131609161765606,3.9344708569321707,4.218172222919509,,,,,,,,,,,,,,,,,,,,
Basketball,NBA,2026_03_13,NBA_2026_03_13_Dallas_Mavericks_Cleveland_Cavaliers,2026_04_17,7:40 PM,Dallas Mavericks,Cleveland Cavaliers,13.5,-13.5,235.5,500,-700,-115,-105,-115,-105,6.0,1.142857,1.869565,1.952381,1.869565,1.952381,0.134,0.866,112.6,124.2,236.8,1,2025_NBA,,,,,,,,,,,,,,,,,,,,,,,,,home,13.5,-115.0,0.032516219563383686,0.03739366184630677,0.5522761816590404,4.144191032187338,0.009348415461576692,spread,nba,0.5522761816590404,0.44772381834095965,1.8106882628832464,2.233519770526168,1.8378485868264949,2.2670225670840605,-119,+126,0.5348837831260214,0.5121951094586559,0.510834271337167,0.489165728662833,0.032516219563383686,0.04144191032187339,0.03739366184630677,3.2516219563383686,4.144191032187338,-0.12587252382365888,-0.04144191032187333,0.0,-12.587252382365888,-4.144191032187333,,,,,,,,,,,,,,,,,,,,
Basketball,NBA,2026_03_13,NBA_2026_03_13_Detroit_Pistons_Memphis_Grizzlies,2026_04_17,7:40 PM,Detroit Pistons,Memphis Grizzlies,-15.5,15.5,232.5,-1200,750,-110,-110,-110,-110,1.083333,8.5,1.909091,1.909091,1.909091,1.909091,0.897,0.103,121.4,108.9,230.3,1,2025_NBA,,,,,,,,,,,,,,,,,,,,,,,,,away,15.5,-110.0,0.11145139478604937,0.12259652200500222,0.5821887981170355,8.21887981170355,0.030649130501250555,spread,nba,0.4178112018829645,0.5821887981170355,2.3934255364462818,1.7176558587768864,2.4293269194929756,1.7434206966585395,+142,-134,0.5238094988662143,0.5238094988662143,0.5,0.5,-0.2023603947860494,-0.0821887981170355,0.0,-20.23603947860494,-8.21887981170355,0.11145139478604937,0.0821887981170355,0.12259652200500222,11.145139478604937,8.21887981170355,,,,,,,,,,,,,,,,,,,,
Basketball,NBA,2026_03_13,NBA_2026_03_13_Indiana_Pacers_New_York_Knicks,2026_04_17,7:40 PM,Indiana Pacers,New York Knicks,13.5,-13.5,227.5,575,-850,-112,-108,-110,-110,6.75,1.117647,1.892857,1.925926,1.909091,1.909091,0.171,0.829,108.5,119.0,227.5,1,2025_NBA,,,,,,,,,,,,,,,,,,,,,,,,,home,13.5,-112.0,0.10200014183741746,0.1142401771363359,0.5821887981170355,7.785901556589292,0.028560044284083975,spread,nba,0.5821887981170355,0.4178112018829645,1.7176558587768864,2.3934255364462818,1.7434206966585395,2.4293269194929756,-134,+142,0.5283019266642963,0.5192307492603558,0.5043297825511426,0.4956702174488574,0.10200014183741746,0.07785901556589292,0.1142401771363359,10.200014183741747,7.785901556589292,-0.19532654320234966,-0.07785901556589292,0.0,-19.532654320234965,-7.785901556589292,,,,,,,,,,,,,,,,,,,,
Basketball,NBA,2026_03_13,NBA_2026_03_13_Los_Angeles_Clippers_Chicago_Bulls,2026_04_17,10:40 PM,Los Angeles Clippers,Chicago Bulls,-13.5,13.5,234.5,-650,470,-102,-118,-110,-110,1.153846,5.7,1.980392,1.847458,1.909091,1.909091,0.846,0.154,121.2,111.0,232.2,1,2025_NBA,,,,,,,,,,,,,,,,,,,,,,,,,away,13.5,-118.0,0.09050347675923742,0.10679405558651582,0.5902724049798358,7.2908349439519515,0.026698513896628955,spread,nba,0.4097275950201642,0.5902724049798358,2.440645961253321,1.6941330673151844,2.4772556506721206,1.719545063324912,+147,-138,0.504950535045587,0.5412842944196837,0.48263594445968355,0.5173640555403163,-0.18857874864282698,-0.07290834943951935,0.0,-18.8578748642827,-7.290834943951935,0.09050347675923742,0.07290834943951952,0.10679405558651582,9.050347675923742,7.2908349439519515,,,,,,,,,,,,,,,,,,,,
Basketball,NBA,2026_03_13,NBA_2026_03_13_Portland_Trail_Blazers_Utah_Jazz,2026_04_17,10:10 PM,Portland Trail Blazers,Utah Jazz,-14.5,14.5,236.5,-1000,650,-112,-108,-110,-110,1.1,7.5,1.892857,1.925926,1.909091,1.909091,0.864,0.136,124.1,113.3,237.4,1,2025_NBA,,,,,,,,,,,,,,,,,,,,,,,,,away,14.5,-108.0,0.1574633672249508,0.1700604229981129,0.6009905714056255,10.53203539567681,0.04251510574952822,spread,nba,0.3990094285943745,0.6009905714056255,2.5062064410928526,1.6639196146807298,2.543799537709245,1.6888784089009405,+154,-145,0.5283019266642963,0.5192307492603558,0.5043297825511426,0.4956702174488574,-0.24473221001913803,-0.10532035395676809,0.0,-24.473221001913803,-10.53203539567681,0.1574633672249508,0.10532035395676809,0.1700604229981129,15.74633672249508,10.53203539567681,,,,,,,,,,,,,,,,,,,,
Basketball,NBA,2026_03_14,NBA_2026_03_14_Boston_Celtics_Washington_Wizards,2026_04_17,6:10 PM,Boston Celtics,Washington Wizards,-19.5,19.5,230.5,-2100,1100,-112,-108,-108,-112,1.047619,12.0,1.892857,1.925926,1.925926,1.892857,0.901,0.099,120.2,107.6,227.8,1,2025_NBA,,,,,,,,,,,,,,,,,,,,,,,,,away,19.5,-108.0,0.3161870485904452,0.34148198515912204,0.6834047874063932,18.77345699575358,0.05,spread,nba,0.3165952125936068,0.6834047874063932,3.1586074590573063,1.46326162536134,3.2059865709431654,1.48521054974176,+220,-206,0.5283019266642963,0.5192307492603558,0.5043297825511426,0.4956702174488574,-0.40073053567570327,-0.1877345699575358,0.0,-40.07305356757033,-18.77345699575358,0.3161870485904452,0.1877345699575358,0.34148198515912204,31.61870485904452,18.77345699575358,,,,,,,,,,,,,,,,,,,,
Basketball,NBA,2026_03_14,NBA_2026_03_14_Los_Angeles_Clippers_Sacramento_Kings,2026_04_17,10:40 PM,Los Angeles Clippers,Sacramento Kings,-13.5,13.5,231.5,-950,625,-112,-108,-108,-112,1.105263,7.25,1.892857,1.925926,1.925926,1.892857,0.879,0.121,117.9,106.5,224.4,1,2025_NBA,,,,,,,,,,,,,,,,,,,,,,,,,away,13.5,-108.0,0.074170183841888,0.08010379214093555,0.5577421893893576,6.207197194050018,0.020025948035233887,spread,nba,0.4422578106106424,0.5577421893893576,2.2611245658256696,1.792943081990708,2.2950414343130543,1.8198372282205684,+129,-121,0.5283019266642963,0.5192307492603558,0.5043297825511426,0.4956702174488574,-0.16286920738097121,-0.06207197194050018,0.0,-16.286920738097123,-6.207197194050018,0.074170183841888,0.06207197194050018,0.08010379214093555,7.4170183841888,6.207197194050018,,,,,,,,,,,,,,,,,,,,
Basketball,NBA,2026_03_14,NBA_2026_03_14_Miami_Heat_Orlando_Magic,2026_04_17,8:10 PM,Miami Heat,Orlando Magic,-3.5,3.5,236.5,-162,136,-115,-105,-110,-110,1.617284,2.36,1.869565,1.952381,1.909091,1.909091,0.577,0.423,119.2,116.6,235.8,1,2025_NBA,,,,,,,,,,,,,,,,,,,,,,,,,away,3.5,-105.0,0.024644040907698672,0.025876241659271524,0.5248176666888782,3.5651938026045213,0.006469060414817881,spread,nba,0.4751823333111218,0.5248176666888782,2.1044553425037753,1.9054236613433573,2.1360221726413315,1.9340050162635074,+113,-107,0.5348837831260214,0.5121951094586559,0.510834271337167,0.489165728662833,-0.1116157410231926,-0.03565193802604516,0.0,-11.16157410231926,-3.565193802604516,0.024644040907698672,0.035651938026045216,0.025876241659271524,2.464404090769867,3.5651938026045213,,,,,,,,,,,,,,,,,,,,
Basketball,NBA,2026_03_15,NBA_2026_03_15_Cleveland_Cavaliers_Dallas_Mavericks,2026_04_17,3:40 PM,Cleveland Cavaliers,Dallas Mavericks,-16.5,16.5,235.5,-1600,900,-112,-108,-110,-110,1.0625,10.0,1.892857,1.925926,1.909091,1.909091,0.84,0.16,121.2,111.2,232.4,1,2025_NBA,,,,,,,,,,,,,,,,,,,,,,,,,away,16.5,-108.0,0.2970948550230881,0.3208624177559417,0.6734915334353906,17.782131598653315,0.05,spread,nba,0.3265084665646094,0.6734915334353906,3.0627077163468295,1.484799660211218,3.1086483320920317,1.5070716551143861,+210,-197,0.5283019266642963,0.5192307492603558,0.5043297825511426,0.4956702174488574,-0.3819661635039131,-0.17782131598653317,0.0,-38.19661635039131,-17.782131598653315,0.2970948550230881,0.17782131598653317,0.3208624177559417,29.70948550230881,17.782131598653315,,,,,,,,,,,,,,,,,,,,
Basketball,NBA,2026_03_15,NBA_2026_03_15_New_York_Knicks_Golden_State_Warriors,2026_04_17,8:10 PM,New York Knicks,Golden State Warriors,-13.5,13.5,218.5,-850,575,-108,-112,-112,-108,1.117647,6.75,1.925926,1.892857,1.892857,1.925926,0.853,0.147,114.1,103.7,217.8,1,2025_NBA,,,,,,,,,,,,,,,,,,,,,,,,,away,13.5,-112.0,0.10710815943251761,0.11996115775820497,0.584887373653962,8.055759110281945,0.029990289439551242,spread,nba,0.41511262634603796,0.584887373653962,2.408984782762064,1.709730873061438,2.4451195545034947,1.7353768361573594,+144,-135,0.5192307492603558,0.5283019266642963,0.4956702174488574,0.5043297825511426,-0.20052379999188052,-0.08055759110281946,0.0,-20.05237999918805,-8.055759110281945,0.10710815943251761,0.08055759110281946,0.11996115775820497,10.710815943251761,8.055759110281945,,,,,,,,,,,,,,,,,,,,
Basketball,NBA,2026_03_15,NBA_2026_03_15_Oklahoma_City_Thunder_Minnesota_Timberwolves,2026_04_17,1:10 PM,Oklahoma City Thunder,Minnesota Timberwolves,-9.5,9.5,225.5,-395,310,-102,-118,-105,-115,1.253165,4.1,1.980392,1.847458,1.952381,1.869565,0.741,0.259,117.2,110.1,227.3,1,2025_NBA,,,,,,,,,,,,,,,,,,,,,,,,,away,9.5,-118.0,0.04551400611450607,0.05370650358425558,0.5659203111055873,4.855625556527099,0.013426625896063894,spread,nba,0.43407968889441273,0.5659203111055873,2.303724467152491,1.7670332383836702,2.3382803341597778,1.7935387369594251,+133,-126,0.504950535045587,0.5412842944196837,0.48263594445968355,0.5173640555403163,-0.14035205675101625,-0.04855625556527082,0.0,-14.035205675101626,-4.855625556527082,0.04551400611450607,0.04855625556527099,0.05370650358425558,4.551400611450607,4.855625556527099,,,,,,,,,,,,,,,,,,,,
Basketball,NBA,2026_03_15,NBA_2026_03_15_Philadelphia_76ers_Portland_Trail_Blazers,2026_04_17,6:10 PM,Philadelphia 76ers,Portland Trail Blazers,8.5,-8.5,229.5,270,-340,-115,-105,-105,-115,3.7,1.294118,1.869565,1.952381,1.952381,1.869565,0.31,0.69,112.4,118.6,231.0,1,2025_NBA,,,,,,,,,,,,,,,,,,,,,,,,,home,8.5,-115.0,0.05293382168548644,0.06087391015678695,0.5631972259244725,5.236295458730556,0.015218477539196737,spread,nba,0.5631972259244725,0.4368027740755275,1.7755769275293,2.2893627498507834,1.8022105814422393,2.323703191098545,-124,+132,0.5348837831260214,0.5121951094586559,0.510834271337167,0.489165728662833,0.05293382168548644,0.052362954587305555,0.06087391015678695,5.293382168548644,5.236295458730556,-0.14719456314764767,-0.0523629545873055,0.0,-14.719456314764766,-5.23629545873055,,,,,,,,,,,,,,,,,,,,
Basketball,NBA,2026_03_15,NBA_2026_03_15_Sacramento_Kings_Utah_Jazz,2026_04_17,10:10 PM,Sacramento Kings,Utah Jazz,-2.5,2.5,233.5,-142,120,-105,-115,-110,-110,1.704225,2.2,1.952381,1.869565,1.909091,1.909091,0.419,0.581,115.2,118.7,233.9,1,2025_NBA,,,,,,,,,,,,,,,,,,,,,,,,,away,2.5,-115.0,0.23564453908247351,0.27099128769266634,0.6609262256634423,15.009195432627532,0.05,spread,nba,0.3390737743365577,0.6609262256634423,2.949210690082508,1.513028173448849,2.993448850433745,1.5357235960505817,+199,-186,0.5121951094586559,0.5348837831260214,0.489165728662833,0.510834271337167,-0.3379988053870171,-0.15009195432627526,0.0,-33.79988053870171,-15.009195432627525,0.23564453908247351,0.1500919543262753,0.27099128769266634,23.56445390824735,15.009195432627532,,,,,,,,,,,,,,,,,,,,
Basketball,NBA,2026_03_16,NBA_2026_03_16_Boston_Celtics_Phoenix_Suns,2026_04_17,7:40 PM,Boston Celtics,Phoenix Suns,-8.5,8.5,213.5,-425,330,-118,-102,-110,-110,1.235294,4.3,1.847458,1.980392,1.909091,1.909091,0.758,0.242,110.7,103.1,213.8,1,2025_NBA,,,,,,,,,,,,,,,,,,,,,,,,,away,8.5,-102.0,0.03934470856932082,0.040131609161764704,0.5248176666888782,4.218172222919464,0.010032902290441176,spread,nba,0.4751823333111218,0.5248176666888782,2.1044553425037753,1.9054236613433573,2.1360221726413315,1.9340050162635074,+113,-107,0.5412842944196837,0.504950535045587,0.5173640555403163,0.48263594445968355,-0.12212059686570154,-0.042181722229194474,0.0,-12.212059686570154,-4.218172222919447,0.03934470856932082,0.04218172222919464,0.040131609161764704,3.934470856932082,4.218172222919464,,,,,,,,,,,,,,,,,,,,
Basketball,NBA,2026_03_16,NBA_2026_03_16_New_Orleans_Pelicans_Dallas_Mavericks,2026_04_17,8:10 PM,New Orleans Pelicans,Dallas Mavericks,-8.5,8.5,239.5,-355,280,-112,-108,-105,-115,1.28169,3.8,1.892857,1.925926,1.952381,1.869565,0.754,0.246,122.6,115.1,237.7,1,2025_NBA,,,,,,,,,,,,,,,,,,,,,,,,,away,8.5,-108.0,0.016062726182073606,0.01734774288882012,0.5275710106110378,3.190079316218042,0.00433693572220503,spread,nba,0.47242898938896216,0.5275710106110378,2.1167202319514646,1.8954794328858031,2.1484710354307364,1.92391162437909,+114,-108,0.5283019266642963,0.5192307492603558,0.5043297825511426,0.4956702174488574,-0.1057594804321772,-0.03190079316218042,0.0,-10.57594804321772,-3.190079316218042,0.016062726182073606,0.03190079316218042,0.01734774288882012,1.6062726182073606,3.190079316218042,,,,,,,,,,,,,,,,,,,,
Basketball,NBA,2026_03_17,NBA_2026_03_17_Denver_Nuggets_Philadelphia_76ers,2026_04_17,10:10 PM,Denver Nuggets,Philadelphia 76ers,-16.0,16.0,233.0,-1100,709,-110,-110,-110,-110,1.090909,8.09,1.909091,1.909091,1.909091,1.909091,0.813,0.187,121.1,112.0,233.1,1,2025_NBA,,,,,,,,,,,,,,,,,,,,,,,,,away,16.0,-110.0,0.30468192899445934,0.3351500883788964,0.6834047874063935,18.340478740639355,0.05,spread,nba,0.31659521259360646,0.6834047874063935,3.1586074590573094,1.4632616253613393,3.205986570943169,1.4852105497417591,+220,-206,0.5238094988662143,0.5238094988662143,0.5,0.5,-0.39559092899445925,-0.18340478740639354,0.0,-39.55909289944592,-18.340478740639355,0.30468192899445934,0.18340478740639354,0.3351500883788964,30.468192899445935,18.340478740639355,,,,,,,,,,,,,,,,,,,,
Basketball,NBA,2026_03_17,NBA_2026_03_17_Milwaukee_Bucks_Cleveland_Cavaliers,2026_04_17,08:10 PM,Milwaukee Bucks,Cleveland Cavaliers,9.0,-9.0,229.0,354,-455,-105,-115,-110,-110,4.54,1.21978,1.952381,1.869565,1.909091,1.909091,0.152,0.848,108.0,119.2,227.2,1,2025_NBA,,,,,,,,,,,,,,,,,,,,,,,,,away,-9.0,-115.0,0.047837232341764624,0.055012830946236935,0.5604711429352628,4.963687159809583,0.013753207736559234,spread,nba,0.4395288570647372,0.5604711429352628,2.2751634708997326,1.7842131795811385,2.3092909229632284,1.8109763772748553,+130,-123,0.5121951094586559,0.5348837831260214,0.489165728662833,0.510834271337167,-0.14187221051509136,-0.049636871598095766,0.0,-14.187221051509136,-4.963687159809576,0.047837232341764624,0.04963687159809582,0.055012830946236935,4.783723234176462,4.963687159809583,,,,,,,,,,,,,,,,,,,,
Basketball,NBA,2026_03_17,NBA_2026_03_17_Minnesota_Timberwolves_Phoenix_Suns,2026_04_17,08:10 PM,Minnesota Timberwolves,Phoenix Suns,-8.0,8.0,227.0,-182,159,-110,-110,-110,-110,1.549451,2.59,1.909091,1.909091,1.909091,1.909091,0.669,0.331,113.0,107.9,220.9,1,2025_NBA,,,,,,,,,,,,,,,,,,,,,,,,,away,8.0,-110.0,0.10629216956793708,0.1169213748325933,0.5794863469409981,7.94863469409981,0.029230343708148324,spread,nba,0.4205136530590019,0.5794863469409981,2.378044072351893,1.7256661960697024,2.413714733437171,1.7515511890107478,+141,-133,0.5238094988662143,0.5238094988662143,0.5,0.5,-0.19720116956793698,-0.0794863469409981,0.0,-19.7201169567937,-7.94863469409981,0.10629216956793708,0.0794863469409981,0.1169213748325933,10.629216956793709,7.94863469409981,,,,,,,,,,,,,,,,,,,,
Basketball,NBA,2026_03_17,NBA_2026_03_17_New_York_Knicks_Indiana_Pacers,2026_04_17,07:40 PM,New York Knicks,Indiana Pacers,-17.5,17.5,225.0,-1300,795,-110,-110,-110,-110,1.076923,8.95,1.909091,1.909091,1.909091,1.909091,0.858,0.142,118.1,107.5,225.6,1,2025_NBA,,,,,,,,,,,,,,,,,,,,,,,,,away,17.5,-110.0,0.30468192899445934,0.3351500883788964,0.6834047874063935,18.340478740639355,0.05,spread,nba,0.31659521259360646,0.6834047874063935,3.1586074590573094,1.4632616253613393,3.205986570943169,1.4852105497417591,+220,-206,0.5238094988662143,0.5238094988662143,0.5,0.5,-0.39559092899445925,-0.18340478740639354,0.0,-39.55909289944592,-18.340478740639355,0.30468192899445934,0.18340478740639354,0.3351500883788964,30.468192899445935,18.340478740639355,,,,,,,,,,,,,,,,,,,,
Basketball,NBA,2026_03_17,NBA_2026_03_17_Sacramento_Kings_San_Antonio_Spurs,2026_04_17,10:10 PM,Sacramento Kings,San Antonio Spurs,13.5,-13.5,233.0,476,-650,-110,-110,-110,-110,5.76,1.153846,1.909091,1.909091,1.909091,1.909091,0.138,0.862,111.1,122.6,233.7,1,2025_NBA,,,,,,,,,,,,,,,,,,,,,,,,,home,13.5,-110.0,0.059565536990557,0.06552208413740428,0.5550104929469349,5.501049294693495,0.01638052103435107,spread,nba,0.5550104929469349,0.44498950705306506,1.8017677372013414,2.2472440004765097,1.8287942532593613,2.280952660483657,-120,+128,0.5238094988662143,0.5238094988662143,0.5,0.5,0.059565536990557,0.05501049294693494,0.06552208413740428,5.9565536990557,5.501049294693495,-0.1504745369905569,-0.05501049294693494,0.0,-15.04745369905569,-5.501049294693495,,,,,,,,,,,,,,,,,,,,
Basketball,NBA,2026_03_17,NBA_2026_03_17_Washington_Wizards_Detroit_Pistons,2026_04_17,07:10 PM,Washington Wizards,Detroit Pistons,18.5,-18.5,235.0,910,-1600,-110,-110,-110,-110,10.1,1.0625,1.909091,1.909091,1.909091,1.909091,0.07,0.93,109.3,125.1,234.4,1,2025_NBA,,,,,,,,,,,,,,,,,,,,,,,,,home,18.5,-110.0,0.09595246942634539,0.10554770581420933,0.574070313791404,7.407031379140405,0.026386926453552333,spread,nba,0.574070313791404,0.42592968620859595,1.7419468939189269,2.3478053593809785,1.7680760973277105,2.383022439771693,-130,+138,0.5238094988662143,0.5238094988662143,0.5,0.5,0.09595246942634539,0.07407031379140405,0.10554770581420933,9.595246942634539,7.407031379140405,-0.1868614694263453,-0.07407031379140405,0.0,-18.68614694263453,-7.407031379140405,,,,,,,,,,,,,,,,,,,,
Basketball,NBA,2026_03_18,NBA_2026_03_18_Boston_Celtics_Golden_State_Warriors,2026_04_17,07:10 PM,Boston Celtics,Golden State Warriors,-13.0,13.0,215.5,-620,458,-110,-110,-110,-110,1.16129,5.58,1.909091,1.909091,1.909091,1.909091,0.836,0.164,113.2,103.2,216.4,1,2025_NBA,,,,,,,,,,,,,,,,,,,,,,,,,away,13.0,-110.0,0.11145139478604937,0.12259652200500222,0.5821887981170355,8.21887981170355,0.030649130501250555,spread,nba,0.4178112018829645,0.5821887981170355,2.3934255364462818,1.7176558587768864,2.4293269194929756,1.7434206966585395,+142,-134,0.5238094988662143,0.5238094988662143,0.5,0.5,-0.2023603947860494,-0.0821887981170355,0.0,-20.23603947860494,-8.21887981170355,0.11145139478604937,0.0821887981170355,0.12259652200500222,11.145139478604937,8.21887981170355,,,,,,,,,,,,,,,,,,,,
Basketball,NBA,2026_03_18,NBA_2026_03_18_Brooklyn_Nets_Oklahoma_City_Thunder,2026_04_17,07:40 PM,Brooklyn Nets,Oklahoma City Thunder,19.5,-19.5,214.5,1156,-2500,-110,-110,-110,-110,12.56,1.04,1.909091,1.909091,1.909091,1.909091,0.079,0.921,100.6,115.6,216.2,1,2025_NBA,,,,,,,,,,,,,,,,,,,,,,,,,home,19.5,-110.0,0.18782212914030483,0.20660432139390314,0.6221925142071828,12.21925142071828,0.05,spread,nba,0.6221925142071828,0.3778074857928172,1.6072195938812144,2.6468506782006482,1.6313278877894324,2.686553438373658,-158,+168,0.5238094988662143,0.5238094988662143,0.5,0.5,0.18782212914030483,0.1221925142071828,0.20660432139390314,18.78221291403048,12.21925142071828,-0.27873112914030473,-0.1221925142071828,0.0,-27.87311291403047,-12.21925142071828,,,,,,,,,,,,,,,,,,,,
Basketball,NBA,2026_03_18,NBA_2026_03_18_Dallas_Mavericks_Atlanta_Hawks,2026_04_17,08:40 PM,Dallas Mavericks,Atlanta Hawks,8.0,-8.0,236.5,267,-330,-110,-110,-110,-110,3.67,1.30303,1.909091,1.909091,1.909091,1.909091,0.289,0.711,115.9,122.6,238.5,1,2025_NBA,,,,,,,,,,,,,,,,,,,,,,,,,home,8.0,-110.0,0.022934137105210084,0.025227548292976198,0.5358226177302234,3.582261773022344,0.0063068870732440495,spread,nba,0.5358226177302234,0.46417738226977656,1.8662892660934316,2.154348829126722,1.8942836050848328,2.1866640615636226,-111,+118,0.5238094988662143,0.5238094988662143,0.5,0.5,0.022934137105210084,0.03582261773022344,0.025227548292976198,2.2934137105210084,3.582261773022344,-0.11384313710520999,-0.03582261773022344,0.0,-11.384313710520999,-3.582261773022344,,,,,,,,,,,,,,,,,,,,
Basketball,NBA,2026_03_18,NBA_2026_03_18_Indiana_Pacers_Portland_Trail_Blazers,2026_04_17,07:40 PM,Indiana Pacers,Portland Trail Blazers,10.0,-10.0,231.0,383,-500,-110,-110,-110,-110,4.83,1.2,1.909091,1.909091,1.909091,1.909091,0.137,0.863,109.4,120.9,230.3,1,2025_NBA,,,,,,,,,,,,,,,,,,,,,,,,,away,-10.0,-110.0,0.03342028526630725,0.03676231011670702,0.5413153617435247,4.131536174352468,0.009190577529176755,spread,nba,0.4586846382564753,0.5413153617435247,2.1801471350798676,1.8473519701696552,2.2128493421060655,1.8750622497221998,+121,-114,0.5238094988662143,0.5238094988662143,0.5,0.5,-0.12432928526630727,-0.04131536174352468,0.0,-12.432928526630727,-4.131536174352468,0.03342028526630725,0.04131536174352468,0.03676231011670702,3.342028526630725,4.131536174352468,,,,,,,,,,,,,,,,,,,,
Basketball,NBA,2026_03_18,NBA_2026_03_18_Memphis_Grizzlies_Denver_Nuggets,2026_04_17,08:40 PM,Memphis Grizzlies,Denver Nuggets,12.5,-12.5,240.5,561,-800,-110,-110,-110,-110,6.61,1.125,1.909091,1.909091,1.909091,1.909091,0.157,0.843,115.8,126.8,242.6,1,2025_NBA,,,,,,,,,,,,,,,,,,,,,,,,,home,12.5,-110.0,0.03342028526630725,0.03676231011670702,0.5413153617435247,4.131536174352468,0.009190577529176755,spread,nba,0.5413153617435247,0.4586846382564753,1.8473519701696552,2.1801471350798676,1.8750622497221998,2.2128493421060655,-114,+121,0.5238094988662143,0.5238094988662143,0.5,0.5,0.03342028526630725,0.04131536174352468,0.03676231011670702,3.342028526630725,4.131536174352468,-0.12432928526630727,-0.04131536174352468,0.0,-12.432928526630727,-4.131536174352468,,,,,,,,,,,,,,,,,,,,
Basketball,NBA,2026_03_18,NBA_2026_03_18_Minnesota_Timberwolves_Utah_Jazz,2026_04_17,08:10 PM,Minnesota Timberwolves,Utah Jazz,-12.0,12.0,233.0,-620,458,-110,-110,-110,-110,1.16129,5.58,1.909091,1.909091,1.909091,1.909091,0.841,0.159,121.8,111.8,233.6,1,2025_NBA,,,,,,,,,,,,,,,,,,,,,,,,,away,12.0,-110.0,0.059565536990557,0.06552208413740428,0.5550104929469349,5.501049294693495,0.01638052103435107,spread,nba,0.44498950705306506,0.5550104929469349,2.2472440004765097,1.8017677372013414,2.280952660483657,1.8287942532593613,+128,-120,0.5238094988662143,0.5238094988662143,0.5,0.5,-0.1504745369905569,-0.05501049294693494,0.0,-15.04745369905569,-5.501049294693495,0.059565536990557,0.05501049294693494,0.06552208413740428,5.9565536990557,5.501049294693495,,,,,,,,,,,,,,,,,,,,
Basketball,NBA,2026_03_18,NBA_2026_03_18_New_Orleans_Pelicans_Los_Angeles_Clippers,2026_04_17,08:10 PM,New Orleans Pelicans,Los Angeles Clippers,-2.0,2.0,230.5,-125,105,-110,-110,-110,-110,1.8,2.05,1.909091,1.909091,1.909091,1.909091,0.498,0.502,115.5,116.0,231.5,1,2025_NBA,,,,,,,,,,,,,,,,,,,,,,,,,away,2.0,-110.0,0.08558602485182543,0.09414461792254616,0.5686402716538004,6.864027165380038,0.02353615448063654,spread,nba,0.4313597283461996,0.5686402716538004,2.3182507181046406,1.758581039453393,2.35302447887621,1.7849597550451937,+135,-127,0.5238094988662143,0.5238094988662143,0.5,0.5,-0.17649502485182533,-0.06864027165380038,0.0,-17.649502485182534,-6.864027165380038,0.08558602485182543,0.06864027165380038,0.09414461792254616,8.558602485182544,6.864027165380038,,,,,,,,,,,,,,,,,,,,
Basketball,NBA,2026_03_19,NBA_2026_03_19_Chicago_Bulls_Cleveland_Cavaliers,2026_04_17,8:10 PM,Chicago Bulls,Cleveland Cavaliers,12.5,-12.5,240.5,525,-750,-102,-118,-112,-108,6.25,1.133333,1.980392,1.847458,1.892857,1.925926,0.188,0.812,113.3,123.2,236.5,1,2025_NBA,,,,,,,,,,,,,,,,,,,,,,,,,home,12.5,-102.0,0.13151079469006377,0.1341410320464302,0.571356981188605,8.872103672892145,0.03353525801160755,spread,nba,0.571356981188605,0.428643018811395,1.7502192725810064,2.332943629346743,1.7764725616697212,2.3679377837869438,-128,+136,0.504950535045587,0.5412842944196837,0.48263594445968355,0.5173640555403163,0.13151079469006377,0.08872103672892145,0.1341410320464302,13.151079469006376,8.872103672892145,-0.20810002575273778,-0.08872103672892129,0.0,-20.810002575273778,-8.872103672892129,,,,,,,,,,,,,,,,,,,,
Basketball,NBA,2026_03_19,NBA_2026_03_19_Sacramento_Kings_Philadelphia_76ers,2026_04_17,10:10 PM,Sacramento Kings,Philadelphia 76ers,3.5,-3.5,230.5,130,-155,-112,-108,-115,-105,2.3,1.645161,1.892857,1.925926,1.869565,1.952381,0.333,0.667,111.7,117.3,229.0,1,2025_NBA,,,,,,,,,,,,,,,,,,,,,,,,,away,-3.5,-108.0,0.074170183841888,0.08010379214093555,0.5577421893893576,6.207197194050018,0.020025948035233887,spread,nba,0.4422578106106424,0.5577421893893576,2.2611245658256696,1.792943081990708,2.2950414343130543,1.8198372282205684,+129,-121,0.5283019266642963,0.5192307492603558,0.5043297825511426,0.4956702174488574,-0.16286920738097121,-0.06207197194050018,0.0,-16.286920738097123,-6.207197194050018,0.074170183841888,0.06207197194050018,0.08010379214093555,7.4170183841888,6.207197194050018,,,,,,,,,,,,,,,,,,,,
Basketball,NBA,2026_03_19,NBA_2026_03_19_Washington_Wizards_Detroit_Pistons,2026_04_17,7:10 PM,Washington Wizards,Detroit Pistons,15.5,-15.5,230.5,800,-1350,-105,-115,-110,-110,9.0,1.074074,1.952381,1.869565,1.909091,1.909091,0.095,0.905,107.8,121.4,229.2,1,2025_NBA,,,,,,,,,,,,,,,,,,,,,,,,,home,15.5,-105.0,0.0782535238236588,0.08216619590653194,0.5522761816590404,6.311045299620738,0.020541548976632986,spread,nba,0.5522761816590404,0.44772381834095965,1.8106882628832464,2.233519770526168,1.8378485868264949,2.2670225670840605,-119,+126,0.5121951094586559,0.5348837831260214,0.489165728662833,0.510834271337167,0.0782535238236588,0.06311045299620738,0.08216619590653194,7.82535238236588,6.311045299620738,-0.16295121956338376,-0.06311045299620732,0.0,-16.295121956338377,-6.311045299620732,,,,,,,,,,,,,,,,,,,,
Basketball,NBA,2026_03_20,NBA_2026_03_20_Brooklyn_Nets_New_York_Knicks,2026_04_17,7:40 PM,Brooklyn Nets,New York Knicks,17.5,-17.5,215.5,1000,-1800,-105,-115,-115,-105,11.0,1.055556,1.952381,1.869565,1.869565,1.952381,0.092,0.908,102.3,116.1,218.4,1,2025_NBA,,,,,,,,,,,,,,,,,,,,,,,,,home,17.5,-105.0,0.17336257279148648,0.1820306923295262,0.6009905714056255,11.182484274279252,0.04550767308238155,spread,nba,0.6009905714056255,0.3990094285943745,1.6639196146807298,2.5062064410928526,1.6888784089009405,2.543799537709245,-145,+154,0.5121951094586559,0.5348837831260214,0.489165728662833,0.510834271337167,0.17336257279148648,0.11182484274279253,0.1820306923295262,17.336257279148647,11.182484274279252,-0.2540259376299583,-0.11182484274279247,0.0,-25.402593762995828,-11.182484274279247,,,,,,,,,,,,,,,,,,,,
Basketball,NBA,2026_03_20,NBA_2026_03_20_Memphis_Grizzlies_Boston_Celtics,2026_04_17,8:10 PM,Memphis Grizzlies,Boston Celtics,15.5,-15.5,228.5,750,-1200,-112,-108,-110,-110,8.5,1.083333,1.892857,1.925926,1.909091,1.909091,0.126,0.874,106.9,118.7,225.6,1,2025_NBA,,,,,,,,,,,,,,,,,,,,,,,,,home,15.5,-112.0,0.13758921001913804,0.15409993987742499,0.6009905714056255,9.666078885448293,0.038524984969356246,spread,nba,0.6009905714056255,0.3990094285943745,1.6639196146807298,2.5062064410928526,1.6888784089009405,2.543799537709245,-145,+154,0.5283019266642963,0.5192307492603558,0.5043297825511426,0.4956702174488574,0.13758921001913804,0.09666078885448293,0.15409993987742499,13.758921001913805,9.666078885448293,-0.23153736722495066,-0.09666078885448293,0.0,-23.153736722495065,-9.666078885448293,,,,,,,,,,,,,,,,,,,,
Basketball,NBA,2026_03_20,NBA_2026_03_20_Minnesota_Timberwolves_Portland_Trail_Blazers,2026_04_17,8:10 PM,Minnesota Timberwolves,Portland Trail Blazers,-2.5,2.5,230.5,-142,120,-118,-102,-110,-110,1.704225,2.2,1.847458,1.980392,1.909091,1.909091,0.545,0.455,116.5,115.0,231.5,1,2025_NBA,,,,,,,,,,,,,,,,,,,,,,,,,away,2.5,-102.0,0.04479740884601435,0.04569336433387305,0.5275710106110378,4.493506615135429,0.011423341083468262,spread,nba,0.47242898938896216,0.5275710106110378,2.1167202319514646,1.8954794328858031,2.1484710354307364,1.92391162437909,+114,-108,0.5412842944196837,0.504950535045587,0.5173640555403163,0.48263594445968355,-0.12720728412144677,-0.04493506615135412,0.0,-12.720728412144677,-4.493506615135412,0.04479740884601435,0.044935066151354286,0.04569336433387305,4.479740884601435,4.493506615135429,,,,,,,,,,,,,,,,,,,,
Basketball,NBA,2026_03_21,NBA_2026_03_21_Atlanta_Hawks_Golden_State_Warriors,2026_04_17,8:10 PM,Atlanta Hawks,Golden State Warriors,-10.5,10.5,229.5,-410,320,-105,-115,-105,-115,1.243902,4.2,1.952381,1.869565,1.952381,1.869565,0.764,0.236,118.9,111.3,230.2,1,2025_NBA,,,,,,,,,,,,,,,,,,,,,,,,,away,10.5,-115.0,0.08338739221874625,0.09589552502543945,0.5794863469409977,6.865207560383069,0.023973881256359863,spread,nba,0.42051365305900235,0.5794863469409977,2.3780440723518907,1.7256661960697037,2.413714733437169,1.7515511890107491,+141,-133,0.5121951094586559,0.5348837831260214,0.489165728662833,0.510834271337167,-0.17899713352701196,-0.06865207560383063,0.0,-17.8997133527012,-6.865207560383063,0.08338739221874625,0.06865207560383069,0.09589552502543945,8.338739221874626,6.865207560383069,,,,,,,,,,,,,,,,,,,,
Basketball,NBA,2026_03_21,NBA_2026_03_21_Charlotte_Hornets_Memphis_Grizzlies,2026_04_17,7:10 PM,Charlotte Hornets,Memphis Grizzlies,-16.5,16.5,234.5,-1200,750,-112,-108,-112,-108,1.083333,8.5,1.892857,1.925926,1.892857,1.925926,0.896,0.104,122.2,109.9,232.1,1,2025_NBA,,,,,,,,,,,,,,,,,,,,,,,,,away,16.5,-108.0,0.18305986468104685,0.1977046380391594,0.614281059958195,11.861084250933763,0.04942615950978985,spread,nba,0.38571894004180496,0.614281059958195,2.592561308738477,1.6279193111831498,2.631449728369554,1.6523381008508968,+163,-153,0.5283019266642963,0.5192307492603558,0.5043297825511426,0.4956702174488574,-0.2698892043092892,-0.11861084250933762,0.0,-26.98892043092892,-11.861084250933763,0.18305986468104685,0.11861084250933762,0.1977046380391594,18.305986468104685,11.861084250933763,,,,,,,,,,,,,,,,,,,,
Basketball,NBA,2026_03_21,NBA_2026_03_21_Phoenix_Suns_Milwaukee_Bucks,2026_04_17,10:10 PM,Phoenix Suns,Milwaukee Bucks,-11.5,11.5,219.5,-600,440,-110,-110,-110,-110,1.166667,5.4,1.909091,1.909091,1.909091,1.909091,0.799,0.201,113.8,105.2,219.0,1,2025_NBA,,,,,,,,,,,,,,,,,,,,,,,,,away,11.5,-110.0,0.10629216956793708,0.1169213748325933,0.5794863469409981,7.94863469409981,0.029230343708148324,spread,nba,0.4205136530590019,0.5794863469409981,2.378044072351893,1.7256661960697024,2.413714733437171,1.7515511890107478,+141,-133,0.5238094988662143,0.5238094988662143,0.5,0.5,-0.19720116956793698,-0.0794863469409981,0.0,-19.7201169567937,-7.94863469409981,0.10629216956793708,0.0794863469409981,0.1169213748325933,10.629216956793709,7.94863469409981,,,,,,,,,,,,,,,,,,,,
Basketball,NBA,2026_03_21,NBA_2026_03_21_San_Antonio_Spurs_Indiana_Pacers,2026_04_17,8:10 PM,San Antonio Spurs,Indiana Pacers,-18.5,18.5,233.5,-2100,1100,-115,-105,-110,-110,1.047619,12.0,1.869565,1.952381,1.909091,1.909091,0.926,0.074,123.3,108.8,232.1,1,2025_NBA,,,,,,,,,,,,,,,,,,,,,,,,,away,18.5,-105.0,0.18896096442116384,0.19840900272177203,0.6089799913137671,11.981426265093415,0.04960225068044301,spread,nba,0.3910200086862329,0.6089799913137671,2.557413886209676,1.6420900756405412,2.595775094502821,1.6667214267751491,+159,-149,0.5348837831260214,0.5121951094586559,0.510834271337167,0.489165728662833,-0.26896267746052305,-0.11981426265093409,0.0,-26.896267746052306,-11.98142626509341,0.18896096442116384,0.11981426265093414,0.19840900272177203,18.896096442116384,11.981426265093415,,,,,,,,,,,,,,,,,,,,
Basketball,NBA,2026_03_21,NBA_2026_03_21_Washington_Wizards_Oklahoma_City_Thunder,2026_04_17,5:10 PM,Washington Wizards,Oklahoma City Thunder,20.5,-20.5,229.5,1300,-2800,-105,-115,-110,-110,14.0,1.035714,1.952381,1.869565,1.909091,1.909091,0.035,0.965,104.3,123.9,228.2,1,2025_NBA,,,,,,,,,,,,,,,,,,,,,,,,,home,20.5,-105.0,0.024644040907698672,0.025876241659271524,0.5248176666888782,3.5651938026045213,0.006469060414817881,spread,nba,0.5248176666888782,0.4751823333111218,1.9054236613433573,2.1044553425037753,1.9340050162635074,2.1360221726413315,-107,+113,0.5121951094586559,0.5348837831260214,0.489165728662833,0.510834271337167,0.024644040907698672,0.035651938026045216,0.025876241659271524,2.464404090769867,3.5651938026045213,-0.1116157410231926,-0.03565193802604516,0.0,-11.16157410231926,-3.565193802604516,,,,,,,,,,,,,,,,,,,,
Basketball,NBA,2026_03_22,NBA_2026_03_22_Boston_Celtics_Minnesota_Timberwolves,2026_04_17,8:10 PM,Boston Celtics,Minnesota Timberwolves,-9.5,9.5,221.5,-380,300,-118,-102,-108,-112,1.263158,4.0,1.847458,1.980392,1.925926,1.892857,0.747,0.253,114.5,107.2,221.7,1,2025_NBA,,,,,,,,,,,,,,,,,,,,,,,,,away,9.5,-102.0,0.10995256769985096,0.1121516369981099,0.5604711429352628,7.7835198475579235,0.028037909249527475,spread,nba,0.4395288570647372,0.5604711429352628,2.2751634708997326,1.7842131795811385,2.3092909229632284,1.8109763772748553,+130,-123,0.5412842944196837,0.504950535045587,0.5173640555403163,0.48263594445968355,-0.18798889678489472,-0.07783519847557907,0.0,-18.798889678489473,-7.783519847557907,0.10995256769985096,0.07783519847557924,0.1121516369981099,10.995256769985096,7.7835198475579235,,,,,,,,,,,,,,,,,,,,
Basketball,NBA,2026_03_22,NBA_2026_03_22_New_York_Knicks_Washington_Wizards,2026_04_17,7:40 PM,New York Knicks,Washington Wizards,-19.5,19.5,226.5,-2400,1200,-115,-105,-115,-105,1.041667,13.0,1.869565,1.952381,1.869565,1.952381,0.951,0.049,122.7,106.0,228.7,1,2025_NBA,,,,,,,,,,,,,,,,,,,,,,,,,away,19.5,-105.0,0.12609459436777515,0.13239931746619793,0.5767801440230033,8.761441536017028,0.03309982936654948,spread,nba,0.42321985597699674,0.5767801440230033,2.3628380991045774,1.7337628737096709,2.398280670591146,1.7597693168153157,+139,-131,0.5348837831260214,0.5121951094586559,0.510834271337167,0.489165728662833,-0.20876296996036614,-0.08761441536017023,0.0,-20.876296996036615,-8.761441536017022,0.12609459436777515,0.08761441536017028,0.13239931746619793,12.609459436777515,8.761441536017028,,,,,,,,,,,,,,,,,,,,
Basketball,NBA,2026_03_22,NBA_2026_03_22_Sacramento_Kings_Brooklyn_Nets,2026_04_17,6:10 PM,Sacramento Kings,Brooklyn Nets,-6.5,6.5,218.5,-250,205,-110,-110,-110,-110,1.4,3.05,1.909091,1.909091,1.909091,1.909091,0.651,0.349,111.2,106.8,218.0,1,2025_NBA,,,,,,,,,,,,,,,,,,,,,,,,,away,6.5,-110.0,0.06478059408351822,0.07125864636600528,0.5577421893893576,5.7742189389357605,0.01781466159150132,spread,nba,0.4422578106106424,0.5577421893893576,2.2611245658256696,1.792943081990708,2.2950414343130543,1.8198372282205684,+129,-121,0.5238094988662143,0.5238094988662143,0.5,0.5,-0.155689594083518,-0.0577421893893576,0.0,-15.568959408351802,-5.7742189389357605,0.06478059408351822,0.0577421893893576,0.07125864636600528,6.478059408351822,5.7742189389357605,,,,,,,,,,,,,,,,,,,,
Basketball,NBA,2026_03_23,NBA_2026_03_23_Atlanta_Hawks_Memphis_Grizzlies,2026_04_17,7:30 PM,Atlanta Hawks,Memphis Grizzlies,-14.5,14.5,239.5,-950,625,-108,-112,-110,-110,1.105263,7.25,1.925926,1.892857,1.909091,1.909091,0.84,0.16,124.5,114.4,238.9,1,2025_NBA,,,,,,,,,,,,,,,,,,,,,,,,,away,14.5,-112.0,0.17274012911810055,0.19346897556730872,0.6195608696896282,11.523108713848561,0.04836724389182718,spread,nba,0.3804391303103718,0.6195608696896282,2.6285413889580047,1.6140464140366941,2.6679695097923743,1.6382571102472443,+166,-156,0.5192307492603558,0.5283019266642963,0.4956702174488574,0.5043297825511426,-0.26730238751786684,-0.11523108713848562,0.0,-26.730238751786683,-11.523108713848561,0.17274012911810055,0.11523108713848562,0.19346897556730872,17.274012911810054,11.523108713848561,,,,,,,,,,,,,,,,,,,,
Basketball,NBA,2026_03_23,NBA_2026_03_23_Chicago_Bulls_Houston_Rockets,2026_04_17,8:00 PM,Chicago Bulls,Houston Rockets,8.5,-8.5,229.5,280,-355,-115,-105,-112,-108,3.8,1.28169,1.869565,1.952381,1.892857,1.925926,0.197,0.803,109.1,118.6,227.7,1,2025_NBA,,,,,,,,,,,,,,,,,,,,,,,,,away,-8.5,-105.0,0.03001961726778868,0.031520596555148286,0.5275710106110378,3.840528194820486,0.007880149138787072,spread,nba,0.47242898938896216,0.5275710106110378,2.1167202319514646,1.8954794328858031,2.1484710354307364,1.92391162437909,+114,-108,0.5348837831260214,0.5121951094586559,0.510834271337167,0.489165728662833,-0.11676329645302497,-0.038405281948204806,0.0,-11.676329645302497,-3.8405281948204806,0.03001961726778868,0.03840528194820486,0.031520596555148286,3.001961726778868,3.840528194820486,,,,,,,,,,,,,,,,,,,,
Basketball,NBA,2026_03_23,NBA_2026_03_23_Dallas_Mavericks_Golden_State_Warriors,2026_04_17,9:30 PM,Dallas Mavericks,Golden State Warriors,2.5,-2.5,230.5,105,-125,-120,100,-115,-105,2.05,1.8,1.833333,2.0,1.869565,1.952381,0.507,0.493,115.0,115.2,230.2,1,2025_NBA,,,,,,,,,,,,,,,,,,,,,,,,,home,2.5,-120.0,0.03252805979579043,0.03903368736842346,0.5631972259244722,4.145805012106562,0.009758421842105866,spread,nba,0.5631972259244722,0.4368027740755278,1.7755769275293012,2.2893627498507816,1.8022105814422404,2.3237031910985433,-124,+132,0.5454546446281172,0.5,0.5217391758034066,0.4782608241965934,0.03252805979579043,0.041458050121065626,0.03903368736842346,3.252805979579043,4.145805012106562,-0.12639445184894438,-0.04145805012106557,0.0,-12.639445184894438,-4.145805012106557,,,,,,,,,,,,,,,,,,,,
Basketball,NBA,2026_03_23,NBA_2026_03_23_Detroit_Pistons_Los_Angeles_Lakers,2026_04_17,7:00 PM,Detroit Pistons,Los Angeles Lakers,2.5,-2.5,226.5,120,-142,-112,-108,-105,-115,2.2,1.704225,1.892857,1.925926,1.952381,1.869565,0.505,0.495,112.7,112.8,225.5,1,2025_NBA,,,,,,,,,,,,,,,,,,,,,,,,,home,2.5,-112.0,0.07120622231838913,0.07975098175675303,0.5659203111055876,6.159052855444502,0.01993774543918826,spread,nba,0.5659203111055876,0.4340796888944124,1.767033238383669,2.3037244671524926,1.793538736959424,2.3382803341597795,-126,+133,0.5283019266642963,0.5192307492603558,0.5043297825511426,0.4956702174488574,0.07120622231838913,0.06159052855444502,0.07975098175675303,7.120622231838913,6.159052855444502,-0.16399464108633988,-0.06159052855444502,0.0,-16.39946410863399,-6.159052855444502,,,,,,,,,,,,,,,,,,,,
Basketball,NBA,2026_03_23,NBA_2026_03_23_Los_Angeles_Clippers_Milwaukee_Bucks,2026_04_17,10:30 PM,Los Angeles Clippers,Milwaukee Bucks,-13.5,13.5,224.5,-800,550,-105,-115,-108,-112,1.125,6.5,1.952381,1.869565,1.925926,1.892857,0.827,0.173,116.1,106.4,222.5,1,2025_NBA,,,,,,,,,,,,,,,,,,,,,,,,,away,13.5,-115.0,0.12857898398359868,0.14786586854760564,0.6036585965096687,9.282432517250172,0.03696646713690141,spread,nba,0.3963414034903313,0.6036585965096687,2.5230773045501285,1.6565654921208153,2.56092346411838,1.6814139745026273,+156,-146,0.5121951094586559,0.5348837831260214,0.489165728662833,0.510834271337167,-0.2261905743121435,-0.09282432517250166,0.0,-22.61905743121435,-9.282432517250166,0.12857898398359868,0.09282432517250172,0.14786586854760564,12.857898398359868,9.282432517250172,,,,,,,,,,,,,,,,,,,,
Basketball,NBA,2026_03_23,NBA_2026_03_23_Orlando_Magic_Indiana_Pacers,2026_04_17,7:00 PM,Orlando Magic,Indiana Pacers,-12.5,12.5,232.5,-800,550,-115,-105,-115,-105,1.125,6.5,1.869565,1.952381,1.869565,1.952381,0.875,0.125,121.4,110.2,231.6,1,2025_NBA,,,,,,,,,,,,,,,,,,,,,,,,,away,12.5,-105.0,0.0461298982267504,0.048436390716268506,0.535822617730223,4.6656889067390015,0.012109097679067126,spread,nba,0.464177382269777,0.535822617730223,2.15434882912672,1.8662892660934332,2.1866640615636204,1.8942836050848344,+118,-111,0.5348837831260214,0.5121951094586559,0.510834271337167,0.489165728662833,-0.1321902123168044,-0.04665688906738996,0.0,-13.21902123168044,-4.665688906738996,0.0461298982267504,0.04665688906739002,0.048436390716268506,4.61298982267504,4.6656889067390015,,,,,,,,,,,,,,,,,,,,
Basketball,NBA,2026_03_23,NBA_2026_03_23_Philadelphia_76ers_Oklahoma_City_Thunder,2026_04_17,7:00 PM,Philadelphia 76ers,Oklahoma City Thunder,15.5,-15.5,223.5,700,-1100,-110,-110,-108,-112,8.0,1.090909,1.909091,1.909091,1.925926,1.892857,0.085,0.915,105.2,119.5,224.7,1,2025_NBA,,,,,,,,,,,,,,,,,,,,,,,,,home,15.5,-110.0,0.017686044522422728,0.019454647029200297,0.5330736169844301,3.307361698443012,0.004863661757300074,spread,nba,0.5330736169844301,0.4669263830155699,1.8759135101394593,2.1416652311262836,1.904052212791551,2.173790209593178,-110,+117,0.5238094988662143,0.5238094988662143,0.5,0.5,0.017686044522422728,0.03307361698443012,0.019454647029200297,1.7686044522422728,3.307361698443012,-0.10859504452242263,-0.03307361698443012,0.0,-10.859504452242263,-3.307361698443012,,,,,,,,,,,,,,,,,,,,
Basketball,NBA,2026_03_24,c4901bf9c9ebf81236d22ca4626b5a31,2026-03-24T13:50:34Z,07:10 PM,Charlotte Hornets,Sacramento Kings,-16.5,16.5,230.5,-1667,900,-112,-108,-105,-115,1.06,10.0,1.89,1.93,1.95,1.87,0.909,0.091,122.0,109.0,231.0,1,2025_NBA,,,,,,,,,,,,,,,,,,,,,,,,,away,16.5,-108.0,0.14958608974698007,0.1608452577924517,0.595640461008798,10.087606310303887,0.04021131444811293,spread,nba,0.404359538991202,0.595640461008798,2.473046641844544,1.678865129991949,2.510142341472212,1.704048106941828,+151,-142,0.5291005291005292,0.5181347150259068,0.5052356020942408,0.4947643979057591,-0.23576047130662825,-0.10087606310303876,0.0,-23.576047130662825,-10.087606310303876,0.14958608974698007,0.10087606310303887,0.1608452577924517,14.958608974698006,10.087606310303887,,,,,,,,,,,,,,,,,,,,
Basketball,NBA,2026_03_24,6b03ae1305a70007dbaebefa0c8af0b7,2026-03-24T13:50:34Z,08:10 PM,Cleveland Cavaliers,Orlando Magic,-10.5,10.5,230.5,-476,360,-115,-105,-115,-105,1.21,4.6,1.87,1.95,1.87,1.95,0.774,0.226,119.1,111.2,230.3,1,2025_NBA,,,,,,,,,,,,,,,,,,,,,,,,,away,10.5,-105.0,0.11414611331778057,0.12015380349240061,0.5713569811886055,8.182818537708702,0.030038450873100152,spread,nba,0.42864301881139455,0.5713569811886055,2.332943629346745,1.750219272581005,2.367937783786946,1.77647256166972,+136,-128,0.53475935828877,0.5128205128205129,0.5104712041884817,0.4895287958115184,-0.1984375548226921,-0.08182818537708714,0.0,-19.84375548226921,-8.182818537708714,0.11414611331778057,0.08182818537708703,0.12015380349240061,11.414611331778058,8.182818537708702,,,,,,,,,,,,,,,,,,,,
Basketball,NBA,2026_03_24,3ffbb865981907829bb58d7f86351ba0,2026-03-24T13:50:34Z,07:40 PM,New York Knicks,New Orleans Pelicans,-8.5,8.5,231.5,-357,285,-110,-110,-105,-115,1.28,3.85,1.91,1.91,1.95,1.87,0.75,0.25,119.4,112.1,231.5,1,2025_NBA,,,,,,,,,,,,,,,,,,,,,,,,,away,8.5,-110.0,0.01817060844026086,0.019967701582704243,0.5330736169844298,3.307361698442979,0.004991925395676061,spread,nba,0.4669263830155702,0.5330736169844298,2.141665231126282,1.8759135101394604,2.173790209593176,1.904052212791552,+117,-110,0.5235602094240838,0.5235602094240838,0.5,0.5,-0.10817060844026094,-0.03307361698442979,0.0,-10.817060844026095,-3.307361698442979,0.01817060844026086,0.03307361698442979,0.019967701582704243,1.817060844026086,3.307361698442979,,,,,,,,,,,,,,,,,,,,
Basketball,NBA,2026_03_25,277fee894c9dc5c623ed6a131bf513c7,2026-03-25T19:43:40Z,07:40 PM,Boston Celtics,Oklahoma City Thunder,2.5,-2.5,218.5,114,-135,-118,-102,-110,-110,2.14,1.74,1.85,1.98,1.91,1.91,0.398,0.602,106.9,110.7,217.6,1,2025_NBA,,,,,,,,,,,,,,,,,,,,,,,,,away,-2.5,-102.0,0.0609287831058416,0.06217222765902193,0.535822617730223,5.279389710359111,0.015543056914755483,spread,nba,0.464177382269777,0.535822617730223,2.15434882912672,1.8662892660934332,2.1866640615636204,1.8942836050848344,+118,-111,0.5405405405405405,0.5050505050505051,0.5169712793733681,0.4830287206266319,-0.14127184280091254,-0.05279389710359106,0.0,-14.127184280091253,-5.279389710359106,0.0609287831058416,0.052793897103591114,0.06217222765902193,6.09287831058416,5.279389710359111,,,,,,,,,,,,,,,,,,,,
Basketball,NBA,2026_03_25,f0853d396988ee8ea615897e136d22cb,2026-03-25T19:43:40Z,10:10 PM,Golden State Warriors,Brooklyn Nets,-12.5,12.5,216.5,-625,455,-105,-115,-115,-105,1.16,5.55,1.95,1.87,1.87,1.95,0.853,0.147,112.9,102.5,215.4,1,2025_NBA,,,,,,,,,,,,,,,,,,,,,,,,,away,12.5,-115.0,0.04297789415809872,0.04939987834264226,0.5577421893893576,4.7270985200875915,0.012349969585660566,spread,nba,0.4422578106106424,0.5577421893893576,2.2611245658256696,1.792943081990708,2.2950414343130543,1.8198372282205684,+129,-121,0.5128205128205129,0.53475935828877,0.4895287958115184,0.5104712041884817,-0.13759726930924732,-0.047270985200876026,0.0,-13.759726930924732,-4.727098520087603,0.04297789415809872,0.047270985200875915,0.04939987834264226,4.297789415809872,4.7270985200875915,,,,,,,,,,,,,,,,,,,,
Basketball,NBA,2026_03_25,3d71d6b6b1bc85b5ec831ae9dba2c93c,2026-03-25T19:43:40Z,07:10 PM,Indiana Pacers,Los Angeles Lakers,9.5,-9.5,238.5,380,-500,-112,-108,-105,-115,4.8,1.2,1.89,1.93,1.95,1.87,0.15,0.85,112.5,123.7,236.2,1,2025_NBA,,,,,,,,,,,,,,,,,,,,,,,,,away,-9.5,-108.0,0.05532444119272539,0.059488646443790746,0.5468002285972671,5.203583069150797,0.014872161610947687,spread,nba,0.45319977140273293,0.5468002285972671,2.206532445735408,1.8288214739144277,2.2396304324214387,1.856253796023144,+123,-116,0.5291005291005292,0.5181347150259068,0.5052356020942408,0.4947643979057591,-0.14345243204883484,-0.052035830691507856,0.0,-14.345243204883484,-5.203583069150786,0.05532444119272539,0.05203583069150797,0.059488646443790746,5.532444119272539,5.203583069150797,,,,,,,,,,,,,,,,,,,,
Basketball,NBA,2026_03_25,bcbad64f54906ae96b4be0ef54b453b4,2026-03-25T19:43:40Z,08:10 PM,Memphis Grizzlies,San Antonio Spurs,17.5,-17.5,233.5,950,-1667,-118,-102,-105,-115,10.5,1.06,1.85,1.98,1.95,1.87,0.099,0.901,110.0,123.3,233.3,1,2025_NBA,,,,,,,,,,,,,,,,,,,,,,,,,home,17.5,-118.0,0.13641996092266084,0.16049407167371862,0.614281059958195,9.730978058482698,0.040123517918429656,spread,nba,0.614281059958195,0.38571894004180496,1.6279193111831498,2.592561308738477,1.6523381008508968,2.631449728369554,-153,+163,0.5405405405405405,0.5050505050505051,0.5169712793733681,0.4830287206266319,0.13641996092266084,0.09730978058482698,0.16049407167371862,13.641996092266083,9.730978058482698,-0.23627649871722622,-0.09730978058482692,0.0,-23.62764987172262,-9.730978058482693,,,,,,,,,,,,,,,,,,,,
Basketball,NBA,2026_03_25,eaf07668d23364ac54cbcf69f4808ba9,2026-03-25T19:43:40Z,07:10 PM,Philadelphia 76ers,Chicago Bulls,-6.5,6.5,240.5,-244,200,-110,-110,-108,-112,1.41,3.0,1.91,1.91,1.93,1.89,0.685,0.315,121.7,116.5,238.2,1,2025_NBA,,,,,,,,,,,,,,,,,,,,,,,,,away,6.5,-110.0,0.023421199864725795,0.02573758226892951,0.535822617730223,3.5822617730222994,0.006434395567232377,spread,nba,0.464177382269777,0.535822617730223,2.15434882912672,1.8662892660934332,2.1866640615636204,1.8942836050848344,+118,-111,0.5235602094240838,0.5235602094240838,0.5,0.5,-0.11342119986472599,-0.035822617730222994,0.0,-11.342119986472598,-3.5822617730222994,0.023421199864725795,0.035822617730222994,0.02573758226892951,2.3421199864725795,3.5822617730222994,,,,,,,,,,,,,,,,,,,,
Basketball,NBA,2026_03_25,d17b632d984be98852b4bc409ae1d056,2026-03-25T19:43:40Z,10:10 PM,Portland Trail Blazers,Milwaukee Bucks,-13.5,13.5,225.5,-769,525,-102,-118,-115,-105,1.13,6.25,1.98,1.85,1.87,1.95,0.862,0.138,117.6,106.8,224.4,1,2025_NBA,,,,,,,,,,,,,,,,,,,,,,,,,away,13.5,-118.0,0.06203008051409764,0.07297656531070297,0.574070313791404,5.709903441803599,0.018244141327675743,spread,nba,0.42592968620859595,0.574070313791404,2.3478053593809785,1.7419468939189269,2.383022439771693,1.7680760973277105,+138,-130,0.5050505050505051,0.5405405405405405,0.4830287206266319,0.5169712793733681,-0.15665922130698007,-0.05709903441803593,0.0,-15.665922130698007,-5.709903441803593,0.06203008051409764,0.05709903441803599,0.07297656531070297,6.203008051409764,5.709903441803599,,,,,,,,,,,,,,,,,,,,
Basketball,NBA,2026_03_26,6c518123941e3d6b5ca85502a16136f5,2026-03-26T15:57:09Z,07:10 PM,Orlando Magic,Sacramento Kings,-15.5,15.5,230.5,-1250,750,-105,-115,-110,-110,1.08,8.5,1.95,1.87,1.91,1.91,0.869,0.131,120.6,109.8,230.4,1,2025_NBA,,,,,,,,,,,,,,,,,,,,,,,,,away,15.5,-115.0,0.17331039280553573,0.1992073480523399,0.627438712730233,11.69675085417513,0.04980183701308497,spread,nba,0.372561287269767,0.627438712730233,2.684122140891983,1.593781160949738,2.7243839730053625,1.617687878363984,+172,-161,0.5128205128205129,0.53475935828877,0.4895287958115184,0.5104712041884817,-0.2735054898239544,-0.11696750854175142,0.0,-27.350548982395438,-11.696750854175143,0.17331039280553573,0.11696750854175131,0.1992073480523399,17.331039280553572,11.69675085417513,,,,,,,,,,,,,,,,,,,,
Basketball,NBA,2026_03_27,a2b709618069c3dd7c15f6192c11e93c,2026-03-27T09:56:03Z,09:10 PM,Denver Nuggets,Utah Jazz,-18.5,18.5,248.5,-2000,1100,-108,-112,-110,-110,1.05,12.0,1.93,1.89,1.91,1.91,0.902,0.098,129.4,116.8,246.2,1,2025_NBA,,,,,,,,,,,,,,,,,,,,,,,,,away,18.5,-112.0,0.2443589305391869,0.27456059611144595,0.6583909685392524,15.31553664450116,0.05,spread,nba,0.3416090314607476,0.6583909685392524,2.9273230737604323,1.518854370403444,2.9712329198668384,1.5416371859594955,+197,-184,0.5181347150259068,0.5291005291005292,0.4947643979057591,0.5052356020942408,-0.34069456928075714,-0.1531553664450115,0.0,-34.06945692807572,-15.31553664450115,0.2443589305391869,0.1531553664450116,0.27456059611144595,24.43589305391869,15.31553664450116,,,,,,,,,,,,,,,,,,,,
Basketball,NBA,2026_03_27,79aaaf1d88e3174addc5d58bd07e024d,2026-03-27T09:56:03Z,10:10 PM,Golden State Warriors,Washington Wizards,-13.5,13.5,232.5,-1000,650,-118,-102,-110,-110,1.1,7.5,1.85,1.98,1.91,1.91,0.875,0.125,121.1,109.9,231.0,1,2025_NBA,,,,,,,,,,,,,,,,,,,,,,,,,away,13.5,-102.0,0.1151305073304556,0.11748010952087307,0.5631972259244725,8.016850529784064,0.029370027380218267,spread,nba,0.4368027740755275,0.5631972259244725,2.2893627498507834,1.7755769275293,2.323703191098545,1.8022105814422393,+132,-124,0.5405405405405405,0.5050505050505051,0.5169712793733681,0.4830287206266319,-0.19191486796027413,-0.08016850529784059,0.0,-19.191486796027412,-8.016850529784058,0.1151305073304556,0.08016850529784064,0.11748010952087307,11.51305073304556,8.016850529784064,,,,,,,,,,,,,,,,,,,,
Basketball,NBA,2026_03_27,b552edb9183af4efd9e7b1b203525ac0,2026-03-27T09:56:03Z,10:40 PM,Los Angeles Lakers,Brooklyn Nets,-16.5,16.5,222.5,-1667,950,-110,-110,-105,-115,1.06,10.5,1.91,1.91,1.95,1.87,0.876,0.124,115.3,104.2,219.5,1,2025_NBA,,,,,,,,,,,,,,,,,,,,,,,,,away,16.5,-110.0,0.2331136578181947,0.25616885474526896,0.645609244930992,14.560924493099204,0.05,spread,nba,0.35439075506900797,0.645609244930992,2.821744037327602,1.5489245357799797,2.864070197887516,1.5721584038166792,+186,-174,0.5235602094240838,0.5235602094240838,0.5,0.5,-0.3231136578181948,-0.14560924493099203,0.0,-32.311365781819475,-14.560924493099204,0.2331136578181947,0.14560924493099203,0.25616885474526896,23.31136578181947,14.560924493099204,,,,,,,,,,,,,,,,,,,,
Basketball,NBA,2026_03_27,874b67c6be5c213484fdecdf0e37faf6,2026-03-27T09:56:03Z,08:10 PM,Memphis Grizzlies,Houston Rockets,12.5,-12.5,226.5,550,-833,-110,-110,-110,-110,6.5,1.12,1.91,1.91,1.91,1.91,0.16,0.84,107.7,118.5,226.2,1,2025_NBA,,,,,,,,,,,,,,,,,,,,,,,,,home,12.5,-110.0,0.04438843662078007,0.048778501781077004,0.5468002285972671,4.680022859726707,0.012194625445269251,spread,nba,0.5468002285972671,0.45319977140273293,1.8288214739144277,2.206532445735408,1.856253796023144,2.2396304324214387,-116,+123,0.5235602094240838,0.5235602094240838,0.5,0.5,0.04438843662078007,0.04680022859726707,0.048778501781077004,4.438843662078007,4.680022859726707,-0.13438843662078015,-0.04680022859726707,0.0,-13.438843662078014,-4.680022859726707,,,,,,,,,,,,,,,,,,,,
Basketball,NBA,2026_03_27,e1036e62b7cea2b7bade60f85bc0c1b1,2026-03-27T09:56:03Z,08:10 PM,Oklahoma City Thunder,Chicago Bulls,-19.5,19.5,237.5,-2500,1300,-110,-110,-105,-115,1.04,14.0,1.91,1.91,1.95,1.87,0.912,0.088,124.7,111.5,236.2,1,2025_NBA,,,,,,,,,,,,,,,,,,,,,,,,,away,19.5,-110.0,0.2768120798663001,0.30418909875417594,0.6684879999300001,16.848799993000007,0.05,spread,nba,0.3315120000699999,0.6684879999300001,3.0164820573277784,1.4959131653892273,3.0617292881876947,1.5183518628700654,+206,-192,0.5235602094240838,0.5235602094240838,0.5,0.5,-0.36681207986630016,-0.16848799993000008,0.0,-36.681207986630014,-16.848799993000007,0.2768120798663001,0.16848799993000008,0.30418909875417594,27.681207986630007,16.848799993000007,,,,,,,,,,,,,,,,,,,,
Basketball,NBA,2026_03_27,d4d54362306cefaac74ff35c3b020b78,2026-03-27T09:56:03Z,10:10 PM,Portland Trail Blazers,Dallas Mavericks,-10.5,10.5,239.5,-435,340,-102,-118,-110,-110,1.23,4.4,1.98,1.85,1.91,1.91,0.779,0.221,123.6,115.4,239.0,1,2025_NBA,,,,,,,,,,,,,,,,,,,,,,,,,away,10.5,-118.0,0.04191486796027433,0.049311609365028486,0.5631972259244725,4.622594655110445,0.012327902341257121,spread,nba,0.4368027740755275,0.5631972259244725,2.2893627498507834,1.7755769275293,2.323703191098545,1.8022105814422393,+132,-124,0.5050505050505051,0.5405405405405405,0.4830287206266319,0.5169712793733681,-0.13513050733045562,-0.0462259465511044,0.0,-13.513050733045562,-4.62259465511044,0.04191486796027433,0.04622594655110446,0.049311609365028486,4.191486796027433,4.622594655110445,,,,,,,,,,,,,,,,,,,,
Basketball,NBA,2026_03_27,f2ffa80a1e0d1a911096e80676b07a99,2026-03-27T09:56:03Z,08:40 PM,Toronto Raptors,New Orleans Pelicans,-8.5,8.5,228.5,-345,270,-110,-110,-110,-110,1.29,3.7,1.91,1.91,1.91,1.91,0.735,0.265,118.0,111.2,229.2,1,2025_NBA,,,,,,,,,,,,,,,,,,,,,,,,,away,8.5,-110.0,0.04438843662078007,0.048778501781077004,0.5468002285972671,4.680022859726707,0.012194625445269251,spread,nba,0.45319977140273293,0.5468002285972671,2.206532445735408,1.8288214739144277,2.2396304324214387,1.856253796023144,+123,-116,0.5235602094240838,0.5235602094240838,0.5,0.5,-0.13438843662078015,-0.04680022859726707,0.0,-13.438843662078014,-4.680022859726707,0.04438843662078007,0.04680022859726707,0.048778501781077004,4.438843662078007,4.680022859726707,,,,,,,,,,,,,,,,,,,,
Basketball,NBA,2026_03_28,61b1ef0450e08478d708e8ab8a384647,2026-03-28T09:38:03Z,03:10 PM,Milwaukee Bucks,San Antonio Spurs,18.5,-18.5,225.5,1100,-2000,-108,-112,-115,-105,12.0,1.05,1.93,1.89,1.87,1.95,0.081,0.919,104.7,119.5,224.2,1,2025_NBA,,,,,,,,,,,,,,,,,,,,,,,,,home,18.5,-108.0,0.15991180281285722,0.17194817506758842,0.6009905714056255,10.62261734998664,0.042987043766897104,spread,nba,0.6009905714056255,0.3990094285943745,1.6639196146807298,2.5062064410928526,1.6888784089009405,2.543799537709245,-145,+154,0.5181347150259068,0.5291005291005292,0.4947643979057591,0.5052356020942408,0.15991180281285722,0.1062261734998664,0.17194817506758842,15.991180281285722,10.62261734998664,-0.24587217995663224,-0.1062261734998663,0.0,-24.587217995663224,-10.62261734998663,,,,,,,,,,,,,,,,,,,,
Basketball,NBA,2026_03_28,2f64bcd6f06f9cb1132a6be530d6848c,2026-03-28T09:38:03Z,05:40 PM,Minnesota Timberwolves,Detroit Pistons,-2.5,2.5,223.5,-135,114,-108,-112,-108,-112,1.74,2.14,1.93,1.89,1.93,1.89,0.522,0.478,112.0,111.4,223.4,1,2025_NBA,,,,,,,,,,,,,,,,,,,,,,,,,away,2.5,-112.0,0.043801983335586936,0.04921571161301891,0.5522761816590407,4.70405795647999,0.012303927903254727,spread,nba,0.4477238183409593,0.5522761816590407,2.23351977052617,1.8106882628832452,2.2670225670840622,1.8378485868264938,+126,-119,0.5181347150259068,0.5291005291005292,0.4947643979057591,0.5052356020942408,-0.13589303060194857,-0.04704057956479979,0.0,-13.589303060194858,-4.7040579564799785,0.043801983335586936,0.0470405795647999,0.04921571161301891,4.380198333558694,4.70405795647999,,,,,,,,,,,,,,,,,,,,
Basketball,NBA,2026_03_28,6ddf73112fefbe7dcb275c09ebdae6a6,2026-03-28T09:38:03Z,10:10 PM,Phoenix Suns,Utah Jazz,-17.5,17.5,229.5,-1429,800,-105,-115,-115,-105,1.07,9.0,1.95,1.87,1.87,1.95,0.874,0.126,120.5,109.5,230.0,1,2025_NBA,,,,,,,,,,,,,,,,,,,,,,,,,away,17.5,-115.0,0.25942916752418044,0.29819444543009244,0.6734915334353906,16.30203292469089,0.05,spread,nba,0.3265084665646094,0.6734915334353906,3.0627077163468295,1.484799660211218,3.1086483320920317,1.5070716551143861,+210,-197,0.5128205128205129,0.53475935828877,0.4895287958115184,0.5104712041884817,-0.3633084901990117,-0.163020329246909,0.0,-36.330849019901166,-16.302032924690902,0.25942916752418044,0.1630203292469089,0.29819444543009244,25.942916752418043,16.30203292469089,,,,,,,,,,,,,,,,,,,,
Basketball,NBA,2026_03_29,ba9f78305e7187a27e22f030883c2c19,2026-03-29T09:38:16Z,06:10 PM,Brooklyn Nets,Sacramento Kings,1.5,-1.5,221.5,100,-120,-115,-105,-110,-110,2.0,1.83,1.87,1.95,1.91,1.91,0.534,0.466,112.1,111.1,223.2,1,2025_NBA,,,,,,,,,,,,,,,,,,,,,,,,,home,1.5,-115.0,0.06335730799260686,0.07282449194552498,0.5686402716538004,5.816906746531869,0.018206122986381246,spread,nba,0.5686402716538004,0.4313597283461996,1.758581039453393,2.3182507181046406,1.7849597550451937,2.35302447887621,-127,+135,0.53475935828877,0.5128205128205129,0.5104712041884817,0.4895287958115184,0.06335730799260686,0.05816906746531869,0.07282449194552498,6.335730799260686,5.816906746531869,-0.1588485297249107,-0.0581690674653188,0.0,-15.884852972491071,-5.81690674653188,,,,,,,,,,,,,,,,,,,,
Basketball,NBA,2026_03_29,976eb35602aca3acd738ec2621478695,2026-03-29T09:38:16Z,10:10 PM,Denver Nuggets,Golden State Warriors,-11.5,11.5,239.5,-588,440,-115,-105,-105,-115,1.17,5.4,1.87,1.95,1.95,1.87,0.834,0.166,123.3,113.5,236.8,1,2025_NBA,,,,,,,,,,,,,,,,,,,,,,,,,away,11.5,-105.0,0.06626044576467072,0.0697478376470218,0.5468002285972671,5.727143278574864,0.01743695941175545,spread,nba,0.45319977140273293,0.5468002285972671,2.206532445735408,1.8288214739144277,2.2396304324214387,1.856253796023144,+123,-116,0.53475935828877,0.5128205128205129,0.5104712041884817,0.4895287958115184,-0.15251642747688932,-0.057271432785748755,0.0,-15.251642747688932,-5.727143278574875,0.06626044576467072,0.057271432785748644,0.0697478376470218,6.626044576467072,5.727143278574864,,,,,,,,,,,,,,,,,,,,
Basketball,NBA,2026_03_29,f31725bf02115b40d00c134f7f730357,2026-03-29T09:38:16Z,03:40 PM,Milwaukee Bucks,Los Angeles Clippers,14.5,-14.5,222.5,600,-909,-115,-105,-112,-108,7.0,1.11,1.87,1.95,1.89,1.93,0.135,0.865,104.0,115.6,219.6,1,2025_NBA,,,,,,,,,,,,,,,,,,,,,,,,,home,14.5,-115.0,0.08363946877966644,0.09613732043639832,0.5794863469409981,6.901514275251641,0.02403433010909958,spread,nba,0.5794863469409981,0.4205136530590019,1.7256661960697024,2.378044072351893,1.7515511890107478,2.413714733437171,-133,+141,0.53475935828877,0.5128205128205129,0.5104712041884817,0.4895287958115184,0.08363946877966644,0.06901514275251641,0.09613732043639832,8.363946877966644,6.901514275251641,-0.17999837653494632,-0.06901514275251652,0.0,-17.999837653494634,-6.901514275251652,,,,,,,,,,,,,,,,,,,,
Basketball,NBA,2026_03_29,4ec80843b404f3215ab2cad16ced7f41,2026-03-29T09:38:16Z,06:10 PM,Portland Trail Blazers,Washington Wizards,-15.5,15.5,237.5,-1250,750,-112,-108,-115,-105,1.08,8.5,1.89,1.93,1.87,1.95,0.878,0.122,124.1,112.9,237.0,1,2025_NBA,,,,,,,,,,,,,,,,,,,,,,,,,away,15.5,-108.0,0.19066270245312977,0.20501365855175246,0.6169236800275284,12.21592821217693,0.05,spread,nba,0.3830763199724716,0.6169236800275284,2.6104458768734684,1.620946046284652,2.64960256502657,1.6452602369789218,+164,-154,0.5291005291005292,0.5181347150259068,0.5052356020942408,0.4947643979057591,-0.27598575525202873,-0.12215928212176919,0.0,-27.59857552520287,-12.21592821217692,0.19066270245312977,0.1221592821217693,0.20501365855175246,19.066270245312978,12.21592821217693,,,,,,,,,,,,,,,,,,,,
Basketball,NBA,2026_03_30,7d18651bc9124e2b06c6ffbc3af06ee6,2026-03-30T10:17:25Z,08:10 PM,Memphis Grizzlies,Phoenix Suns,13.5,-13.5,229.5,550,-833,-115,-105,-108,-112,6.5,1.12,1.87,1.95,1.93,1.89,0.184,0.816,108.5,118.5,227.0,1,2025_NBA,,,,,,,,,,,,,,,,,,,,,,,,,home,13.5,-115.0,0.11384766208645236,0.1308593817085658,0.595640461008798,8.516925682031628,0.03271484542714145,spread,nba,0.595640461008798,0.404359538991202,1.678865129991949,2.473046641844544,1.704048106941828,2.510142341472212,-142,+151,0.53475935828877,0.5128205128205129,0.5104712041884817,0.4895287958115184,0.11384766208645236,0.08516925682031629,0.1308593817085658,11.384766208645235,8.516925682031628,-0.211498898967156,-0.0851692568203164,0.0,-21.1498898967156,-8.51692568203164,,,,,,,,,,,,,,,,,,,,
Basketball,NBA,2026_03_30,2ba4ff0cef51aafdf9c5509533b14091,2026-03-30T10:17:25Z,07:10 PM,Miami Heat,Philadelphia 76ers,2.5,-2.5,246.5,114,-135,-115,-105,-108,-112,2.14,1.74,1.87,1.95,1.93,1.89,0.517,0.483,116.6,116.2,232.8,1,2025_NBA,,,,,,,,,,,,,,,,,,,,,,,,,home,2.5,-115.0,0.08363946877966577,0.09613732043639729,0.5794863469409977,6.901514275251596,0.024034330109099323,spread,nba,0.5794863469409977,0.42051365305900235,1.7256661960697037,2.3780440723518907,1.7515511890107491,2.413714733437169,-133,+141,0.53475935828877,0.5128205128205129,0.5104712041884817,0.4895287958115184,0.08363946877966577,0.06901514275251597,0.09613732043639729,8.363946877966576,6.901514275251596,-0.17999837653494544,-0.06901514275251608,0.0,-17.999837653494545,-6.901514275251608,,,,,,,,,,,,,,,,,,,,
Basketball,NBA,2026_03_30,e3266348b9f8e04ffa8ca5bbe8e55265,2026-03-30T10:17:25Z,09:40 PM,Oklahoma City Thunder,Detroit Pistons,-13.5,13.5,218.5,-833,550,-108,-112,-115,-105,1.12,6.5,1.93,1.89,1.87,1.95,0.775,0.225,115.1,107.1,222.2,1,2025_NBA,,,,,,,,,,,,,,,,,,,,,,,,,away,13.5,-112.0,0.2250588850309143,0.2528751517201285,0.648179304249161,14.294370215492025,0.05,spread,nba,0.35182069575083896,0.648179304249161,2.8423569507923565,1.5427829821848162,2.8849923050542414,1.5659247269175884,+188,-176,0.5181347150259068,0.5291005291005292,0.4947643979057591,0.5052356020942408,-0.3209860572008808,-0.14294370215492014,0.0,-32.09860572008808,-14.294370215492014,0.2250588850309143,0.14294370215492025,0.2528751517201285,22.50588850309143,14.294370215492025,,,,,,,,,,,,,,,,,,,,
Basketball,NBA,2026_03_30,99052db19c4b4026e439fcc94cd4f6e8,2026-03-30T10:17:25Z,08:10 PM,San Antonio Spurs,Chicago Bulls,-17.5,17.5,243.5,-1667,1000,-115,-105,-105,-115,1.06,11.0,1.87,1.95,1.95,1.87,0.914,0.086,122.8,109.3,232.1,1,2025_NBA,,,,,,,,,,,,,,,,,,,,,,,,,away,17.5,-105.0,0.18751098306184577,0.1973799821703641,0.6089799913137671,11.94511955022487,0.04934499554259102,spread,nba,0.3910200086862329,0.6089799913137671,2.557413886209676,1.6420900756405412,2.595775094502821,1.6667214267751491,+159,-149,0.53475935828877,0.5128205128205129,0.5104712041884817,0.4895287958115184,-0.26879258375674453,-0.11945119550224881,0.0,-26.879258375674453,-11.94511955022488,0.18751098306184577,0.1194511955022487,0.1973799821703641,18.751098306184577,11.94511955022487,,,,,,,,,,,,,,,,,,,,
Basketball,NBA,2026_03_30,2d048fe85c2360eaad38501d77dd41e4,2026-03-30T10:17:25Z,09:10 PM,Utah Jazz,Cleveland Cavaliers,17.5,-17.5,243.5,950,-1667,-108,-112,-110,-110,10.5,1.06,1.93,1.89,1.91,1.91,0.171,0.829,113.8,124.2,238.0,1,2025_NBA,,,,,,,,,,,,,,,,,,,,,,,,,home,17.5,-108.0,0.32844412554248525,0.3531657263897691,0.6883130184157955,19.35486205100364,0.05,spread,nba,0.6883130184157955,0.3116869815842045,1.4528273812132388,3.208347024689072,1.4746197919314372,3.2564722300594076,-210,+225,0.5181347150259068,0.5291005291005292,0.4947643979057591,0.5052356020942408,0.32844412554248525,0.1935486205100364,0.3531657263897691,32.84441255424853,19.35486205100364,-0.41091160480585354,-0.1935486205100363,0.0,-41.09116048058535,-19.35486205100363,,,,,,,,,,,,,,,,,,,,
Basketball,NBA,2026_03_31,b6b9e83d82f672bcffebdad2ba67d51d,2026-03-31T10:04:53Z,08:10 PM,Detroit Pistons,Toronto Raptors,-2.5,2.5,219.5,-143,120,-112,-108,-110,-110,1.7,2.2,1.89,1.93,1.91,1.91,0.677,0.323,113.3,108.2,221.5,1,2025_NBA,,,,,,,,,,,,,,,,,,,,,,,,,home,-2.5,-112.0,0.07986469444646338,0.08973561173759931,0.571356981188605,6.612137909436422,0.022433902934399827,spread,nba,0.571356981188605,0.428643018811395,1.7502192725810064,2.332943629346743,1.7764725616697212,2.3679377837869438,-128,+136,0.5291005291005292,0.5181347150259068,0.5052356020942408,0.4947643979057591,0.07986469444646338,0.06612137909436422,0.08973561173759931,7.986469444646338,6.612137909436422,-0.17271897369400768,-0.06612137909436411,0.0,-17.27189736940077,-6.612137909436411,,,,,,,,,,,,,,,,,,,,
Basketball,NBA,2026_03_31,87dab37c8c29cf1586f973f3fe0ca38a,2026-03-31T10:04:53Z,10:40 PM,Los Angeles Lakers,Cleveland Cavaliers,-1.5,1.5,237.5,-125,105,-112,-108,-105,-115,1.8,2.05,1.89,1.93,1.95,1.87,0.506,0.494,115.6,115.7,231.3,1,2025_NBA,,,,,,,,,,,,,,,,,,,,,,,,,away,1.5,-108.0,0.05003357030451938,0.05379953796184868,0.5440588447173675,4.9294446811608434,0.01344988449046217,spread,nba,0.45594115528263246,0.5440588447173675,2.1932654870344224,1.8380364729103682,2.2261644693399383,1.8656070200040236,+122,-115,0.5291005291005292,0.5181347150259068,0.5052356020942408,0.4947643979057591,-0.13827121651582475,-0.04929444681160833,0.0,-13.827121651582475,-4.929444681160833,0.05003357030451938,0.04929444681160844,0.05379953796184868,5.003357030451938,4.9294446811608434,,,,,,,,,,,,,,,,,,,,
Basketball,NBA,2026_04_01,54540a1bafcd2e0cff9b5cd8a09e0bfa,2026-04-01T10:05:36Z,10:00 PM,Golden State Warriors,San Antonio Spurs,13.5,-13.5,226.5,575,-833,-110,-110,-105,-115,6.75,1.12,1.91,1.91,1.95,1.87,0.129,0.871,108.5,120.2,228.7,1,2025_NBA,,,,,,,,,,,,,,,,,,,,,,,,,home,13.5,-110.0,0.0496202233437133,0.05452771796012451,0.5495393839495881,4.953938394958812,0.013631929490031128,spread,nba,0.5495393839495881,0.4504606160504119,1.8197057921725492,2.2199499009877663,1.8470013790551374,2.2532491495025826,-118,+125,0.5235602094240838,0.5235602094240838,0.5,0.5,0.0496202233437133,0.04953938394958812,0.05452771796012451,4.96202233437133,4.953938394958812,-0.13962022334371338,-0.04953938394958812,0.0,-13.962022334371337,-4.953938394958812,,,,,,,,,,,,,,,,,,,,
Basketball,NBA,2026_04_01,6f4627df908d38c70424ce6896309b37,2026-04-01T10:05:36Z,08:00 PM,Houston Rockets,Milwaukee Bucks,-17.5,17.5,217.5,-1667,950,-105,-115,-115,-105,1.06,10.5,1.95,1.87,1.87,1.95,0.856,0.144,114.0,103.5,217.5,1,2025_NBA,,,,,,,,,,,,,,,,,,,,,,,,,away,17.5,-115.0,0.2825638323147355,0.3247860141548683,0.6858630119330136,17.53918077445319,0.05,spread,nba,0.3141369880669864,0.6858630119330136,3.183324594004067,1.4580171005017943,3.231074462914128,1.4798873570093212,+223,-208,0.5128205128205129,0.53475935828877,0.4895287958115184,0.5104712041884817,-0.3874328732693765,-0.175391807744532,0.0,-38.74328732693765,-17.5391807744532,0.2825638323147355,0.1753918077445319,0.3247860141548683,28.25638323147355,17.53918077445319,,,,,,,,,,,,,,,,,,,,
Basketball,NBA,2026_04_01,d1686c3ffba608b202d00ecc3756d422,2026-04-01T10:05:36Z,08:00 PM,Memphis Grizzlies,New York Knicks,14.5,-14.5,227.5,700,-1111,-110,-110,-115,-105,8.0,1.09,1.91,1.91,1.87,1.95,0.134,0.866,109.7,121.3,231.0,1,2025_NBA,,,,,,,,,,,,,,,,,,,,,,,,,home,14.5,-110.0,0.10681892265730641,0.1173834314915454,0.5794863469409981,7.94863469409981,0.02934585787288635,spread,nba,0.5794863469409981,0.4205136530590019,1.7256661960697024,2.378044072351893,1.7515511890107478,2.413714733437171,-133,+141,0.5235602094240838,0.5235602094240838,0.5,0.5,0.10681892265730641,0.0794863469409981,0.1173834314915454,10.681892265730642,7.94863469409981,-0.19681892265730638,-0.0794863469409981,0.0,-19.68189226573064,-7.94863469409981,,,,,,,,,,,,,,,,,,,,
Basketball,NBA,2026_04_01,333a6fd05a4f8492b95e9d9426450430,2026-04-01T10:05:36Z,08:00 PM,Toronto Raptors,Sacramento Kings,-13.5,13.5,226.5,-833,575,-105,-115,-110,-110,1.12,6.75,1.95,1.87,1.91,1.91,0.862,0.138,117.9,107.2,225.1,1,2025_NBA,,,,,,,,,,,,,,,,,,,,,,,,,away,13.5,-115.0,0.07857886932301605,0.0903205394517427,0.5767801440230033,6.630893983452157,0.022580134862935676,spread,nba,0.42321985597699674,0.5767801440230033,2.3628380991045774,1.7337628737096709,2.398280670591146,1.7597693168153157,+139,-131,0.5128205128205129,0.53475935828877,0.4895287958115184,0.5104712041884817,-0.17472128084485639,-0.06630893983452169,0.0,-17.47212808448564,-6.630893983452168,0.07857886932301605,0.06630893983452157,0.0903205394517427,7.857886932301605,6.630893983452157,,,,,,,,,,,,,,,,,,,,
Basketball,NBA,2026_04_01,8b86324be55670d1f3c59008ae771dac,2026-04-01T10:05:36Z,09:10 PM,Utah Jazz,Denver Nuggets,16.5,-16.5,249.5,1000,-1667,-105,-115,-108,-112,11.0,1.06,1.95,1.87,1.93,1.89,0.111,0.889,113.8,126.2,240.0,1,2025_NBA,,,,,,,,,,,,,,,,,,,,,,,,,home,16.5,-105.0,0.19268459370181334,0.20282588810717184,0.6116331249752889,12.210432916377044,0.05,spread,nba,0.6116331249752889,0.3883668750247111,1.634967040152382,2.574884894434861,1.6594915457546675,2.6135081678513834,-151,+161,0.5128205128205129,0.53475935828877,0.4895287958115184,0.5104712041884817,0.19268459370181334,0.12210432916377045,0.20282588810717184,19.268459370181333,12.210432916377044,-0.27375394370379014,-0.12210432916377056,0.0,-27.375394370379013,-12.210432916377057,,,,,,,,,,,,,,,,,,,,
Basketball,NBA,2026_04_01,ccecac4a3706f43f36fd63ae97cbfc88,2026-04-01T10:05:36Z,07:10 PM,Washington Wizards,Philadelphia 76ers,16.5,-16.5,239.5,900,-1667,-115,-105,-112,-108,10.0,1.06,1.87,1.95,1.89,1.93,0.105,0.895,109.9,123.1,233.0,1,2025_NBA,,,,,,,,,,,,,,,,,,,,,,,,,home,16.5,-115.0,0.10380939731229377,0.11932114633596996,0.5902724049798362,7.980120079135455,0.02983028658399249,spread,nba,0.5902724049798362,0.40972759502016376,1.6941330673151833,2.4406459612533236,1.719545063324911,2.4772556506721233,-138,+147,0.53475935828877,0.5128205128205129,0.5104712041884817,0.4895287958115184,0.10380939731229377,0.07980120079135455,0.11932114633596996,10.380939731229377,7.980120079135455,-0.20103118971068068,-0.07980120079135467,0.0,-20.103118971068067,-7.9801200791354665,,,,,,,,,,,,,,,,,,,,
Basketball,NBA,2026_04_02,97f990a7956a23f16f9298270f5b556e,2026-04-02T09:57:54Z,09:40 PM,Oklahoma City Thunder,Los Angeles Lakers,-9.5,9.5,228.5,-345,275,-105,-115,-108,-112,1.29,3.75,1.95,1.87,1.93,1.89,0.766,0.234,117.5,109.7,227.2,1,2025_NBA,,,,,,,,,,,,,,,,,,,,,,,,,away,9.5,-115.0,0.022516427476889422,0.025880951122861467,0.5468002285972671,3.632902440878538,0.006470237780715367,spread,nba,0.45319977140273293,0.5468002285972671,2.206532445735408,1.8288214739144277,2.2396304324214387,1.856253796023144,+123,-116,0.5128205128205129,0.53475935828877,0.4895287958115184,0.5104712041884817,-0.11626044576467076,-0.03632902440878549,0.0,-11.626044576467077,-3.6329024408785493,0.022516427476889422,0.03632902440878538,0.025880951122861467,2.2516427476889422,3.632902440878538,,,,,,,,,,,,,,,,,,,,
Basketball,NBA,2026_04_03,033717528554996f232e2517ea1ad281,2026-04-03T10:27:46Z,07:10 PM,Charlotte Hornets,Indiana Pacers,-15.5,15.5,236.5,-1429,800,-110,-110,-108,-112,1.07,9.0,1.91,1.91,1.93,1.89,0.883,0.117,119.7,108.2,227.9,1,2025_NBA,,,,,,,,,,,,,,,,,,,,,,,,,away,15.5,-110.0,0.16315178340929526,0.17928767407614854,0.6089799913137671,10.897999131376713,0.044821918519037135,spread,nba,0.3910200086862329,0.6089799913137671,2.557413886209676,1.6420900756405412,2.595775094502821,1.6667214267751491,+159,-149,0.5235602094240838,0.5235602094240838,0.5,0.5,-0.25315178340929523,-0.10897999131376712,0.0,-25.315178340929524,-10.897999131376713,0.16315178340929526,0.10897999131376712,0.17928767407614854,16.315178340929528,10.897999131376713,,,,,,,,,,,,,,,,,,,,
Basketball,NBA,2026_04_03,e9a2348d7311c62fe296a00ed8c03e29,2026-04-03T10:27:46Z,08:10 PM,Houston Rockets,Utah Jazz,-17.5,17.5,232.5,-1667,1000,-105,-115,-115,-105,1.06,11.0,1.95,1.87,1.87,1.95,0.899,0.101,120.9,108.3,229.2,1,2025_NBA,,,,,,,,,,,,,,,,,,,,,,,,,away,17.5,-115.0,0.18307676823176933,0.21043306693306804,0.6326613733859728,12.219016919749116,0.05,spread,nba,0.36733862661402716,0.6326613733859728,2.7222838208374083,1.5806243941337035,2.763118078149969,1.6043337600457088,+176,-165,0.5128205128205129,0.53475935828877,0.4895287958115184,0.5104712041884817,-0.283689678102647,-0.12219016919749126,0.0,-28.3689678102647,-12.219016919749127,0.18307676823176933,0.12219016919749115,0.21043306693306804,18.307676823176934,12.219016919749116,,,,,,,,,,,,,,,,,,,,
Basketball,NBA,2026_04_03,3880a34134efe663dcdc776fff7cde38,2026-04-03T10:27:46Z,08:10 PM,Memphis Grizzlies,Toronto Raptors,13.5,-13.5,232.5,625,-909,-118,-102,-112,-108,7.25,1.11,1.85,1.98,1.89,1.93,0.151,0.849,108.8,119.9,228.7,1,2025_NBA,,,,,,,,,,,,,,,,,,,,,,,,,home,13.5,-118.0,0.046952575545336606,0.05523832417098411,0.5659203111055873,4.894903173221921,0.013809581042746027,spread,nba,0.5659203111055873,0.43407968889441273,1.7670332383836702,2.303724467152491,1.7935387369594251,2.3382803341597778,-126,+133,0.5405405405405405,0.5050505050505051,0.5169712793733681,0.4830287206266319,0.046952575545336606,0.048949031732219206,0.05523832417098411,4.695257554533661,4.894903173221921,-0.14052221598906278,-0.04894903173221915,0.0,-14.052221598906279,-4.894903173221915,,,,,,,,,,,,,,,,,,,,
Basketball,NBA,2026_04_03,d33be5a00d538b7bd7dee98ed5166593,2026-04-03T10:27:46Z,08:10 PM,Milwaukee Bucks,Boston Celtics,16.5,-16.5,216.5,1000,-1667,-112,-108,-115,-105,11.0,1.06,1.89,1.93,1.87,1.95,0.104,0.896,101.5,114.6,216.1,1,2025_NBA,,,,,,,,,,,,,,,,,,,,,,,,,home,16.5,-112.0,0.12069178382984025,0.1356087458762249,0.5929586157829843,8.772301368874347,0.033902186469056225,spread,nba,0.5929586157829843,0.40704138421701574,1.6864583351732392,2.456752651634179,1.7117552102008375,2.4936039414086912,-140,+149,0.5291005291005292,0.5181347150259068,0.5052356020942408,0.4947643979057591,0.12069178382984025,0.08772301368874347,0.1356087458762249,12.069178382984024,8.772301368874347,-0.2144101284611596,-0.08772301368874336,0.0,-21.44101284611596,-8.772301368874336,,,,,,,,,,,,,,,,,,,,
Basketball,NBA,2026_04_03,d2565f4ec40ef0701e442d56c8d44ff2,2026-04-03T10:27:46Z,07:40 PM,New York Knicks,Chicago Bulls,-15.5,15.5,236.5,-1667,900,-110,-110,-115,-105,1.06,10.0,1.91,1.91,1.87,1.95,0.9,0.1,124.0,111.5,235.5,1,2025_NBA,,,,,,,,,,,,,,,,,,,,,,,,,away,15.5,-110.0,0.11198060440353785,0.12305560923465687,0.5821887981170355,8.21887981170355,0.03076390230866422,spread,nba,0.4178112018829645,0.5821887981170355,2.3934255364462818,1.7176558587768864,2.4293269194929756,1.7434206966585395,+142,-134,0.5235602094240838,0.5235602094240838,0.5,0.5,-0.20198060440353782,-0.0821887981170355,0.0,-20.198060440353782,-8.21887981170355,0.11198060440353785,0.0821887981170355,0.12305560923465687,11.198060440353785,8.21887981170355,,,,,,,,,,,,,,,,,,,,
Basketball,NBA,2026_04_04,b146607a8fe26fe467294dfdbaa0ff2b,2026-04-04T10:22:04Z,03:10 PM,Miami Heat,Washington Wizards,-17.5,17.5,248.5,-2000,1100,-112,-108,-115,-105,1.05,12.0,1.89,1.93,1.87,1.95,0.902,0.098,124.9,112.2,237.1,1,2025_NBA,,,,,,,,,,,,,,,,,,,,,,,,,away,17.5,-108.0,0.21600236946937112,0.23226061233265702,0.6300530411758399,13.528864327008083,0.05,spread,nba,0.36994695882416007,0.6300530411758399,2.703090202926391,1.5871679599129378,2.743636555970286,1.6109754793116318,+174,-163,0.5291005291005292,0.5181347150259068,0.5052356020942408,0.4947643979057591,-0.3008002478223375,-0.13528864327008072,0.0,-30.08002478223375,-13.528864327008073,0.21600236946937112,0.13528864327008083,0.23226061233265702,21.600236946937112,13.528864327008083,,,,,,,,,,,,,,,,,,,,
Basketball,NBA,2026_04_04,dc7b446ad8c325394b7d604d3e17ad7b,2026-04-04T10:22:04Z,07:10 PM,Philadelphia 76ers,Detroit Pistons,2.5,-2.5,228.5,120,-143,-108,-112,-105,-115,2.2,1.7,1.93,1.89,1.95,1.87,0.296,0.704,109.6,115.9,225.5,1,2025_NBA,,,,,,,,,,,,,,,,,,,,,,,,,away,-2.5,-112.0,0.1409147474032737,0.15833117685761103,0.6036585965096687,9.84229944154279,0.03958279421440276,spread,nba,0.3963414034903313,0.6036585965096687,2.5230773045501285,1.6565654921208153,2.56092346411838,1.6814139745026273,+156,-146,0.5181347150259068,0.5291005291005292,0.4947643979057591,0.5052356020942408,-0.2350610912636606,-0.09842299441542779,0.0,-23.50610912636606,-9.842299441542778,0.1409147474032737,0.0984229944154279,0.15833117685761103,14.09147474032737,9.84229944154279,,,,,,,,,,,,,,,,,,,,
Basketball,NBA,2026_04_05,6f1339b3519de542ab74c59857bfeff1,2026-04-05T10:21:52Z,03:40 PM,Boston Celtics,Toronto Raptors,-9.5,9.5,219.5,-476,360,-112,-108,-112,-108,1.21,4.6,1.89,1.93,1.89,1.93,0.785,0.215,113.7,105.5,219.2,1,2025_NBA,,,,,,,,,,,,,,,,,,,,,,,,,away,9.5,-108.0,0.034137652219330406,0.03670715292401113,0.535822617730223,4.10582198244639,0.009176788231002783,spread,nba,0.464177382269777,0.535822617730223,2.15434882912672,1.8662892660934332,2.1866640615636204,1.8942836050848344,+118,-111,0.5291005291005292,0.5181347150259068,0.5052356020942408,0.4947643979057591,-0.1227047475101215,-0.04105821982446378,0.0,-12.27047475101215,-4.105821982446378,0.034137652219330406,0.04105821982446389,0.03670715292401113,3.4137652219330406,4.10582198244639,,,,,,,,,,,,,,,,,,,,
Basketball,NBA,2026_04_05,8071f80d106d512c88016b240e766d84,2026-04-05T10:21:52Z,03:40 PM,Chicago Bulls,Phoenix Suns,9.5,-9.5,237.5,390,-526,-102,-118,-110,-110,4.9,1.19,1.98,1.85,1.91,1.91,0.231,0.769,109.9,118.5,228.4,1,2025_NBA,,,,,,,,,,,,,,,,,,,,,,,,,home,9.5,-102.0,0.03913898004397964,0.03993773473875474,0.5248176666888786,4.1788946062246755,0.009984433684688685,spread,nba,0.5248176666888786,0.47518233331112136,1.9054236613433557,2.1044553425037775,1.9340050162635058,2.136022172641334,-107,+113,0.5050505050505051,0.5405405405405405,0.4830287206266319,0.5169712793733681,0.03913898004397964,0.04178894606224676,0.03993773473875474,3.9138980043979643,4.1788946062246755,-0.1209126833744254,-0.0417889460622467,0.0,-12.09126833744254,-4.17889460622467,,,,,,,,,,,,,,,,,,,,
Basketball,NBA,2026_04_05,4f3d29a0317850ac56b0c6db31223705,2026-04-05T10:21:52Z,06:10 PM,Cleveland Cavaliers,Indiana Pacers,-16.5,16.5,240.5,-2000,1100,-110,-110,-105,-115,1.05,12.0,1.91,1.91,1.95,1.87,0.908,0.092,124.2,111.2,235.4,1,2025_NBA,,,,,,,,,,,,,,,,,,,,,,,,,away,16.5,-110.0,0.13767328052680416,0.15128931926022424,0.595640461008798,9.564046100879796,0.03782232981505606,spread,nba,0.404359538991202,0.595640461008798,2.473046641844544,1.678865129991949,2.510142341472212,1.704048106941828,+151,-142,0.5235602094240838,0.5235602094240838,0.5,0.5,-0.22767328052680413,-0.09564046100879797,0.0,-22.767328052680412,-9.564046100879796,0.13767328052680416,0.09564046100879797,0.15128931926022424,13.767328052680416,9.564046100879796,,,,,,,,,,,,,,,,,,,,
Basketball,NBA,2026_04_05,c6dfafffbada89cc908addd3a1f7748b,2026-04-05T10:21:52Z,07:40 PM,Dallas Mavericks,Los Angeles Lakers,1.5,-1.5,232.5,102,-122,-110,-110,-110,-110,2.02,1.82,1.91,1.91,1.91,1.91,0.388,0.612,115.1,119.3,234.4,1,2025_NBA,,,,,,,,,,,,,,,,,,,,,,,,,away,-1.5,-110.0,0.09647429934158169,0.10601571356217769,0.574070313791404,7.407031379140405,0.026503928390544423,spread,nba,0.42592968620859595,0.574070313791404,2.3478053593809785,1.7419468939189269,2.383022439771693,1.7680760973277105,+138,-130,0.5235602094240838,0.5235602094240838,0.5,0.5,-0.18647429934158177,-0.07407031379140405,0.0,-18.647429934158176,-7.407031379140405,0.09647429934158169,0.07407031379140405,0.10601571356217769,9.647429934158168,7.407031379140405,,,,,,,,,,,,,,,,,,,,
Basketball,NBA,2026_04_05,9f54cd277a7d7a9fe0de35d568dfa4af,2026-04-05T10:21:52Z,07:10 PM,New Orleans Pelicans,Orlando Magic,4.5,-4.5,236.5,164,-196,-108,-112,-108,-112,2.64,1.51,1.93,1.89,1.93,1.89,0.42,0.58,114.3,117.5,231.8,1,2025_NBA,,,,,,,,,,,,,,,,,,,,,,,,,home,4.5,-108.0,0.034137652219330406,0.03670715292401113,0.535822617730223,4.10582198244639,0.009176788231002783,spread,nba,0.535822617730223,0.464177382269777,1.8662892660934332,2.15434882912672,1.8942836050848344,2.1866640615636204,-111,+118,0.5181347150259068,0.5291005291005292,0.4947643979057591,0.5052356020942408,0.034137652219330406,0.04105821982446389,0.03670715292401113,3.4137652219330406,4.10582198244639,-0.1227047475101215,-0.04105821982446378,0.0,-12.27047475101215,-4.105821982446378,,,,,,,,,,,,,,,,,,,,
Basketball,NBA,2026_04_05,5441d9423f924c9a489ca00a7e321466,2026-04-05T10:21:52Z,07:10 PM,Oklahoma City Thunder,Utah Jazz,-22.5,22.5,239.5,-5000,1800,-110,-110,-105,-115,1.02,19.0,1.91,1.91,1.95,1.87,0.965,0.035,126.5,107.6,234.1,1,2025_NBA,,,,,,,,,,,,,,,,,,,,,,,,,away,22.5,-110.0,0.14278703556731998,0.15690883029375835,0.598317819668754,9.831781966875397,0.03922720757343959,spread,nba,0.40168218033124603,0.598317819668754,2.489530402307996,1.6713525272465208,2.5268733583426157,1.6964228151552185,+152,-143,0.5235602094240838,0.5235602094240838,0.5,0.5,-0.23278703556732017,-0.09831781966875397,0.0,-23.278703556732015,-9.831781966875397,0.14278703556731998,0.09831781966875397,0.15690883029375835,14.278703556731998,9.831781966875397,,,,,,,,,,,,,,,,,,,,
Basketball,NBA,2026_04_05,f01f7ab4597dc0c1a08e837d9b9beae9,2026-04-05T10:21:52Z,09:10 PM,Sacramento Kings,Los Angeles Clippers,11.5,-11.5,230.5,550,-833,-110,-110,-110,-110,6.5,1.12,1.91,1.91,1.91,1.91,0.178,0.822,108.3,118.6,226.9,1,2025_NBA,,,,,,,,,,,,,,,,,,,,,,,,,home,11.5,-110.0,0.018170608440261526,0.019967701582704916,0.5330736169844301,3.307361698443012,0.004991925395676229,spread,nba,0.5330736169844301,0.4669263830155699,1.8759135101394593,2.1416652311262836,1.904052212791551,2.173790209593178,-110,+117,0.5235602094240838,0.5235602094240838,0.5,0.5,0.018170608440261526,0.03307361698443012,0.019967701582704916,1.8170608440261526,3.307361698443012,-0.1081706084402616,-0.03307361698443012,0.0,-10.81706084402616,-3.307361698443012,,,,,,,,,,,,,,,,,,,,
Basketball,NBA,2026_04_06,dce0f3f389617fa7daa990c209ee8acc,2026-04-05T10:21:52Z,07:10 PM,Atlanta Hawks,New York Knicks,-1.5,1.5,230.5,-110,-110,100,-120,-110,-110,1.91,1.91,2.0,1.83,1.91,1.91,0.482,0.518,113.7,114.9,228.6,1,2025_NBA,,,,,,,,,,,,,,,,,,,,,,,,,away,1.5,-120.0,0.050548674238269475,0.06090201715454153,0.574070313791404,5.1877102303153455,0.015225504288635382,spread,nba,0.42592968620859595,0.574070313791404,2.3478053593809785,1.7419468939189269,2.383022439771693,1.7680760973277105,+138,-130,0.5,0.5464480874316939,0.47780678851174935,0.5221932114882506,-0.1481406275828081,-0.0518771023031534,0.0,-14.81406275828081,-5.18771023031534,0.050548674238269475,0.051877102303153455,0.06090201715454153,5.0548674238269475,5.1877102303153455,,,,,,,,,,,,,,,,,,,,
Basketball,NBA,2026_04_07,d669fae8ce6b2ba2ca97fb61dc09e2ce,2026-04-07T09:44:29Z,07:40 PM,Brooklyn Nets,Milwaukee Bucks,2.5,-2.5,220.5,120,-143,-115,-105,-112,-108,2.2,1.7,1.87,1.95,1.89,1.93,0.417,0.583,107.5,110.9,218.4,1,2025_NBA,,,,,,,,,,,,,,,,,,,,,,,,,away,-2.5,-105.0,0.02339445004331342,0.02462573688769822,0.5248176666888786,3.528887087736021,0.006156434221924555,spread,nba,0.47518233331112136,0.5248176666888786,2.1044553425037775,1.9054236613433557,2.136022172641334,1.9340050162635058,+113,-107,0.53475935828877,0.5128205128205129,0.5104712041884817,0.4895287958115184,-0.11140903670820301,-0.03528887087736032,0.0,-11.1409036708203,-3.5288870877360323,0.02339445004331342,0.03528887087736021,0.02462573688769822,2.339445004331342,3.528887087736021,,,,,,,,,,,,,,,,,,,,
Basketball,NBA,2026_04_07,74efed6fa8060207aa1784a960c6141c,2026-04-07T09:44:29Z,10:10 PM,Golden State Warriors,Sacramento Kings,-15.5,15.5,234.5,-1250,750,-110,-110,-110,-110,1.08,8.5,1.91,1.91,1.91,1.91,0.878,0.122,121.4,110.2,231.6,1,2025_NBA,,,,,,,,,,,,,,,,,,,,,,,,,away,15.5,-110.0,0.17832422885257837,0.19596069104678943,0.616923680027528,11.692368002752795,0.048990172761697356,spread,nba,0.38307631997247205,0.616923680027528,2.6104458768734653,1.6209460462846534,2.649602565026567,1.645260236978923,+164,-154,0.5235602094240838,0.5235602094240838,0.5,0.5,-0.26832422885257845,-0.11692368002752795,0.0,-26.832422885257845,-11.692368002752795,0.17832422885257837,0.11692368002752795,0.19596069104678943,17.832422885257838,11.692368002752795,,,,,,,,,,,,,,,,,,,,
Basketball,NBA,2026_04_07,be5171067867c61067c779345515c72d,2026-04-07T09:44:29Z,07:10 PM,Indiana Pacers,Minnesota Timberwolves,12.5,-12.5,231.5,550,-833,-110,-110,-112,-108,6.5,1.12,1.91,1.91,1.89,1.93,0.156,0.844,110.4,121.4,231.8,1,2025_NBA,,,,,,,,,,,,,,,,,,,,,,,,,home,12.5,-110.0,0.03391234093013207,0.03726630871443091,0.5413153617435247,4.131536174352468,0.009316577178607727,spread,nba,0.5413153617435247,0.4586846382564753,1.8473519701696552,2.1801471350798676,1.8750622497221998,2.2128493421060655,-114,+121,0.5235602094240838,0.5235602094240838,0.5,0.5,0.03391234093013207,0.04131536174352468,0.03726630871443091,3.3912340930132068,4.131536174352468,-0.12391234093013215,-0.04131536174352468,0.0,-12.391234093013214,-4.131536174352468,,,,,,,,,,,,,,,,,,,,
Basketball,NBA,2026_04_07,3133467540e08b88d68625ed9e975399,2026-04-07T09:44:29Z,10:40 PM,Los Angeles Clippers,Dallas Mavericks,-11.5,11.5,237.5,-588,425,-110,-110,-110,-110,1.17,5.25,1.91,1.91,1.91,1.91,0.826,0.174,122.7,113.2,235.9,1,2025_NBA,,,,,,,,,,,,,,,,,,,,,,,,,away,11.5,-110.0,0.0600700415286457,0.06601103464686342,0.5550104929469349,5.501049294693495,0.016502758661715855,spread,nba,0.44498950705306506,0.5550104929469349,2.2472440004765097,1.8017677372013414,2.280952660483657,1.8287942532593613,+128,-120,0.5235602094240838,0.5235602094240838,0.5,0.5,-0.15007004152864578,-0.05501049294693494,0.0,-15.007004152864578,-5.501049294693495,0.0600700415286457,0.05501049294693494,0.06601103464686342,6.00700415286457,5.501049294693495,,,,,,,,,,,,,,,,,,,,
Basketball,NBA,2026_04_07,01f002eb30dfd24045740d4fbf68207e,2026-04-07T09:44:29Z,10:40 PM,Los Angeles Lakers,Oklahoma City Thunder,16.5,-16.5,223.5,1100,-2000,-105,-115,-108,-112,12.0,1.05,1.95,1.87,1.93,1.89,0.087,0.913,105.0,119.1,224.1,1,2025_NBA,,,,,,,,,,,,,,,,,,,,,,,,,home,16.5,-105.0,0.10354460665589582,0.10899432279567982,0.5659203111055876,7.639151529406918,0.027248580698919955,spread,nba,0.5659203111055876,0.4340796888944124,1.767033238383669,2.3037244671524926,1.793538736959424,2.3382803341597795,-126,+133,0.5128205128205129,0.53475935828877,0.4895287958115184,0.5104712041884817,0.10354460665589582,0.07639151529406918,0.10899432279567982,10.354460665589581,7.639151529406918,-0.18827098176744872,-0.07639151529406929,0.0,-18.827098176744872,-7.639151529406929,,,,,,,,,,,,,,,,,,,,
Basketball,NBA,2026_04_07,24016853f9722af6d4829341d7ae4d81,2026-04-07T09:44:29Z,08:10 PM,New Orleans Pelicans,Utah Jazz,-11.5,11.5,242.5,-625,455,-110,-110,-105,-115,1.16,5.55,1.91,1.91,1.95,1.87,0.813,0.187,125.5,116.5,242.0,1,2025_NBA,,,,,,,,,,,,,,,,,,,,,,,,,away,11.5,-110.0,0.08610291885875876,0.09461859215248204,0.5686402716538004,6.864027165380038,0.02365464803812051,spread,nba,0.4313597283461996,0.5686402716538004,2.3182507181046406,1.758581039453393,2.35302447887621,1.7849597550451937,+135,-127,0.5235602094240838,0.5235602094240838,0.5,0.5,-0.17610291885875873,-0.06864027165380038,0.0,-17.610291885875874,-6.864027165380038,0.08610291885875876,0.06864027165380038,0.09461859215248204,8.610291885875876,6.864027165380038,,,,,,,,,,,,,,,,,,,,
Basketball,NBA,2026_04_07,6ec00d2267f0fe20067d4e2363a17162,2026-04-07T09:44:29Z,11:10 PM,Phoenix Suns,Houston Rockets,-1.5,1.5,220.5,-115,-105,-102,-118,-110,-110,1.87,1.95,1.98,1.85,1.91,1.91,0.486,0.514,109.6,110.6,220.2,1,2025_NBA,,,,,,,,,,,,,,,,,,,,,,,,,away,1.5,-118.0,0.05198450255953069,0.06115823830533028,0.5686402716538004,5.166899228043231,0.01528955957633257,spread,nba,0.4313597283461996,0.5686402716538004,2.3182507181046406,1.758581039453393,2.35302447887621,1.7849597550451937,+135,-127,0.5050505050505051,0.5405405405405405,0.4830287206266319,0.5169712793733681,-0.1459077378745247,-0.05166899228043226,0.0,-14.590773787452472,-5.166899228043226,0.05198450255953069,0.05166899228043231,0.06115823830533028,5.198450255953069,5.166899228043231,,,,,,,,,,,,,,,,,,,,
Basketball,NBA,2026_04_08,3fe42fd427985fed1fee7c2e58935a67,2026-04-08T10:07:53Z,07:10 PM,Cleveland Cavaliers,Atlanta Hawks,-1.5,1.5,235.5,-120,100,-105,-115,-115,-105,1.83,2.0,1.95,1.87,1.87,1.95,0.591,0.409,118.8,116.1,234.9,1,2025_NBA,,,,,,,,,,,,,,,,,,,,,,,,,home,-1.5,-105.0,0.03949355311963876,0.041572161178567116,0.5330736169844301,4.35448211729117,0.010393040294641779,spread,nba,0.5330736169844301,0.4669263830155699,1.8759135101394593,2.1416652311262836,1.904052212791551,2.173790209593178,-110,+117,0.5128205128205129,0.53475935828877,0.4895287958115184,0.5104712041884817,0.03949355311963876,0.043544821172911696,0.041572161178567116,3.949355311963876,4.35448211729117,-0.1268476637608843,-0.04354482117291181,0.0,-12.68476637608843,-4.35448211729118,,,,,,,,,,,,,,,,,,,,
Basketball,NBA,2026_04_08,c14b4c18b6b1e91a53302fdcc32910f2,2026-04-08T10:07:53Z,07:10 PM,Detroit Pistons,Milwaukee Bucks,-18.5,18.5,221.5,-1667,1000,-115,-105,-110,-110,1.06,11.0,1.87,1.95,1.91,1.91,0.941,0.059,117.6,101.7,219.3,1,2025_NBA,,,,,,,,,,,,,,,,,,,,,,,,,away,18.5,-105.0,0.11414611331778057,0.12015380349240061,0.5713569811886055,8.182818537708702,0.030038450873100152,spread,nba,0.42864301881139455,0.5713569811886055,2.332943629346745,1.750219272581005,2.367937783786946,1.77647256166972,+136,-128,0.53475935828877,0.5128205128205129,0.5104712041884817,0.4895287958115184,-0.1984375548226921,-0.08182818537708714,0.0,-19.84375548226921,-8.182818537708714,0.11414611331778057,0.08182818537708703,0.12015380349240061,11.414611331778058,8.182818537708702,,,,,,,,,,,,,,,,,,,,
Basketball,NBA,2026_04_08,3e95057b94b2d930c8cc201db634eaf8,2026-04-08T10:07:53Z,10:10 PM,Phoenix Suns,Dallas Mavericks,-11.5,11.5,230.5,-588,425,-105,-115,-112,-108,1.17,5.25,1.95,1.87,1.89,1.93,0.821,0.179,119.5,110.1,229.6,1,2025_NBA,,,,,,,,,,,,,,,,,,,,,,,,,away,11.5,-115.0,0.04297789415809872,0.04939987834264226,0.5577421893893576,4.7270985200875915,0.012349969585660566,spread,nba,0.4422578106106424,0.5577421893893576,2.2611245658256696,1.792943081990708,2.2950414343130543,1.8198372282205684,+129,-121,0.5128205128205129,0.53475935828877,0.4895287958115184,0.5104712041884817,-0.13759726930924732,-0.047270985200876026,0.0,-13.759726930924732,-4.727098520087603,0.04297789415809872,0.047270985200875915,0.04939987834264226,4.297789415809872,4.7270985200875915,,,,,,,,,,,,,,,,,,,,
Basketball,NBA,2026_04_09,bf30a732402325cab54ab666ee0f5c11,2026-04-09T10:09:28Z,07:40 PM,New York Knicks,Boston Celtics,-4.5,4.5,216.5,-175,145,-110,-110,-110,-110,1.57,2.45,1.91,1.91,1.91,1.91,0.594,0.406,109.4,106.4,215.8,1,2025_NBA,,,,,,,,,,,,,,,,,,,,,,,,,away,4.5,-110.0,0.03391234093013207,0.03726630871443091,0.5413153617435247,4.131536174352468,0.009316577178607727,spread,nba,0.4586846382564753,0.5413153617435247,2.1801471350798676,1.8473519701696552,2.2128493421060655,1.8750622497221998,+121,-114,0.5235602094240838,0.5235602094240838,0.5,0.5,-0.12391234093013215,-0.04131536174352468,0.0,-12.391234093013214,-4.131536174352468,0.03391234093013207,0.04131536174352468,0.03726630871443091,3.3912340930132068,4.131536174352468,,,,,,,,,,,,,,,,,,,,
Basketball,NBA,2026_04_10,70a2274c4f82c7a3f37879b7edf0cfa4,2026-04-10T09:37:06Z,07:10 PM,Atlanta Hawks,Cleveland Cavaliers,-7.5,7.5,233.5,-312,250,-115,-105,-110,-110,1.32,3.5,1.87,1.95,1.91,1.91,0.658,0.342,119.7,115.1,234.8,1,2025_NBA,,,,,,,,,,,,,,,,,,,,,,,,,away,7.5,-105.0,0.1299983765349455,0.1368403963525741,0.5794863469409977,8.995755112947922,0.03421009908814353,spread,nba,0.42051365305900235,0.5794863469409977,2.3780440723518907,1.7256661960697037,2.413714733437169,1.7515511890107491,+141,-133,0.53475935828877,0.5128205128205129,0.5104712041884817,0.4895287958115184,-0.21363946877966555,-0.08995755112947934,0.0,-21.363946877966555,-8.995755112947935,0.1299983765349455,0.08995755112947923,0.1368403963525741,12.99983765349455,8.995755112947922,,,,,,,,,,,,,,,,,,,,
Basketball,NBA,2026_04_10,80adae4b4459f5602f7500d94892f2a5,2026-04-10T09:37:06Z,07:40 PM,Boston Celtics,New Orleans Pelicans,-16.5,16.5,224.5,-1429,850,-115,-105,-110,-110,1.07,9.5,1.87,1.95,1.91,1.91,0.9,0.1,118.2,105.5,223.7,1,2025_NBA,,,,,,,,,,,,,,,,,,,,,,,,,away,16.5,-105.0,0.17713426319385328,0.18645711915142452,0.6036585965096684,11.412980069814992,0.04661427978785613,spread,nba,0.39634140349033165,0.6036585965096684,2.5230773045501262,1.6565654921208162,2.560923464118378,1.6814139745026282,+156,-146,0.53475935828877,0.5128205128205129,0.5104712041884817,0.4895287958115184,-0.25884157547307973,-0.11412980069815004,0.0,-25.88415754730797,-11.412980069815005,0.17713426319385328,0.11412980069814993,0.18645711915142452,17.713426319385327,11.412980069814992,,,,,,,,,,,,,,,,,,,,
Basketball,NBA,2026_04_10,1126b937945abff19e12dc1ac60f2ecb,2026-04-10T09:37:06Z,07:10 PM,Charlotte Hornets,Detroit Pistons,-4.5,4.5,223.5,-169,142,-108,-112,-110,-110,1.59,2.42,1.93,1.89,1.91,1.91,0.489,0.511,110.7,111.6,222.3,1,2025_NBA,,,,,,,,,,,,,,,,,,,,,,,,,away,4.5,-112.0,0.22020147291957404,0.2474173853028922,0.6456092449309916,14.03736428367508,0.05,spread,nba,0.3543907550690084,0.6456092449309916,2.8217440373275986,1.5489245357799808,2.8640701978875125,1.5721584038166803,+186,-174,0.5181347150259068,0.5291005291005292,0.4947643979057591,0.5052356020942408,-0.3160258427168138,-0.1403736428367507,0.0,-31.602584271681376,-14.03736428367507,0.22020147291957404,0.1403736428367508,0.2474173853028922,22.020147291957404,14.03736428367508,,,,,,,,,,,,,,,,,,,,
Basketball,NBA,2026_04_10,ebbf0d3885094991ff36055e753635a3,2026-04-10T09:37:06Z,08:10 PM,Chicago Bulls,Orlando Magic,14.5,-14.5,242.5,675,-1000,-105,-115,-110,-110,7.75,1.1,1.95,1.87,1.91,1.91,0.216,0.784,112.4,121.4,233.8,1,2025_NBA,,,,,,,,,,,,,,,,,,,,,,,,,home,14.5,-105.0,0.2639496432858639,0.2778417297745937,0.648179304249161,15.865050843764262,0.05,spread,nba,0.648179304249161,0.35182069575083896,1.5427829821848162,2.8423569507923565,1.5659247269175884,2.8849923050542414,-176,+188,0.5128205128205129,0.53475935828877,0.4895287958115184,0.5104712041884817,0.2639496432858639,0.1586505084376426,0.2778417297745937,26.39496432858639,15.865050843764262,-0.34209529894593105,-0.15865050843764272,0.0,-34.2095298945931,-15.865050843764273,,,,,,,,,,,,,,,,,,,,
Basketball,NBA,2026_04_10,1fbdc557471472d90b606f5e50853915,2026-04-10T09:37:06Z,09:40 PM,Houston Rockets,Minnesota Timberwolves,-10.5,10.5,221.5,-417,320,-105,-115,-112,-108,1.24,4.2,1.95,1.87,1.89,1.93,0.668,0.332,114.4,109.4,223.8,1,2025_NBA,,,,,,,,,,,,,,,,,,,,,,,,,away,10.5,-115.0,0.21209529894593127,0.24378769993785188,0.648179304249161,13.770810006067935,0.05,spread,nba,0.35182069575083896,0.648179304249161,2.8423569507923565,1.5427829821848162,2.8849923050542414,1.5659247269175884,+188,-176,0.5128205128205129,0.53475935828877,0.4895287958115184,0.5104712041884817,-0.31394964328586406,-0.13770810006067946,0.0,-31.394964328586404,-13.770810006067947,0.21209529894593127,0.13770810006067935,0.24378769993785188,21.209529894593125,13.770810006067935,,,,,,,,,,,,,,,,,,,,
Basketball,NBA,2026_04_10,4398234154ac742bd22d689c8d4bf956,2026-04-10T09:37:06Z,07:40 PM,Indiana Pacers,Philadelphia 76ers,15.5,-15.5,234.5,800,-1429,-105,-115,-110,-110,9.0,1.07,1.95,1.87,1.91,1.91,0.138,0.862,111.3,122.9,234.2,1,2025_NBA,,,,,,,,,,,,,,,,,,,,,,,,,home,15.5,-105.0,0.1823274630725824,0.19192364533956044,0.6063217759346576,11.679298012313922,0.04798091133489011,spread,nba,0.6063217759346576,0.39367822406534236,1.6492892712924243,2.5401455779632376,1.6740286103618105,2.578247761632686,-148,+157,0.5128205128205129,0.53475935828877,0.4895287958115184,0.5104712041884817,0.1823274630725824,0.11679298012313921,0.19192364533956044,18.23274630725824,11.679298012313922,-0.26382172099780976,-0.11679298012313932,0.0,-26.382172099780977,-11.679298012313932,,,,,,,,,,,,,,,,,,,,
Basketball,NBA,2026_04_10,39083e08e7959b0ec516933d574379cd,2026-04-10T09:37:06Z,07:40 PM,New York Knicks,Toronto Raptors,-6.5,6.5,219.5,-263,215,-115,-105,-110,-110,1.38,3.15,1.87,1.95,1.91,1.91,0.64,0.36,113.9,109.7,223.6,1,2025_NBA,,,,,,,,,,,,,,,,,,,,,,,,,away,6.5,-105.0,0.09823459055272066,0.10340483216075871,0.5631972259244722,7.366843011295376,0.02585120804018968,spread,nba,0.4368027740755278,0.5631972259244722,2.2893627498507816,1.7755769275293012,2.3237031910985433,1.8022105814422404,+132,-124,0.53475935828877,0.5128205128205129,0.5104712041884817,0.4895287958115184,-0.183178812478763,-0.07366843011295388,0.0,-18.3178812478763,-7.366843011295387,0.09823459055272066,0.07366843011295376,0.10340483216075871,9.823459055272066,7.366843011295376,,,,,,,,,,,,,,,,,,,,
Basketball,NBA,2026_04_10,858993998045b68682b2aae461cb4037,2026-04-10T09:37:06Z,10:10 PM,Portland Trail Blazers,Los Angeles Clippers,-2.5,2.5,225.5,-125,105,-108,-112,-108,-112,1.8,2.05,1.93,1.89,1.93,1.89,0.508,0.492,113.0,112.9,225.9,1,2025_NBA,,,,,,,,,,,,,,,,,,,,,,,,,away,2.5,-112.0,0.0695893879895606,0.07819032358377584,0.5659203111055876,6.068470901134681,0.01954758089594396,spread,nba,0.4340796888944124,0.5659203111055876,2.3037244671524926,1.767033238383669,2.3382803341597795,1.793538736959424,+133,-126,0.5181347150259068,0.5291005291005292,0.4947643979057591,0.5052356020942408,-0.1622262004337841,-0.060684709011346705,0.0,-16.22262004337841,-6.0684709011346705,0.0695893879895606,0.060684709011346816,0.07819032358377584,6.95893879895606,6.068470901134681,,,,,,,,,,,,,,,,,,,,
Basketball,NBA,2026_04_10,d6099dffbcac5bbcdf69fd35c6229ff7,2026-04-10T09:37:06Z,10:10 PM,Sacramento Kings,Golden State Warriors,11.5,-11.5,230.5,400,-526,-110,-110,-110,-110,5.0,1.19,1.91,1.91,1.91,1.91,0.199,0.801,108.9,118.3,227.2,1,2025_NBA,,,,,,,,,,,,,,,,,,,,,,,,,home,11.5,-110.0,0.06528758173367355,0.0717445953117293,0.5577421893893579,5.774218938935793,0.017936148827932326,spread,nba,0.5577421893893579,0.44225781061064207,1.792943081990707,2.2611245658256713,1.8198372282205675,2.295041434313056,-121,+129,0.5235602094240838,0.5235602094240838,0.5,0.5,0.06528758173367355,0.057742189389357934,0.0717445953117293,6.528758173367355,5.774218938935793,-0.15528758173367374,-0.057742189389357934,0.0,-15.528758173367374,-5.774218938935793,,,,,,,,,,,,,,,,,,,,
Basketball,NBA,2026_04_10,51aa38f3acd638a314975c61ab16a862,2026-04-10T09:37:06Z,08:10 PM,San Antonio Spurs,Dallas Mavericks,-17.5,17.5,236.5,-1667,950,-108,-112,-110,-110,1.06,10.5,1.93,1.89,1.91,1.91,0.879,0.121,123.5,112.2,235.7,1,2025_NBA,,,,,,,,,,,,,,,,,,,,,,,,,away,17.5,-112.0,0.2586924487713169,0.29066567277676064,0.6659748406197444,16.073923852550365,0.05,spread,nba,0.33402515938025557,0.6659748406197444,2.9937864616407412,1.5015582256371993,3.038693258565352,1.524081599021757,+203,-190,0.5181347150259068,0.5291005291005292,0.4947643979057591,0.5052356020942408,-0.3553314423961068,-0.16073923852550354,0.0,-35.53314423961068,-16.073923852550354,0.2586924487713169,0.16073923852550365,0.29066567277676064,25.869244877131692,16.073923852550365,,,,,,,,,,,,,,,,,,,,
Basketball,NBA,2026_04_10,f47d78a747510d6ef00500f74872372d,2026-04-10T09:37:06Z,07:10 PM,Washington Wizards,Miami Heat,18.5,-18.5,249.5,1000,-1667,-115,-105,-110,-110,11.0,1.06,1.87,1.95,1.91,1.91,0.08,0.92,112.4,127.2,239.6,1,2025_NBA,,,,,,,,,,,,,,,,,,,,,,,,,home,18.5,-115.0,0.12385236852851977,0.1423590442856549,0.6009905714056255,9.051936721714382,0.03558976107141373,spread,nba,0.6009905714056255,0.3990094285943745,1.6639196146807298,2.5062064410928526,1.6888784089009405,2.543799537709245,-145,+154,0.53475935828877,0.5128205128205129,0.5104712041884817,0.4895287958115184,0.12385236852851977,0.09051936721714382,0.1423590442856549,12.385236852851978,9.051936721714382,-0.22193161424096974,-0.09051936721714393,0.0,-22.193161424096974,-9.051936721714393,,,,,,,,,,,,,,,,,,,,
Basketball,NBA,2026_04_12,ad75b36adad0af42dea87b9bcdfa91f8,2026-04-12T09:53:29Z,06:10 PM,Cleveland Cavaliers,Washington Wizards,-10.5,10.5,236.5,-526,390,-105,-115,-105,-115,1.19,4.9,1.95,1.87,1.95,1.87,0.889,0.111,123.5,111.7,235.2,1,2025_NBA,,,,,,,,,,,,,,,,,,,,,,,,,home,-10.5,-105.0,0.044854104573934794,0.047214846919931365,0.535822617730223,4.629382191870457,0.011803711729982841,spread,nba,0.535822617730223,0.464177382269777,1.8662892660934332,2.15434882912672,1.8942836050848344,2.1866640615636204,-111,+118,0.5128205128205129,0.53475935828877,0.4895287958115184,0.5104712041884817,0.044854104573934794,0.04629382191870457,0.047214846919931365,4.485410457393479,4.629382191870457,-0.1319882951555169,-0.04629382191870468,0.0,-13.19882951555169,-4.629382191870468,,,,,,,,,,,,,,,,,,,,
Basketball,NBA,2026_04_12,fdd561cce076bab5eb0f0651d1d0f8e4,2026-04-12T09:53:29Z,08:40 PM,Houston Rockets,Memphis Grizzlies,-13.5,13.5,225.5,-833,550,-108,-112,-112,-108,1.12,6.5,1.93,1.89,1.89,1.93,0.893,0.107,119.6,107.5,227.1,1,2025_NBA,,,,,,,,,,,,,,,,,,,,,,,,,away,13.5,-112.0,0.017897128783746163,0.02010913346488333,0.5385699094093895,3.333430731514875,0.005027283366220833,spread,nba,0.46143009059061046,0.5385699094093895,2.167175527543172,1.8567691631651446,2.1996831604563196,1.8846207006126217,+119,-113,0.5181347150259068,0.5291005291005292,0.4947643979057591,0.5052356020942408,-0.1094399251601218,-0.03333430731514864,0.0,-10.94399251601218,-3.3334307315148637,0.017897128783746163,0.03333430731514875,0.02010913346488333,1.7897128783746163,3.333430731514875,,,,,,,,,,,,,,,,,,,,
Basketball,NBA,2026_04_12,4675acfb68965858aa571a0493a222da,2026-04-12T09:53:29Z,06:10 PM,Indiana Pacers,Detroit Pistons,14.5,-14.5,229.5,600,-909,-115,-105,-110,-110,7.0,1.11,1.87,1.95,1.91,1.91,0.111,0.889,108.1,120.8,228.9,1,2025_NBA,,,,,,,,,,,,,,,,,,,,,,,,,home,14.5,-115.0,0.027638647985729792,0.03176856090313775,0.5495393839495881,3.9068179761106436,0.007942140225784438,spread,nba,0.5495393839495881,0.4504606160504119,1.8197057921725492,2.2199499009877663,1.8470013790551374,2.2532491495025826,-118,+125,0.53475935828877,0.5128205128205129,0.5104712041884817,0.4895287958115184,0.027638647985729792,0.039068179761106436,0.03176856090313775,2.763864798572979,3.9068179761106436,-0.12160179870169685,-0.03906817976110655,0.0,-12.160179870169685,-3.9068179761106547,,,,,,,,,,,,,,,,,,,,
Basketball,NBA,2026_04_12,3f3bec3a69985062b105b5fe8bf06fe9,2026-04-12T09:53:29Z,08:40 PM,Los Angeles Lakers,Utah Jazz,-14.5,14.5,236.5,-1250,750,-108,-112,-110,-110,1.08,8.5,1.93,1.89,1.91,1.91,0.867,0.133,122.7,111.8,234.5,1,2025_NBA,,,,,,,,,,,,,,,,,,,,,,,,,away,14.5,-112.0,0.13082067917394502,0.14698952716173586,0.598317819668754,9.308221757451317,0.036747381790433964,spread,nba,0.40168218033124603,0.598317819668754,2.489530402307996,1.6713525272465208,2.5268733583426157,1.6964228151552185,+152,-143,0.5181347150259068,0.5291005291005292,0.4947643979057591,0.5052356020942408,-0.22475339196069521,-0.09308221757451307,0.0,-22.47533919606952,-9.308221757451307,0.13082067917394502,0.09308221757451318,0.14698952716173586,13.082067917394502,9.308221757451317,,,,,,,,,,,,,,,,,,,,
Basketball,NBA,2026_04_12,22dcb3e32847c7eab5774e8927016216,2026-04-12T09:53:29Z,06:10 PM,Miami Heat,Atlanta Hawks,-4.5,4.5,242.5,-175,145,-105,-115,-112,-108,1.57,2.45,1.95,1.87,1.89,1.93,0.477,0.523,120.8,122.3,243.1,1,2025_NBA,,,,,,,,,,,,,,,,,,,,,,,,,away,4.5,-115.0,0.23593204199063722,0.2711862551616518,0.6609262256634423,15.045502147496059,0.05,spread,nba,0.3390737743365577,0.6609262256634423,2.949210690082508,1.513028173448849,2.993448850433745,1.5357235960505817,+199,-186,0.5128205128205129,0.53475935828877,0.4895287958115184,0.5104712041884817,-0.33880614004371246,-0.1504550214749607,0.0,-33.880614004371246,-15.04550214749607,0.23593204199063722,0.1504550214749606,0.2711862551616518,23.59320419906372,15.045502147496059,,,,,,,,,,,,,,,,,,,,
Basketball,NBA,2026_04_12,47ede7b5685ae38218b5c2ea1ffd1699,2026-04-12T09:53:29Z,08:40 PM,Minnesota Timberwolves,New Orleans Pelicans,-6.5,6.5,236.5,-270,220,-105,-115,-108,-112,1.37,3.2,1.95,1.87,1.93,1.89,0.635,0.365,118.6,114.5,233.1,1,2025_NBA,,,,,,,,,,,,,,,,,,,,,,,,,away,6.5,-115.0,0.05827098176744894,0.0669781399625849,0.5659203111055876,5.544910691710592,0.016744534990646227,spread,nba,0.4340796888944124,0.5659203111055876,2.3037244671524926,1.767033238383669,2.3382803341597795,1.793538736959424,+133,-126,0.5128205128205129,0.53475935828877,0.4895287958115184,0.5104712041884817,-0.15354460665589587,-0.05544910691710603,0.0,-15.354460665589587,-5.544910691710603,0.05827098176744894,0.05544910691710592,0.0669781399625849,5.827098176744894,5.544910691710592,,,,,,,,,,,,,,,,,,,,
Basketball,NBA,2026_04_12,38b10a0526d5b246097a502269bcdf71,2026-04-12T09:53:29Z,06:10 PM,New York Knicks,Charlotte Hornets,13.5,-13.5,219.5,525,-769,-115,-105,-112,-108,6.25,1.13,1.87,1.95,1.89,1.93,0.149,0.851,103.2,114.4,217.6,1,2025_NBA,,,,,,,,,,,,,,,,,,,,,,,,,home,13.5,-115.0,0.053178812478763104,0.06112507181467016,0.5631972259244722,5.272602173599051,0.01528126795366754,spread,nba,0.5631972259244722,0.4368027740755278,1.7755769275293012,2.2893627498507816,1.8022105814422404,2.3237031910985433,-124,+132,0.53475935828877,0.5128205128205129,0.5104712041884817,0.4895287958115184,0.053178812478763104,0.0527260217359905,0.06112507181467016,5.3178812478763104,5.272602173599051,-0.1482345905527208,-0.052726021735990614,0.0,-14.823459055272082,-5.272602173599061,,,,,,,,,,,,,,,,,,,,
Basketball,NBA,2026_04_12,3f5adb3e93b0c63eb14ed1d0e8b90a43,2026-04-12T09:53:29Z,08:40 PM,Portland Trail Blazers,Sacramento Kings,-16.5,16.5,228.5,-1429,850,-112,-108,-110,-110,1.07,9.5,1.89,1.93,1.91,1.91,0.897,0.103,121.7,109.4,231.1,1,2025_NBA,,,,,,,,,,,,,,,,,,,,,,,,,away,16.5,-108.0,0.18556244571931635,0.19952951152614662,0.614281059958195,11.951666205243594,0.049882377881536655,spread,nba,0.38571894004180496,0.614281059958195,2.592561308738477,1.6279193111831498,2.631449728369554,1.6523381008508968,+163,-153,0.5291005291005292,0.5181347150259068,0.5052356020942408,0.4947643979057591,-0.2709912033209887,-0.11951666205243583,0.0,-27.09912033209887,-11.951666205243583,0.18556244571931635,0.11951666205243594,0.19952951152614662,18.556244571931636,11.951666205243594,,,,,,,,,,,,,,,,,,,,
Basketball,NBA,2026_04_12,09604d4c311c1eb2215317d12154f42a,2026-04-12T09:53:29Z,08:40 PM,San Antonio Spurs,Denver Nuggets,-11.5,11.5,233.5,-526,390,-105,-115,-108,-112,1.19,4.9,1.95,1.87,1.93,1.89,0.732,0.268,121.2,114.3,235.5,1,2025_NBA,,,,,,,,,,,,,,,,,,,,,,,,,away,11.5,-115.0,0.16841059427837735,0.19357539572227278,0.6248184996141055,11.434729542562383,0.048393848930568195,spread,nba,0.3751815003858945,0.6248184996141055,2.6653766216389823,1.6004647759591153,2.705357270963567,1.6244717475985018,+170,-160,0.5128205128205129,0.53475935828877,0.4895287958115184,0.5104712041884817,-0.2683960742475058,-0.11434729542562394,0.0,-26.83960742475058,-11.434729542562394,0.16841059427837735,0.11434729542562383,0.19357539572227278,16.841059427837735,11.434729542562383,,,,,,,,,,,,,,,,,,,,
Basketball,NBA,2026_04_15,7cfae0891b99865ef7fc9d357b69ca28,2026-04-15T10:06:15Z,10:10 PM,Los Angeles Clippers,Golden State Warriors,-5.5,5.5,221.5,-204,170,-105,-115,-110,-110,1.49,2.7,1.95,1.87,1.91,1.91,0.606,0.394,110.7,107.6,218.3,1,2025_NBA,,,,,,,,,,,,,,,,,,,,,,,,,away,5.5,-115.0,0.05827098176744827,0.06697813996258421,0.5659203111055873,5.544910691710559,0.016744534990646053,spread,nba,0.43407968889441273,0.5659203111055873,2.303724467152491,1.7670332383836702,2.3382803341597778,1.7935387369594251,+133,-126,0.5128205128205129,0.53475935828877,0.4895287958115184,0.5104712041884817,-0.1535446066558952,-0.055449106917105695,0.0,-15.35446066558952,-5.5449106917105695,0.05827098176744827,0.055449106917105584,0.06697813996258421,5.827098176744827,5.544910691710559,,,,,,,,,,,,,,,,,,,,
Basketball,NBA,2026_04_15,f7264c00c662a127d58f4ab12fc498bc,2026-04-15T10:06:15Z,07:40 PM,Philadelphia 76ers,Orlando Magic,-2.5,2.5,222.5,-130,110,-105,-115,-110,-110,1.77,2.1,1.95,1.87,1.91,1.91,0.471,0.529,109.7,111.5,221.2,1,2025_NBA,,,,,,,,,,,,,,,,,,,,,,,,,away,2.5,-115.0,0.15364728165147734,0.17660607086376703,0.616923680027528,10.645247583904627,0.04415151771594176,spread,nba,0.38307631997247205,0.616923680027528,2.6104458768734653,1.6209460462846534,2.649602565026567,1.645260236978923,+164,-154,0.5128205128205129,0.53475935828877,0.4895287958115184,0.5104712041884817,-0.25300117605367956,-0.10645247583904638,0.0,-25.300117605367955,-10.645247583904638,0.15364728165147734,0.10645247583904627,0.17660607086376703,15.364728165147735,10.645247583904627,,,,,,,,,,,,,,,,,,,,
Basketball,NBA,2026_04_18,2a8e5a45f1bcb477a6f9cbd7739d005e,2026-04-18T09:29:27Z,01:10 PM,Cleveland Cavaliers,Toronto Raptors,-8.5,8.5,219.5,-357,280,-105,-115,-115,-105,1.28,3.8,1.95,1.87,1.87,1.95,0.725,0.275,112.0,105.4,217.4,1,2025_NBA,,,,,,,,,,,,,,,,,,,,,,,,,away,8.5,-115.0,0.03275645970240615,0.03765110310621396,0.5522761816590407,4.180497747055901,0.00941277577655349,spread,nba,0.4477238183409593,0.5522761816590407,2.23351977052617,1.8106882628832452,2.2670225670840622,1.8378485868264938,+126,-119,0.5128205128205129,0.53475935828877,0.4895287958115184,0.5104712041884817,-0.12693855423512934,-0.04180497747055911,0.0,-12.693855423512934,-4.180497747055911,0.03275645970240615,0.041804977470559,0.03765110310621396,3.275645970240615,4.180497747055901,,,,,,,,,,,,,,,,,,,,
Basketball,NBA,2026_04_18,bee2c9ea4bf8df373aa45af7005b583d,2026-04-18T09:29:27Z,06:10 PM,New York Knicks,Atlanta Hawks,-5.5,5.5,216.5,-227,185,-105,-115,-110,-110,1.44,2.85,1.95,1.87,1.91,1.91,0.63,0.37,109.4,105.6,215.0,1,2025_NBA,,,,,,,,,,,,,,,,,,,,,,,,,away,5.5,-115.0,0.022516427476888756,0.02588095112286051,0.5468002285972666,3.632902440878494,0.006470237780715127,spread,nba,0.4531997714027334,0.5468002285972666,2.2065324457354056,1.8288214739144293,2.2396304324214364,1.8562537960231456,+123,-116,0.5128205128205129,0.53475935828877,0.4895287958115184,0.5104712041884817,-0.11626044576466998,-0.03632902440878505,0.0,-11.626044576466999,-3.632902440878505,0.022516427476888756,0.03632902440878494,0.02588095112286051,2.2516427476888756,3.632902440878494,,,,,,,,,,,,,,,,,,,,
Basketball,NBA,2026_04_19,00d1efd43d0790297fb68684a9171191,2026-04-19T10:47:51Z,01:10 PM,Boston Celtics,Philadelphia 76ers,-12.5,12.5,213.5,-833,550,-110,-110,-110,-110,1.12,6.5,1.91,1.91,1.91,1.91,0.792,0.208,110.3,101.9,212.2,1,2025_NBA,,,,,,,,,,,,,,,,,,,,,,,,,away,12.5,-110.0,0.16821926870280257,0.184856339233849,0.6116331249752893,11.163312497528931,0.04621408480846225,spread,nba,0.3883668750247107,0.6116331249752893,2.5748848944348635,1.6349670401523808,2.613508167851386,1.6594915457546664,+161,-151,0.5235602094240838,0.5235602094240838,0.5,0.5,-0.25821926870280265,-0.11163312497528932,0.0,-25.821926870280265,-11.163312497528931,0.16821926870280257,0.11163312497528932,0.184856339233849,16.821926870280258,11.163312497528931,,,,,,,,,,,,,,,,,,,,
Basketball,NBA,2026_04_19,ef6021edff80a85fe2dae5cf3530d9d4,2026-04-19T10:47:51Z,03:40 PM,Oklahoma City Thunder,Phoenix Suns,-14.5,14.5,215.5,-1111,700,-102,-118,-110,-110,1.09,8.0,1.98,1.85,1.91,1.91,0.855,0.145,108.7,98.1,206.8,1,2025_NBA,,,,,,,,,,,,,,,,,,,,,,,,,away,14.5,-118.0,0.12169528547911668,0.14317092409307844,0.6063217759346576,8.935049656128957,0.03579273102326961,spread,nba,0.39367822406534236,0.6063217759346576,2.5401455779632376,1.6492892712924243,2.578247761632686,1.6740286103618105,+157,-148,0.5050505050505051,0.5405405405405405,0.4830287206266319,0.5169712793733681,-0.2205171163506221,-0.08935049656128952,0.0,-22.05171163506221,-8.935049656128951,0.12169528547911668,0.08935049656128957,0.14317092409307844,12.169528547911668,8.935049656128957,,,,,,,,,,,,,,,,,,,,
Basketball,NBA,2026_04_19,04e3ad1ccbad6419ac711ff120fd5cbe,2026-04-19T10:47:51Z,09:10 PM,San Antonio Spurs,Portland Trail Blazers,-10.5,10.5,221.5,-526,400,-115,-105,-110,-110,1.19,5.0,1.87,1.95,1.91,1.91,0.789,0.211,114.5,106.3,220.8,1,2025_NBA,,,,,,,,,,,,,,,,,,,,,,,,,away,10.5,-105.0,0.09823459055272066,0.10340483216075871,0.5631972259244722,7.366843011295376,0.02585120804018968,spread,nba,0.4368027740755278,0.5631972259244722,2.2893627498507816,1.7755769275293012,2.3237031910985433,1.8022105814422404,+132,-124,0.53475935828877,0.5128205128205129,0.5104712041884817,0.4895287958115184,-0.183178812478763,-0.07366843011295388,0.0,-18.3178812478763,-7.366843011295387,0.09823459055272066,0.07366843011295376,0.10340483216075871,9.823459055272066,7.366843011295376,,,,,,,,,,,,,,,,,,,,
Basketball,NBA,2026_04_20,273905d6a4ae9217ec0734b66a0eb28b,2026-04-20T10:04:07Z,07:10 PM,Cleveland Cavaliers,Toronto Raptors,-8.5,8.5,222.5,-345,275,-110,-110,-110,-110,1.29,3.75,1.91,1.91,1.91,1.91,0.731,0.269,113.1,106.3,219.4,1,2025_NBA,,,,,,,,,,,,,,,,,,,,,,,,,away,8.5,-110.0,0.04438843662078007,0.048778501781077004,0.5468002285972671,4.680022859726707,0.012194625445269251,spread,nba,0.45319977140273293,0.5468002285972671,2.206532445735408,1.8288214739144277,2.2396304324214387,1.856253796023144,+123,-116,0.5235602094240838,0.5235602094240838,0.5,0.5,-0.13438843662078015,-0.04680022859726707,0.0,-13.438843662078014,-4.680022859726707,0.04438843662078007,0.04680022859726707,0.048778501781077004,4.438843662078007,4.680022859726707,,,,,,,,,,,,,,,,,,,,
Basketball,NBA,2026_04_20,a1b444bd00a27cbae3cf7ca3bf75a3f0,2026-04-20T10:04:07Z,08:10 PM,New York Knicks,Atlanta Hawks,-5.5,5.5,216.5,-233,190,-115,-105,-115,-105,1.43,2.9,1.87,1.95,1.87,1.95,0.642,0.358,109.1,104.9,214.0,1,2025_NBA,,,,,,,,,,,,,,,,,,,,,,,,,away,5.5,-105.0,0.04485410457393568,0.0472148469199323,0.5358226177302234,4.629382191870501,0.011803711729983075,spread,nba,0.46417738226977656,0.5358226177302234,2.154348829126722,1.8662892660934316,2.1866640615636226,1.8942836050848328,+118,-111,0.53475935828877,0.5128205128205129,0.5104712041884817,0.4895287958115184,-0.1319882951555178,-0.046293821918705125,0.0,-13.198829515551779,-4.629382191870512,0.04485410457393568,0.046293821918705014,0.0472148469199323,4.485410457393568,4.629382191870501,,,,,,,,,,,,,,,,,,,,
Basketball,NBA,2026_04_21,d1a7a6e7b024f888e922a62b14fcf466,2026-04-21T10:05:48Z,07:10 PM,Boston Celtics,Philadelphia 76ers,-13.5,13.5,216.5,-833,575,-110,-110,-110,-110,1.12,6.75,1.91,1.91,1.91,1.91,0.837,0.163,109.7,99.8,209.5,1,2025_NBA,,,,,,,,,,,,,,,,,,,,,,,,,away,13.5,-110.0,0.14278703556731998,0.15690883029375835,0.598317819668754,9.831781966875397,0.03922720757343959,spread,nba,0.40168218033124603,0.598317819668754,2.489530402307996,1.6713525272465208,2.5268733583426157,1.6964228151552185,+152,-143,0.5235602094240838,0.5235602094240838,0.5,0.5,-0.23278703556732017,-0.09831781966875397,0.0,-23.278703556732015,-9.831781966875397,0.14278703556731998,0.09831781966875397,0.15690883029375835,14.278703556731998,9.831781966875397,,,,,,,,,,,,,,,,,,,,
Basketball,NBA,2026_04_21,680084e4612c197a1cf4170d82ba6f10,2026-04-21T10:05:48Z,08:00 PM,San Antonio Spurs,Portland Trail Blazers,-11.5,11.5,219.5,-667,470,-105,-115,-112,-108,1.15,5.7,1.95,1.87,1.89,1.93,0.794,0.206,113.2,104.8,218.0,1,2025_NBA,,,,,,,,,,,,,,,,,,,,,,,,,away,11.5,-115.0,0.09373938873290832,0.10774642383092897,0.5848873736539616,7.441616946547991,0.026936605957732243,spread,nba,0.4151126263460384,0.5848873736539616,2.408984782762061,1.7097308730614393,2.445119554503492,1.7353768361573607,+144,-135,0.5128205128205129,0.53475935828877,0.4895287958115184,0.5104712041884817,-0.19053037862522515,-0.07441616946548002,0.0,-19.053037862522515,-7.441616946548002,0.09373938873290832,0.07441616946547991,0.10774642383092897,9.373938873290832,7.441616946547991,,,,,,,,,,,,,,,,,,,,
Basketball,NBA,2026_04_22,c9bc6bcae048283407d1cb53995eee8e,2026-04-22T13:14:48Z,07:10 PM,Detroit Pistons,Orlando Magic,-8.5,8.5,218.5,-400,310,-118,-102,-110,-110,1.25,4.1,1.85,1.98,1.91,1.91,0.769,0.231,112.0,104.2,216.2,1,2025_NBA,,,,,,,,,,,,,,,,,,,,,,,,,away,8.5,-102.0,0.0282289550990531,0.02880505622352357,0.5193075530803298,3.6278832453697953,0.0072012640558808926,spread,nba,0.48069244691967017,0.5193075530803298,2.080332250710635,1.9256411620982403,2.1115372344712946,1.9545257795297137,+111,-104,0.5405405405405405,0.5050505050505051,0.5169712793733681,0.4830287206266319,-0.11071897319861013,-0.036278832453697896,0.0,-11.071897319861012,-3.6278832453697896,0.0282289550990531,0.03627883245369795,0.02880505622352357,2.82289550990531,3.6278832453697953,,,,,,,,,,,,,,,,,,,,
Basketball,NBA,2026_04_22,0ce48ecb61f40bc3bd784adfe7f8e811,2026-04-22T13:14:48Z,09:40 PM,Oklahoma City Thunder,Phoenix Suns,-17.5,17.5,215.5,-2000,1100,-110,-110,-108,-112,1.05,12.0,1.91,1.91,1.93,1.89,0.882,0.118,111.8,100.5,212.3,1,2025_NBA,,,,,,,,,,,,,,,,,,,,,,,,,away,17.5,-110.0,0.2720119455837118,0.29891422591616684,0.6659748406197444,16.597484061974445,0.05,spread,nba,0.33402515938025557,0.6659748406197444,2.9937864616407412,1.5015582256371993,3.038693258565352,1.524081599021757,+203,-190,0.5235602094240838,0.5235602094240838,0.5,0.5,-0.36201194558371186,-0.16597484061974443,0.0,-36.201194558371185,-16.597484061974445,0.2720119455837118,0.16597484061974443,0.29891422591616684,27.201194558371178,16.597484061974445,,,,,,,,,,,,,,,,,,,,
Basketball,NBA,2026_04_23,b2b129565e14b8782b318b699b05ab3b,2026-04-23T10:45:21Z,07:10 PM,Atlanta Hawks,New York Knicks,-1.5,1.5,216.5,-110,-110,-102,-118,-108,-112,1.91,1.91,1.98,1.85,1.93,1.89,0.482,0.518,107.4,108.5,215.9,1,2025_NBA,,,,,,,,,,,,,,,,,,,,,,,,,away,1.5,-118.0,0.05701041519891925,0.06707107670461095,0.571356981188605,5.438570181523694,0.016767769176152737,spread,nba,0.428643018811395,0.571356981188605,2.332943629346743,1.7502192725810064,2.3679377837869438,1.7764725616697212,+136,-128,0.5050505050505051,0.5405405405405405,0.4830287206266319,0.5169712793733681,-0.15128682275343797,-0.054385701815236887,0.0,-15.128682275343797,-5.438570181523689,0.05701041519891925,0.05438570181523694,0.06707107670461095,5.701041519891925,5.438570181523694,,,,,,,,,,,,,,,,,,,,
Basketball,NBA,2026_04_24,5000a9f1dd7ba71de7ae6ceef836aa48,2026-04-24T10:29:41Z,08:10 PM,Houston Rockets,Los Angeles Lakers,-8.5,8.5,206.5,-345,270,-112,-108,-110,-110,1.29,3.7,1.89,1.93,1.91,1.91,0.685,0.315,105.0,99.7,204.7,1,2025_NBA,,,,,,,,,,,,,,,,,,,,,,,,,away,8.5,-108.0,0.13403316389147935,0.14412168160374136,0.5875819502028391,9.281755229708,0.03603042040093534,spread,nba,0.4124180497971609,0.5875819502028391,2.4247241372966797,1.701890263400348,2.4610949993561295,1.727418617351353,+146,-137,0.5291005291005292,0.5181347150259068,0.5052356020942408,0.4947643979057591,-0.22052988588336597,-0.09281755229707989,0.0,-22.052988588336596,-9.281755229707988,0.13403316389147935,0.09281755229708,0.14412168160374136,13.403316389147935,9.281755229708,,,,,,,,,,,,,,,,,,,,
Basketball,NBA,2026_04_24,af4847d63733e67ddd02f2bafac8ea6f,2026-04-24T10:29:41Z,10:40 PM,Portland Trail Blazers,San Antonio Spurs,2.5,-2.5,220.5,120,-143,-110,-110,-108,-112,2.2,1.7,1.91,1.91,1.93,1.89,0.392,0.608,107.9,111.8,219.7,1,2025_NBA,,,,,,,,,,,,,,,,,,,,,,,,,away,-2.5,-110.0,0.028668526971933117,0.0315038757933331,0.5385699094093891,3.856990940938909,0.007875968948333275,spread,nba,0.4614300905906109,0.5385699094093891,2.1671755275431703,1.8567691631651462,2.199683160456318,1.8846207006126232,+119,-113,0.5235602094240838,0.5235602094240838,0.5,0.5,-0.1186685269719332,-0.03856990940938909,0.0,-11.86685269719332,-3.856990940938909,0.028668526971933117,0.03856990940938909,0.0315038757933331,2.8668526971933117,3.856990940938909,,,,,,,,,,,,,,,,,,,,
Basketball,NBA,2026_04_25,9f41c322eb6aa09683dc241cacc31d7c,2026-04-25T10:11:37Z,03:40 PM,Phoenix Suns,Oklahoma City Thunder,9.5,-9.5,214.5,310,-400,-110,-110,-110,-110,4.1,1.25,1.91,1.91,1.91,1.91,0.242,0.758,101.8,110.1,211.9,1,2025_NBA,,,,,,,,,,,,,,,,,,,,,,,,,home,9.5,-110.0,0.018170608440261526,0.019967701582704916,0.5330736169844301,3.307361698443012,0.004991925395676229,spread,nba,0.5330736169844301,0.4669263830155699,1.8759135101394593,2.1416652311262836,1.904052212791551,2.173790209593178,-110,+117,0.5235602094240838,0.5235602094240838,0.5,0.5,0.018170608440261526,0.03307361698443012,0.019967701582704916,1.8170608440261526,3.307361698443012,-0.1081706084402616,-0.03307361698443012,0.0,-10.81706084402616,-3.307361698443012,,,,,,,,,,,,,,,,,,,,
Basketball,NBA,2026_04_27,e4d639b6c49e5fd0accc6e80636e88fe,2026-04-27T09:53:43Z,10:40 PM,Denver Nuggets,Minnesota Timberwolves,-10.5,10.5,221.5,-500,380,-115,-105,-115,-105,1.2,4.8,1.87,1.95,1.87,1.95,0.782,0.218,115.4,107.2,222.6,1,2025_NBA,,,,,,,,,,,,,,,,,,,,,,,,,away,10.5,-105.0,0.09823459055272066,0.10340483216075871,0.5631972259244722,7.366843011295376,0.02585120804018968,spread,nba,0.4368027740755278,0.5631972259244722,2.2893627498507816,1.7755769275293012,2.3237031910985433,1.8022105814422404,+132,-124,0.53475935828877,0.5128205128205129,0.5104712041884817,0.4895287958115184,-0.183178812478763,-0.07366843011295388,0.0,-18.3178812478763,-7.366843011295387,0.09823459055272066,0.07366843011295376,0.10340483216075871,9.823459055272066,7.366843011295376,,,,,,,,,,,,,,,,,,,,
Basketball,NBA,2026_04_27,b3eb8f644d05290981f8805f5410f24a,2026-04-27T09:53:43Z,09:40 PM,Phoenix Suns,Oklahoma City Thunder,10.5,-10.5,213.5,380,-500,-108,-112,-110,-110,4.8,1.2,1.93,1.89,1.91,1.91,0.212,0.788,101.0,110.1,211.1,1,2025_NBA,,,,,,,,,,,,,,,,,,,,,,,,,home,10.5,-108.0,0.03943992516012185,0.04240852167755026,0.5385699094093895,4.380551150363043,0.010602130419387564,spread,nba,0.5385699094093895,0.46143009059061046,1.8567691631651446,2.167175527543172,1.8846207006126217,2.1996831604563196,-113,+119,0.5181347150259068,0.5291005291005292,0.4947643979057591,0.5052356020942408,0.03943992516012185,0.043805511503630434,0.04240852167755026,3.9439925160121847,4.380551150363043,-0.12789712878374626,-0.04380551150363032,0.0,-12.789712878374626,-4.380551150363033,,,,,,,,,,,,,,,,,,,,
Basketball,NBA,2026_04_28,f61ea629819d5176316c94a379c02ad2,2026-04-28T09:49:34Z,09:40 PM,San Antonio Spurs,Portland Trail Blazers,-12.5,12.5,215.5,-667,490,-110,-110,-105,-115,1.15,5.9,1.91,1.91,1.95,1.87,0.816,0.184,112.4,103.2,215.6,1,2025_NBA,,,,,,,,,,,,,,,,,,,,,,,,,away,12.5,-110.0,0.12742029351148632,0.14002230056207288,0.5902724049798358,9.02724049798358,0.03500557514051822,spread,nba,0.4097275950201642,0.5902724049798358,2.440645961253321,1.6941330673151844,2.4772556506721206,1.719545063324912,+147,-138,0.5235602094240838,0.5235602094240838,0.5,0.5,-0.2174202935114864,-0.0902724049798358,0.0,-21.742029351148638,-9.02724049798358,0.12742029351148632,0.0902724049798358,0.14002230056207288,12.74202935114863,9.02724049798358,,,,,,,,,,,,,,,,,,,,
Basketball,NBA,2026_04_29,6fa2ebdc614d327bc9a4558541adcd30,2026-04-29T09:42:10Z,07:40 PM,Cleveland Cavaliers,Toronto Raptors,-8.5,8.5,215.5,-370,295,-115,-105,-115,-105,1.27,3.95,1.87,1.95,1.87,1.95,0.752,0.248,111.8,104.5,216.3,1,2025_NBA,,,,,,,,,,,,,,,,,,,,,,,,,away,8.5,-105.0,0.03949355311963876,0.041572161178567116,0.5330736169844301,4.35448211729117,0.010393040294641779,spread,nba,0.4669263830155699,0.5330736169844301,2.1416652311262836,1.8759135101394593,2.173790209593178,1.904052212791551,+117,-110,0.53475935828877,0.5128205128205129,0.5104712041884817,0.4895287958115184,-0.1268476637608843,-0.04354482117291181,0.0,-12.68476637608843,-4.35448211729118,0.03949355311963876,0.043544821172911696,0.041572161178567116,3.949355311963876,4.35448211729117,,,,,,,,,,,,,,,,,,,,
Basketball,NBA,2026_04_29,912bee9cc9d36b6017819f012c0c56f1,2026-04-29T09:42:10Z,07:10 PM,Detroit Pistons,Orlando Magic,-10.5,10.5,211.5,-417,320,-105,-115,-108,-112,1.24,4.2,1.95,1.87,1.93,1.89,0.766,0.234,110.3,102.6,212.9,1,2025_NBA,,,,,,,,,,,,,,,,,,,,,,,,,away,10.5,-115.0,0.07857886932301605,0.0903205394517427,0.5767801440230033,6.630893983452157,0.022580134862935676,spread,nba,0.42321985597699674,0.5767801440230033,2.3628380991045774,1.7337628737096709,2.398280670591146,1.7597693168153157,+139,-131,0.5128205128205129,0.53475935828877,0.4895287958115184,0.5104712041884817,-0.17472128084485639,-0.06630893983452169,0.0,-17.47212808448564,-6.630893983452168,0.07857886932301605,0.06630893983452157,0.0903205394517427,7.857886932301605,6.630893983452157,,,,,,,,,,,,,,,,,,,,
Basketball,NBA,2026_04_29,0d0aa62d4305ee094389473b308ce0bd,2026-04-29T09:42:10Z,10:10 PM,Los Angeles Lakers,Houston Rockets,-4.5,4.5,207.5,-179,150,-105,-115,-115,-105,1.56,2.5,1.95,1.87,1.87,1.95,0.576,0.424,105.6,103.1,208.7,1,2025_NBA,,,,,,,,,,,,,,,,,,,,,,,,,away,4.5,-115.0,0.03786962181076836,0.043528300931917716,0.5550104929469349,4.4539288758453255,0.010882075232979429,spread,nba,0.44498950705306506,0.5550104929469349,2.2472440004765097,1.8017677372013414,2.280952660483657,1.8287942532593613,+128,-120,0.5128205128205129,0.53475935828877,0.4895287958115184,0.5104712041884817,-0.1322704612465232,-0.044539288758453366,0.0,-13.22704612465232,-4.453928875845337,0.03786962181076836,0.044539288758453255,0.043528300931917716,3.786962181076836,4.4539288758453255,,,,,,,,,,,,,,,,,,,,
Basketball,NBA,2026_05_01,88e10294c54deffd6e9e6efcba249d2c,2026-05-01T10:53:27Z,07:10 PM,Orlando Magic,Detroit Pistons,3.5,-3.5,209.5,136,-161,-110,-110,-110,-110,2.36,1.62,1.91,1.91,1.91,1.91,0.352,0.648,102.6,107.8,210.4,1,2025_NBA,,,,,,,,,,,,,,,,,,,,,,,,,away,-3.5,-110.0,0.04438843662078007,0.048778501781077004,0.5468002285972671,4.680022859726707,0.012194625445269251,spread,nba,0.45319977140273293,0.5468002285972671,2.206532445735408,1.8288214739144277,2.2396304324214387,1.856253796023144,+123,-116,0.5235602094240838,0.5235602094240838,0.5,0.5,-0.13438843662078015,-0.04680022859726707,0.0,-13.438843662078014,-4.680022859726707,0.04438843662078007,0.04680022859726707,0.048778501781077004,4.438843662078007,4.680022859726707,,,,,,,,,,,,,,,,,,,,
Basketball,NBA,2026_05_01,d1938a9c13602a661e894f996f2680e8,2026-05-01T10:53:27Z,07:40 PM,Toronto Raptors,Cleveland Cavaliers,3.5,-3.5,218.5,145,-175,-105,-115,-112,-108,2.45,1.57,1.95,1.87,1.89,1.93,0.345,0.655,105.9,111.4,217.3,1,2025_NBA,,,,,,,,,,,,,,,,,,,,,,,,,away,-3.5,-115.0,0.03786962181076836,0.043528300931917716,0.5550104929469349,4.4539288758453255,0.010882075232979429,spread,nba,0.44498950705306506,0.5550104929469349,2.2472440004765097,1.8017677372013414,2.280952660483657,1.8287942532593613,+128,-120,0.5128205128205129,0.53475935828877,0.4895287958115184,0.5104712041884817,-0.1322704612465232,-0.044539288758453366,0.0,-13.22704612465232,-4.453928875845337,0.03786962181076836,0.044539288758453255,0.043528300931917716,3.786962181076836,4.4539288758453255,,,,,,,,,,,,,,,,,,,,
Basketball,NBA,2026_05_05,689b4554b0b10e67f46872eb2e74b98d,2026-05-05T09:09:39Z,08:40 PM,Oklahoma City Thunder,Los Angeles Lakers,-15.5,15.5,213.5,-1000,675,-110,-110,-110,-110,1.1,7.75,1.91,1.91,1.91,1.91,0.85,0.15,110.8,100.6,211.4,1,2025_NBA,,,,,,,,,,,,,,,,,,,,,,,,,away,15.5,-110.0,0.2281921473437507,0.25076060147664914,0.6430325378763093,14.303253787630933,0.05,spread,nba,0.3569674621236907,0.6430325378763093,2.8013757726005175,1.5551312586803425,2.843396409189525,1.5784582275605474,+184,-172,0.5235602094240838,0.5235602094240838,0.5,0.5,-0.3181921473437508,-0.14303253787630932,0.0,-31.81921473437508,-14.303253787630933,0.2281921473437507,0.14303253787630932,0.25076060147664914,22.81921473437507,14.303253787630933,,,,,,,,,,,,,,,,,,,,
Basketball,NBA,2026_05_06,246001ab42d44857430f7fe63f423461,2026-05-06T09:08:40Z,09:40 PM,San Antonio Spurs,Minnesota Timberwolves,-9.5,9.5,215.5,-417,330,-115,-105,-110,-110,1.24,4.3,1.87,1.95,1.91,1.91,0.786,0.214,113.1,104.9,218.0,1,2025_NBA,,,,,,,,,,,,,,,,,,,,,,,,,away,9.5,-105.0,0.04485410457393568,0.0472148469199323,0.5358226177302234,4.629382191870501,0.011803711729983075,spread,nba,0.46417738226977656,0.5358226177302234,2.154348829126722,1.8662892660934316,2.1866640615636226,1.8942836050848328,+118,-111,0.53475935828877,0.5128205128205129,0.5104712041884817,0.4895287958115184,-0.1319882951555178,-0.046293821918705125,0.0,-13.198829515551779,-4.629382191870512,0.04485410457393568,0.046293821918705014,0.0472148469199323,4.485410457393568,4.629382191870501,,,,,,,,,,,,,,,,,,,,
Basketball,NBA,2026_05_07,a306b74e13d87d2f8d64b1e01c2cf958,2026-05-07T09:10:24Z,09:40 PM,Oklahoma City Thunder,Los Angeles Lakers,-15.5,15.5,209.5,-909,600,-110,-110,-105,-115,1.11,7.0,1.91,1.91,1.95,1.87,0.849,0.151,110.9,100.6,211.5,1,2025_NBA,,,,,,,,,,,,,,,,,,,,,,,,,away,15.5,-110.0,0.2232581428900211,0.24533861856046277,0.6404492894712153,14.044928947121527,0.05,spread,nba,0.35955071052878473,0.6404492894712153,2.7812488495136556,1.5614038713754317,2.8229675822563602,1.584824929446063,+182,-170,0.5235602094240838,0.5235602094240838,0.5,0.5,-0.3132581428900212,-0.14044928947121527,0.0,-31.325814289002118,-14.044928947121527,0.2232581428900211,0.14044928947121527,0.24533861856046277,22.32581428900211,14.044928947121527,,,,,,,,,,,,,,,,,,,,
Basketball,NBA,2026_05_08,1b5c084f510006e8f30cd6cac40e231d,2026-05-08T09:09:54Z,09:40 PM,Minnesota Timberwolves,San Antonio Spurs,4.5,-4.5,215.5,164,-196,-115,-105,-115,-105,2.64,1.51,1.87,1.95,1.87,1.95,0.323,0.677,105.8,111.8,217.6,1,2025_NBA,,,,,,,,,,,,,,,,,,,,,,,,,away,-4.5,-105.0,0.05556495539987316,0.058489426736708476,0.5413153617435247,5.178656593200626,0.014622356684177119,spread,nba,0.4586846382564753,0.5413153617435247,2.1801471350798676,1.8473519701696552,2.2128493421060655,1.8750622497221998,+121,-114,0.53475935828877,0.5128205128205129,0.5104712041884817,0.4895287958115184,-0.1422597264603911,-0.05178656593200637,0.0,-14.225972646039109,-5.178656593200637,0.05556495539987316,0.05178656593200626,0.058489426736708476,5.556495539987316,5.178656593200626,,,,,,,,,,,,,,,,,,,,
Basketball,NBA,2026_05_10,878243c543236baba132ad43ae333aae,2026-05-10T09:09:38Z,03:40 PM,Philadelphia 76ers,New York Knicks,1.5,-1.5,212.5,102,-122,-110,-110,-110,-110,2.02,1.82,1.91,1.91,1.91,1.91,0.437,0.563,104.1,107.0,211.1,1,2025_NBA,,,,,,,,,,,,,,,,,,,,,,,,,away,-1.5,-110.0,0.028668526971934005,0.03150387579333401,0.5385699094093895,3.8569909409389536,0.007875968948333503,spread,nba,0.46143009059061046,0.5385699094093895,2.167175527543172,1.8567691631651446,2.1996831604563196,1.8846207006126217,+119,-113,0.5235602094240838,0.5235602094240838,0.5,0.5,-0.11866852697193409,-0.038569909409389536,0.0,-11.866852697193409,-3.8569909409389536,0.028668526971934005,0.038569909409389536,0.03150387579333401,2.8668526971934005,3.8569909409389536,,,,,,,,,,,,,,,,,,,,
Basketball,NBA,2026_05_11,0db68bfa022e22873f48b8539addd5ae,2026-05-11T09:09:20Z,10:40 PM,Los Angeles Lakers,Oklahoma City Thunder,10.5,-10.5,214.5,390,-526,-105,-115,-112,-108,4.9,1.19,1.95,1.87,1.89,1.93,0.216,0.784,101.1,110.1,211.2,1,2025_NBA,,,,,,,,,,,,,,,,,,,,,,,,,home,10.5,-105.0,0.05556495539987316,0.058489426736708476,0.5413153617435247,5.178656593200626,0.014622356684177119,spread,nba,0.5413153617435247,0.4586846382564753,1.8473519701696552,2.1801471350798676,1.8750622497221998,2.2128493421060655,-114,+121,0.5128205128205129,0.53475935828877,0.4895287958115184,0.5104712041884817,0.05556495539987316,0.05178656593200626,0.058489426736708476,5.556495539987316,5.178656593200626,-0.1422597264603911,-0.05178656593200637,0.0,-14.225972646039109,-5.178656593200637,,,,,,,,,,,,,,,,,,,,
Basketball,NBA,2026_05_12,09800f9101b348d4a66742a3d8888b82,2026-05-12T09:09:42Z,08:10 PM,San Antonio Spurs,Minnesota Timberwolves,-10.5,10.5,218.5,-417,320,-105,-115,-108,-112,1.24,4.2,1.95,1.87,1.93,1.89,0.761,0.239,112.5,104.8,217.3,1,2025_NBA,,,,,,,,,,,,,,,,,,,,,,,,,away,10.5,-115.0,0.07857886932301605,0.0903205394517427,0.5767801440230033,6.630893983452157,0.022580134862935676,spread,nba,0.42321985597699674,0.5767801440230033,2.3628380991045774,1.7337628737096709,2.398280670591146,1.7597693168153157,+139,-131,0.5128205128205129,0.53475935828877,0.4895287958115184,0.5104712041884817,-0.17472128084485639,-0.06630893983452169,0.0,-17.47212808448564,-6.630893983452168,0.07857886932301605,0.06630893983452157,0.0903205394517427,7.857886932301605,6.630893983452157,,,,,,,,,,,,,,,,,,,,
Basketball,NBA,2026_05_13,c3531530e77a4ada542bdbff23de5409,2026-05-13T13:58:22Z,08:10 PM,Detroit Pistons,Cleveland Cavaliers,-4.5,4.5,212.5,-175,145,-105,-115,-112,-108,1.57,2.45,1.95,1.87,1.89,1.93,0.57,0.43,108.2,105.9,214.1,1,2025_NBA,,,,,,,,,,,,,,,,,,,,,,,,,away,4.5,-115.0,0.04808103728894153,0.055265560102231576,0.5604711429352628,4.99999387467811,0.013816390025557894,spread,nba,0.4395288570647372,0.5604711429352628,2.2751634708997326,1.7842131795811385,2.3092909229632284,1.8109763772748553,+130,-123,0.5128205128205129,0.53475935828877,0.4895287958115184,0.5104712041884817,-0.14291872872376243,-0.049999938746781214,0.0,-14.291872872376244,-4.999993874678122,0.04808103728894153,0.0499999387467811,0.055265560102231576,4.808103728894153,4.99999387467811,,,,,,,,,,,,,,,,,,,,
Basketball,NBA,2026_05_15,745d265e0d83dac45060b44665d8cbe5,2026-05-15T14:51:02Z,07:10 PM,Cleveland Cavaliers,Detroit Pistons,-3.5,3.5,211.5,-175,145,-118,-102,-105,-115,1.57,2.45,1.85,1.98,1.95,1.87,0.588,0.412,106.6,103.8,210.4,1,2025_NBA,,,,,,,,,,,,,,,,,,,,,,,,,away,3.5,-102.0,0.0282289550990531,0.02880505622352357,0.5193075530803298,3.6278832453697953,0.0072012640558808926,spread,nba,0.48069244691967017,0.5193075530803298,2.080332250710635,1.9256411620982403,2.1115372344712946,1.9545257795297137,+111,-104,0.5405405405405405,0.5050505050505051,0.5169712793733681,0.4830287206266319,-0.11071897319861013,-0.036278832453697896,0.0,-11.071897319861012,-3.6278832453697896,0.0282289550990531,0.03627883245369795,0.02880505622352357,2.82289550990531,3.6278832453697953,,,,,,,,,,,,,,,,,,,,
Basketball,NBA,2026_05_17,465746f51ad349641512f36c52306968,2026-05-17T09:10:02Z,08:10 PM,Detroit Pistons,Cleveland Cavaliers,-4.5,4.5,206.5,-179,150,-110,-110,-105,-115,1.56,2.5,1.91,1.91,1.95,1.87,0.57,0.43,105.1,102.8,207.9,1,2025_NBA,,,,,,,,,,,,,,,,,,,,,,,,,away,4.5,-110.0,0.0704998830063519,0.07747239890807903,0.5604711429352628,6.047114293526279,0.019368099727019757,spread,nba,0.4395288570647372,0.5604711429352628,2.2751634708997326,1.7842131795811385,2.3092909229632284,1.8109763772748553,+130,-123,0.5235602094240838,0.5235602094240838,0.5,0.5,-0.16049988300635198,-0.06047114293526279,0.0,-16.0499883006352,-6.047114293526279,0.0704998830063519,0.06047114293526279,0.07747239890807903,7.04998830063519,6.047114293526279,,,,,,,,,,,,,,,,,,,,
Basketball,NBA,2026_05_18,924fe1c270c7ccb9e7a9cfa3002bdf05,2026-05-18T16:12:41Z,08:40 PM,Oklahoma City Thunder,San Antonio Spurs,-6.5,6.5,221.5,-244,200,-110,-110,-105,-115,1.41,3.0,1.91,1.91,1.95,1.87,0.694,0.306,111.4,106.1,217.5,1,2025_NBA,,,,,,,,,,,,,,,,,,,,,,,,,away,6.5,-110.0,0.01817060844026086,0.019967701582704243,0.5330736169844298,3.307361698442979,0.004991925395676061,spread,nba,0.4669263830155702,0.5330736169844298,2.141665231126282,1.8759135101394604,2.173790209593176,1.904052212791552,+117,-110,0.5235602094240838,0.5235602094240838,0.5,0.5,-0.10817060844026094,-0.03307361698442979,0.0,-10.817060844026095,-3.307361698442979,0.01817060844026086,0.03307361698442979,0.019967701582704243,1.817060844026086,3.307361698442979,,,,,,,,,,,,,,,,,,,,
Basketball,NBA,2026_05_19,7e2d40a6d3b163e318b7abbe026c40c1,2026-05-19T09:09:52Z,08:10 PM,New York Knicks,Cleveland Cavaliers,-7.5,7.5,217.5,-263,215,-105,-115,-110,-110,1.38,3.15,1.95,1.87,1.91,1.91,0.569,0.431,108.5,106.4,214.9,1,2025_NBA,,,,,,,,,,,,,,,,,,,,,,,,,away,7.5,-115.0,0.20728928802095514,0.2382635494493737,0.645609244930992,13.513804074251034,0.05,spread,nba,0.35439075506900797,0.645609244930992,2.821744037327602,1.5489245357799797,2.864070197887516,1.5721584038166792,+186,-174,0.5128205128205129,0.53475935828877,0.4895287958115184,0.5104712041884817,-0.30893802761543443,-0.13513804074251046,0.0,-30.893802761543444,-13.513804074251045,0.20728928802095514,0.13513804074251035,0.2382635494493737,20.728928802095513,13.513804074251034,,,,,,,,,,,,,,,,,,,,
Basketball,NBA,2026_05_20,51176769d0f89d3e39adc8e90922f84d,2026-05-20T09:09:07Z,08:40 PM,Oklahoma City Thunder,San Antonio Spurs,-6.5,6.5,216.5,-238,195,-110,-110,-110,-110,1.42,2.95,1.91,1.91,1.91,1.91,0.681,0.319,111.3,106.2,217.5,1,2025_NBA,,,,,,,,,,,,,,,,,,,,,,,,,away,6.5,-110.0,0.028668526971934005,0.03150387579333401,0.5385699094093895,3.8569909409389536,0.007875968948333503,spread,nba,0.46143009059061046,0.5385699094093895,2.167175527543172,1.8567691631651446,2.1996831604563196,1.8846207006126217,+119,-113,0.5235602094240838,0.5235602094240838,0.5,0.5,-0.11866852697193409,-0.038569909409389536,0.0,-11.866852697193409,-3.8569909409389536,0.028668526971934005,0.038569909409389536,0.03150387579333401,2.8668526971934005,3.8569909409389536,,,,,,,,,,,,,,,,,,,,
Basketball,NBA,2026_05_21,dc45982e3723fb38d8477a1a75395594,2026-05-21T09:10:07Z,08:10 PM,New York Knicks,Cleveland Cavaliers,-6.5,6.5,216.5,-217,180,-105,-115,-110,-110,1.46,2.8,1.95,1.87,1.91,1.91,0.644,0.356,109.5,105.4,214.9,1,2025_NBA,,,,,,,,,,,,,,,,,,,,,,,,,away,6.5,-115.0,0.05827098176744894,0.0669781399625849,0.5659203111055876,5.544910691710592,0.016744534990646227,spread,nba,0.4340796888944124,0.5659203111055876,2.3037244671524926,1.767033238383669,2.3382803341597795,1.793538736959424,+133,-126,0.5128205128205129,0.53475935828877,0.4895287958115184,0.5104712041884817,-0.15354460665589587,-0.05544910691710603,0.0,-15.354460665589587,-5.544910691710603,0.05827098176744894,0.05544910691710592,0.0669781399625849,5.827098176744894,5.544910691710592,,,,,,,,,,,,,,,,,,,,
Basketball,NBA,2026_05_22,7b814a0bc57622abcbc708d9e9a27fca,2026-05-22T14:34:58Z,08:40 PM,San Antonio Spurs,Oklahoma City Thunder,-1.5,1.5,217.5,-125,105,-115,-105,-110,-110,1.8,2.05,1.87,1.95,1.91,1.91,0.481,0.519,107.2,108.5,215.7,1,2025_NBA,,,,,,,,,,,,,,,,,,,,,,,,,away,1.5,-105.0,0.12472128084485634,0.13128555878405931,0.5767801440230033,8.725134821148483,0.03282138969601483,spread,nba,0.42321985597699674,0.5767801440230033,2.3628380991045774,1.7337628737096709,2.398280670591146,1.7597693168153157,+139,-131,0.53475935828877,0.5128205128205129,0.5104712041884817,0.4895287958115184,-0.20857886932301606,-0.08725134821148495,0.0,-20.857886932301607,-8.725134821148494,0.12472128084485634,0.08725134821148484,0.13128555878405931,12.472128084485634,8.725134821148483,,,,,,,,,,,,,,,,,,,,
Basketball,NBA,2026_05_23,4247d31ac7706ebe455b8f221c9e4184,2026-05-23T09:09:40Z,08:10 PM,Cleveland Cavaliers,New York Knicks,-2.5,2.5,214.5,-130,110,-108,-112,-108,-112,1.77,2.1,1.93,1.89,1.93,1.89,0.454,0.546,106.2,108.4,214.6,1,2025_NBA,,,,,,,,,,,,,,,,,,,,,,,,,away,2.5,-112.0,0.18585916706014038,0.2088305247866745,0.627438712730233,12.22031106359922,0.05,spread,nba,0.372561287269767,0.627438712730233,2.684122140891983,1.593781160949738,2.7243839730053625,1.617687878363984,+172,-161,0.5181347150259068,0.5291005291005292,0.4947643979057591,0.5052356020942408,-0.28095671556934976,-0.1222031106359921,0.0,-28.095671556934974,-12.22031106359921,0.18585916706014038,0.12220311063599221,0.2088305247866745,18.58591670601404,12.22031106359922,,,,,,,,,,,,,,,,,,,,
Basketball,NBA,2026_05_24,74cd3b630383a2e3eff3afd92006ebb3,2026-05-24T09:09:38Z,08:10 PM,San Antonio Spurs,Oklahoma City Thunder,-2.5,2.5,218.5,-135,114,-110,-110,-110,-110,1.74,2.14,1.91,1.91,1.91,1.91,0.496,0.504,107.6,108.1,215.7,1,2025_NBA,,,,,,,,,,,,,,,,,,,,,,,,,away,2.5,-110.0,0.11198060440353785,0.12305560923465687,0.5821887981170355,8.21887981170355,0.03076390230866422,spread,nba,0.4178112018829645,0.5821887981170355,2.3934255364462818,1.7176558587768864,2.4293269194929756,1.7434206966585395,+142,-134,0.5235602094240838,0.5235602094240838,0.5,0.5,-0.20198060440353782,-0.0821887981170355,0.0,-20.198060440353782,-8.21887981170355,0.11198060440353785,0.0821887981170355,0.12305560923465687,11.198060440353785,8.21887981170355,,,,,,,,,,,,,,,,,,,,
Basketball,NBA,2026_05_25,a752ca36635e2ccb1bb5a9f387282e1c,2026-05-25T12:31:46Z,08:10 PM,Cleveland Cavaliers,New York Knicks,2.5,-2.5,217.5,120,-143,-105,-115,-110,-110,2.2,1.7,1.95,1.87,1.91,1.91,0.474,0.526,106.5,108.0,214.5,1,2025_NBA,,,,,,,,,,,,,,,,,,,,,,,,,home,2.5,-105.0,0.02876347069152385,0.03027733757002499,0.5275710106110378,3.8042214799519414,0.007569334392506248,spread,nba,0.5275710106110378,0.47242898938896216,1.8954794328858031,2.1167202319514646,1.92391162437909,2.1484710354307364,-108,+114,0.5128205128205129,0.53475935828877,0.4895287958115184,0.5104712041884817,0.02876347069152385,0.038042214799519414,0.03027733757002499,2.876347069152385,3.8042214799519414,-0.11655778984264076,-0.038042214799519525,0.0,-11.655778984264076,-3.8042214799519525,,,,,,,,,,,,,,,,,,,,
Basketball,NBA,2026_05_28,78fd894a8789f5fd7f2318cc85b2fc44,2026-05-28T09:10:15Z,08:40 PM,San Antonio Spurs,Oklahoma City Thunder,-3.5,3.5,219.5,-161,136,-110,-110,-108,-112,1.62,2.36,1.91,1.91,1.93,1.89,0.506,0.494,108.1,108.1,216.2,1,2025_NBA,,,,,,,,,,,,,,,,,,,,,,,,,away,3.5,-110.0,0.13767328052680416,0.15128931926022424,0.595640461008798,9.564046100879796,0.03782232981505606,spread,nba,0.404359538991202,0.595640461008798,2.473046641844544,1.678865129991949,2.510142341472212,1.704048106941828,+151,-142,0.5235602094240838,0.5235602094240838,0.5,0.5,-0.22767328052680413,-0.09564046100879797,0.0,-22.767328052680412,-9.564046100879796,0.13767328052680416,0.09564046100879797,0.15128931926022424,13.767328052680416,9.564046100879796,,,,,,,,,,,,,,,,,,,,
Basketball,NBA,2026_06_05,2852e944f8ef0bc3eba79f883b9101ba,2026-06-05T09:09:09Z,08:40 PM,San Antonio Spurs,New York Knicks,-6.5,6.5,214.5,-217,180,-102,-118,-112,-108,1.46,2.8,1.98,1.85,1.89,1.93,0.635,0.365,110.1,106.1,216.2,1,2025_NBA,,,,,,,,,,,,,,,,,,,,,,,,,away,6.5,-118.0,0.05198450255953069,0.06115823830533028,0.5686402716538004,5.166899228043231,0.01528955957633257,spread,nba,0.4313597283461996,0.5686402716538004,2.3182507181046406,1.758581039453393,2.35302447887621,1.7849597550451937,+135,-127,0.5050505050505051,0.5405405405405405,0.4830287206266319,0.5169712793733681,-0.1459077378745247,-0.05166899228043226,0.0,-14.590773787452472,-5.166899228043226,0.05198450255953069,0.05166899228043231,0.06115823830533028,5.198450255953069,5.166899228043231,,,,,,,,,,,,,,,,,,,,
Basketball,NBA,2026_06_08,70505016,2026-06-08T22:55:39.71Z,08:30 PM,New York Knicks,San Antonio Spurs,-1.5,1.5,215.5,-123,106,-118,-104,-112,-108,1.81,2.06,1.85,1.96,1.89,1.93,0.517,0.483,106.9,106.4,213.3,1,2025_NBA,,,,,,,,,,,,,,,,,,,,,,,,,away,1.5,-104.0,0.03403918079763413,0.035457479997535554,0.5275710106110378,4.200670614909551,0.008864369999383889,spread,nba,0.47242898938896216,0.5275710106110378,2.1167202319514646,1.8954794328858031,2.1484710354307364,1.92391162437909,+114,-108,0.5405405405405405,0.5102040816326531,0.5144356955380577,0.4855643044619423,-0.12600636963042,-0.04200670614909552,0.0,-12.600636963042,-4.200670614909551,0.03403918079763413,0.04200670614909552,0.035457479997535554,3.4039180797634128,4.200670614909551,,,,,,,,,,,,,,,,,,,,
Basketball,NBA,2025_10_21,NBA_2025_10_21_Oklahoma_City_Thunder_Houston_Rockets,2026_04_17,07:43 PM,Oklahoma City Thunder,Houston Rockets,-6.5,6.5,226.5,-300,245,-110,-110,-110,-110,1.333333,3.45,1.909091,1.909091,1.909091,1.909091,0.689,0.311,117.1,111.7,228.8,1,2025_NBA,,,,,,,,,,,,,,,,,,,,,,,,,over,226.5,-110.0,0.04765178259405167,0.052416955611761275,0.5487699552268863,4.876995522688632,0.013104238902940319,total,nba,,,,,,,,,,,,,,,,,,,,,,,0.5487699552268863,0.4512300447731136,1.8222571962536738,2.2161644854628806,1.8222571962536738,2.2161644854628806,0.5238094988662143,0.5238094988662143,0.5,0.5,0.04765178259405167,0.04876995522688632,0.052416955611761275,4.765178259405167,4.876995522688632,-0.1385607825940517,-0.048769955226886375,0.0,-13.85607825940517,-4.876995522688637
Basketball,NBA,2025_10_22,NBA_2025_10_22_Atlanta_Hawks_Toronto_Raptors,2026_04_17,07:40 PM,Atlanta Hawks,Toronto Raptors,-6.0,6.0,235.0,-215,183,-110,-110,-110,-110,1.465116,2.83,1.909091,1.909091,1.909091,1.909091,0.681,0.319,118.5,113.3,231.8,1,2025_NBA,,,,,,,,,,,,,,,,,,,,,,,,,under,235.0,-110.0,0.08378249144771499,0.09216073137641334,0.5676955637252048,6.76955637252048,0.023040182844103335,total,nba,,,,,,,,,,,,,,,,,,,,,,,0.4323044362747952,0.5676955637252048,2.3131846821121864,1.761507511945353,2.3131846821121864,1.761507511945353,0.5238094988662143,0.5238094988662143,0.5,0.5,-0.1746914914477149,-0.0676955637252048,0.0,-17.46914914477149,-6.76955637252048,0.08378249144771499,0.0676955637252048,0.09216073137641334,8.378249144771498,6.76955637252048
Basketball,NBA,2025_10_22,NBA_2025_10_22_Boston_Celtics_Philadelphia_76ers,2026_04_17,07:40 PM,Boston Celtics,Philadelphia 76ers,-2.5,2.5,225.5,-140,120,-115,-105,-105,-115,1.714286,2.2,1.869565,1.952381,1.952381,1.869565,0.582,0.418,111.5,108.9,220.4,1,2025_NBA,,,,,,,,,,,,,,,,,,,,,,,,,under,225.5,-115.0,0.13500010128990314,0.1552501552959276,0.6070931480263608,9.625887668919386,0.0388125388239819,total,nba,,,,,,,,,,,,,,,,,,,,,,,0.39290685197363917,0.6070931480263608,2.5451325039938264,1.6471936855999214,2.5451325039938264,1.6471936855999214,0.5121951094586559,0.5348837831260214,0.489165728662833,0.510834271337167,-0.2328961274368544,-0.0962588766891938,0.0,-23.28961274368544,-9.62588766891938,0.13500010128990314,0.09625887668919386,0.1552501552959276,13.500010128990315,9.625887668919386
Basketball,NBA,2025_10_22,NBA_2025_10_22_Charlotte_Hornets_Brooklyn_Nets,2026_04_17,07:10 PM,Charlotte Hornets,Brooklyn Nets,-4.5,4.5,225.5,-180,157,-110,-110,-115,-105,1.555556,2.57,1.909091,1.909091,1.869565,1.952381,0.544,0.456,107.4,106.0,213.4,1,2025_NBA,,,,,,,,,,,,,,,,,,,,,,,,,under,225.5,-105.0,0.44564591466378056,0.46792818700056027,0.7404527674996738,25.128703883684082,0.05,total,nba,,,,,,,,,,,,,,,,,,,,,,,0.2595472325003262,0.7404527674996738,3.852863274120032,1.3505250353466205,3.852863274120032,1.3505250353466205,0.5348837831260214,0.5121951094586559,0.510834271337167,0.489165728662833,-0.5147595782705277,-0.2512870388368408,0.0,-51.47595782705277,-25.12870388368408,0.44564591466378056,0.25128703883684084,0.46792818700056027,44.564591466378054,25.128703883684082
Basketball,NBA,2025_10_22,NBA_2025_10_22_Chicago_Bulls_Detroit_Pistons,2026_04_17,08:10 PM,Chicago Bulls,Detroit Pistons,2.0,-2.0,234.0,115,-135,-110,-110,-110,-110,2.15,1.740741,1.909091,1.909091,1.909091,1.909091,0.405,0.595,116.2,119.9,236.1,1,2025_NBA,,,,,,,,,,,,,,,,,,,,,,,,,over,234.0,-110.0,0.039590926470102206,0.04355001476211107,0.5445476022201677,4.454760222016773,0.010887503690527767,total,nba,,,,,,,,,,,,,,,,,,,,,,,0.5445476022201677,0.45545239777983226,1.836386747316329,2.195619135774985,1.836386747316329,2.195619135774985,0.5238094988662143,0.5238094988662143,0.5,0.5,0.039590926470102206,0.04454760222016774,0.04355001476211107,3.9590926470102206,4.454760222016773,-0.13049992647010222,-0.04454760222016774,0.0,-13.049992647010223,-4.454760222016773
Basketball,NBA,2025_10_22,NBA_2025_10_22_Dallas_Mavericks_San_Antonio_Spurs,2026_04_17,09:40 PM,Dallas Mavericks,San Antonio Spurs,-2.5,2.5,225.0,-145,125,-115,-105,-115,-105,1.689655,2.25,1.869565,1.952381,1.869565,1.952381,0.569,0.431,117.0,114.8,231.8,1,2025_NBA,,,,,,,,,,,,,,,,,,,,,,,,,over,225.0,-115.0,0.19923037504743157,0.22911498858329335,0.6414488798450075,13.061460850784057,0.05,total,nba,,,,,,,,,,,,,,,,,,,,,,,0.6414488798450075,0.3585511201549924,1.5589706856166445,2.7890025823032594,1.5589706856166445,2.7890025823032594,0.5348837831260214,0.5121951094586559,0.510834271337167,0.489165728662833,0.19923037504743157,0.13061460850784057,0.22911498858329335,19.923037504743156,13.061460850784057,-0.2999716054806758,-0.13061460850784057,0.0,-29.99716054806758,-13.061460850784057
Basketball,NBA,2025_10_22,NBA_2025_10_22_Memphis_Grizzlies_New_Orleans_Pelicans,2026_04_17,08:10 PM,Memphis Grizzlies,New Orleans Pelicans,-3.5,3.5,235.5,-160,140,-115,-105,-115,-105,1.625,2.4,1.869565,1.952381,1.869565,1.952381,0.697,0.303,119.8,114.2,234.0,1,2025_NBA,,,,,,,,,,,,,,,,,,,,,,,,,under,235.5,-105.0,0.038378159701179415,0.04029706567138511,0.5318522151676233,4.268648650479029,0.010074266417846277,total,nba,,,,,,,,,,,,,,,,,,,,,,,0.46814778483237673,0.5318522151676233,2.1360776071130108,1.8802215568188074,2.1360776071130108,1.8802215568188074,0.5348837831260214,0.5121951094586559,0.510834271337167,0.489165728662833,-0.12476728664985759,-0.04268648650479023,0.0,-12.476728664985758,-4.268648650479023,0.038378159701179415,0.04268648650479029,0.04029706567138511,3.8378159701179415,4.268648650479029
Basketball,NBA,2025_10_22,NBA_2025_10_22_Milwaukee_Bucks_Washington_Wizards,2026_04_17,08:10 PM,Milwaukee Bucks,Washington Wizards,-8.5,8.5,229.0,-385,306,-115,-105,-110,-110,1.25974,4.06,1.869565,1.952381,1.909091,1.909091,0.743,0.257,116.1,108.9,225.0,1,2025_NBA,,,,,,,,,,,,,,,,,,,,,,,,,under,229.0,-110.0,0.11565419521982712,0.1272196020198496,0.5843902649060873,8.439026490608725,0.0318049005049624,total,nba,,,,,,,,,,,,,,,,,,,,,,,0.41560973509391275,0.5843902649060873,2.406103407982097,1.7111852473461413,2.406103407982097,1.7111852473461413,0.5238094988662143,0.5238094988662143,0.5,0.5,-0.20656319521982702,-0.08439026490608725,0.0,-20.656319521982702,-8.439026490608725,0.11565419521982712,0.08439026490608725,0.1272196020198496,11.565419521982712,8.439026490608725
Basketball,NBA,2025_10_22,NBA_2025_10_22_New_York_Knicks_Cleveland_Cavaliers,2026_04_17,07:12 PM,New York Knicks,Cleveland Cavaliers,-4.0,4.0,229.5,-165,145,-110,-110,-110,-110,1.606061,2.45,1.909091,1.909091,1.909091,1.909091,0.497,0.503,115.3,115.7,231.0,1,2025_NBA,,,,,,,,,,,,,,,,,,,,,,,,,over,229.5,-110.0,0.015354277306573128,0.016889703348260104,0.5318522151676233,3.1852215167623266,0.004222425837065026,total,nba,,,,,,,,,,,,,,,,,,,,,,,0.5318522151676233,0.46814778483237673,1.8802215568188074,2.1360776071130108,1.8802215568188074,2.1360776071130108,0.5238094988662143,0.5238094988662143,0.5,0.5,0.015354277306573128,0.031852215167623266,0.016889703348260104,1.5354277306573128,3.1852215167623266,-0.10626327730657303,-0.031852215167623266,0.0,-10.626327730657303,-3.1852215167623266
Basketball,NBA,2025_10_22,NBA_2025_10_22_Orlando_Magic_Miami_Heat,2026_04_17,07:10 PM,Orlando Magic,Miami Heat,-8.0,8.0,214.5,-380,303,-110,-110,-110,-110,1.263158,4.03,1.909091,1.909091,1.909091,1.909091,0.718,0.282,107.4,101.2,208.6,1,2025_NBA,,,,,,,,,,,,,,,,,,,,,,,,,under,214.5,-110.0,0.1900951107715092,0.20910460093820002,0.6233831235763561,12.338312357635605,0.05,total,nba,,,,,,,,,,,,,,,,,,,,,,,0.37661687642364394,0.6233831235763561,2.655218240605694,1.6041499395475909,2.655218240605694,1.6041499395475909,0.5238094988662143,0.5238094988662143,0.5,0.5,-0.2810041107715091,-0.12338312357635606,0.0,-28.10041107715091,-12.338312357635605,0.1900951107715092,0.12338312357635606,0.20910460093820002,19.00951107715092,12.338312357635605
Basketball,NBA,2025_10_22,NBA_2025_10_22_Portland_Trail_Blazers_Minnesota_Timberwolves,2026_04_17,10:10 PM,Portland Trail Blazers,Minnesota Timberwolves,3.0,-3.0,219.5,140,-160,-110,-110,-110,-110,2.4,1.625,1.909091,1.909091,1.909091,1.909091,0.286,0.714,108.7,115.6,224.3,1,2025_NBA,,,,,,,,,,,,,,,,,,,,,,,,,over,219.5,-110.0,0.14723768210656063,0.1619614341210734,0.6009339953446748,10.093399534467483,0.04049035853026835,total,nba,,,,,,,,,,,,,,,,,,,,,,,0.6009339953446748,0.3990660046553251,1.664076267521585,2.505851133232218,1.664076267521585,2.505851133232218,0.5238094988662143,0.5238094988662143,0.5,0.5,0.14723768210656063,0.10093399534467484,0.1619614341210734,14.723768210656063,10.093399534467483,-0.23814668210656076,-0.1009339953446749,0.0,-23.814668210656077,-10.09339953446749
Basketball,NBA,2025_10_22,NBA_2025_10_22_Utah_Jazz_Los_Angeles_Clippers,2026_04_17,09:10 PM,Utah Jazz,Los Angeles Clippers,8.5,-8.5,227.0,303,-380,-105,-115,-110,-110,4.03,1.263158,1.952381,1.869565,1.909091,1.909091,0.246,0.754,110.8,118.9,229.7,1,2025_NBA,,,,,,,,,,,,,,,,,,,,,,,,,over,227.0,-110.0,0.06374103289533517,0.07011512917335576,0.5571976573643347,5.719765736433469,0.01752878229333894,total,nba,,,,,,,,,,,,,,,,,,,,,,,0.5571976573643347,0.44280234263566526,1.794695269772339,2.2583439691121807,1.794695269772339,2.2583439691121807,0.5238094988662143,0.5238094988662143,0.5,0.5,0.06374103289533517,0.057197657364334686,0.07011512917335576,6.374103289533517,5.719765736433469,-0.1546500328953352,-0.05719765736433474,0.0,-15.465003289533518,-5.719765736433474
Basketball,NBA,2025_10_23,NBA_2025_10_23_Golden_State_Warriors_Denver_Nuggets,2026_04_17,10:10 PM,Golden State Warriors,Denver Nuggets,1.5,-1.5,233.5,-135,115,-110,-110,-105,-115,1.740741,2.15,1.909091,1.909091,1.952381,1.869565,0.445,0.555,115.8,118.3,234.1,1,2025_NBA,,,,,,,,,,,,,,,,,,,,,,,,,over,233.5,-105.0,0.0010878100559426063,0.0011422005016297116,0.5127522804493296,2.3586551786496655,0.0002855501254074279,total,nba,,,,,,,,,,,,,,,,,,,,,,,0.5127522804493296,0.4872477195506703,1.9502594881171287,2.0523441360016608,1.9502594881171287,2.0523441360016608,0.5121951094586559,0.5348837831260214,0.489165728662833,0.510834271337167,0.0010878100559426063,0.023586551786496657,0.0011422005016297116,0.10878100559426063,2.3586551786496655,-0.08905871719825109,-0.023586551786496657,0.0,-8.90587171982511,-2.3586551786496655
Basketball,NBA,2025_10_23,NBA_2025_10_23_Indiana_Pacers_Oklahoma_City_Thunder,2026_04_17,07:40 PM,Indiana Pacers,Oklahoma City Thunder,7.5,-7.5,228.5,245,-300,-110,-110,-110,-110,3.45,1.333333,1.909091,1.909091,1.909091,1.909091,0.276,0.724,112.4,119.7,232.1,1,2025_NBA,,,,,,,,,,,,,,,,,,,,,,,,,over,228.5,-110.0,0.09975091888479937,0.1097259998006792,0.5760599776987054,7.605997769870543,0.0274314999501698,total,nba,,,,,,,,,,,,,,,,,,,,,,,0.5760599776987054,0.4239400223012946,1.7359303522436798,2.3588242378524455,1.7359303522436798,2.3588242378524455,0.5238094988662143,0.5238094988662143,0.5,0.5,0.09975091888479937,0.07605997769870543,0.1097259998006792,9.975091888479938,7.605997769870543,-0.19065991888479916,-0.07605997769870543,0.0,-19.065991888479918,-7.605997769870543
Basketball,NBA,2025_10_24,NBA_2025_10_24_Brooklyn_Nets_Cleveland_Cavaliers,2026_04_17,07:40 PM,Brooklyn Nets,Cleveland Cavaliers,12.5,-12.5,228.5,637,-950,-110,-110,-105,-115,7.37,1.105263,1.909091,1.909091,1.952381,1.869565,0.21,0.79,107.5,116.7,224.2,1,2025_NBA,,,,,,,,,,,,,,,,,,,,,,,,,under,228.5,-115.0,0.10419014105853464,0.11981869217198776,0.5906133999398441,7.977912860267711,0.02995467304299694,total,nba,,,,,,,,,,,,,,,,,,,,,,,0.4093866000601559,0.5906133999398441,2.4426788757938303,1.6931549472156462,2.4426788757938303,1.6931549472156462,0.5121951094586559,0.5348837831260214,0.489165728662833,0.510834271337167,-0.20072138038795273,-0.07977912860267705,0.0,-20.072138038795273,-7.977912860267705,0.10419014105853464,0.07977912860267711,0.11981869217198776,10.419014105853464,7.977912860267711
Basketball,NBA,2025_10_24,NBA_2025_10_24_Houston_Rockets_Detroit_Pistons,2026_04_17,08:10 PM,Houston Rockets,Detroit Pistons,-5.5,5.5,227.0,-240,200,-110,-110,-110,-110,1.416667,3.0,1.909091,1.909091,1.909091,1.909091,0.696,0.304,117.2,111.7,228.9,1,2025_NBA,,,,,,,,,,,,,,,,,,,,,,,,,over,227.0,-110.0,0.03152045231118228,0.034672494075051095,0.5403202111953711,4.03202111953711,0.008668123518762774,total,nba,,,,,,,,,,,,,,,,,,,,,,,0.5403202111953711,0.45967978880462884,1.8507543846780443,2.175427383049499,1.8507543846780443,2.175427383049499,0.5238094988662143,0.5238094988662143,0.5,0.5,0.03152045231118228,0.0403202111953711,0.034672494075051095,3.152045231118228,4.03202111953711,-0.1224294523111823,-0.04032021119537116,0.0,-12.24294523111823,-4.032021119537116
Basketball,NBA,2025_10_24,NBA_2025_10_24_Los_Angeles_Clippers_Phoenix_Suns,2026_04_17,10:40 PM,Los Angeles Clippers,Phoenix Suns,-9.5,9.5,226.5,-480,370,-110,-110,-110,-110,1.208333,4.7,1.909091,1.909091,1.909091,1.909091,0.754,0.246,114.6,107.1,221.7,1,2025_NBA,,,,,,,,,,,,,,,,,,,,,,,,,under,226.5,-110.0,0.14723768210656063,0.1619614341210734,0.6009339953446748,10.093399534467483,0.04049035853026835,total,nba,,,,,,,,,,,,,,,,,,,,,,,0.39906600465532516,0.6009339953446748,2.5058511332322175,1.664076267521585,2.5058511332322175,1.664076267521585,0.5238094988662143,0.5238094988662143,0.5,0.5,-0.23814668210656065,-0.10093399534467484,0.0,-23.814668210656066,-10.093399534467483,0.14723768210656063,0.10093399534467484,0.1619614341210734,14.723768210656063,10.093399534467483
Basketball,NBA,2025_10_24,NBA_2025_10_24_Los_Angeles_Lakers_Minnesota_Timberwolves,2026_04_17,10:10 PM,Los Angeles Lakers,Minnesota Timberwolves,2.5,-2.5,225.0,120,-140,-115,-105,-110,-110,2.2,1.714286,1.869565,1.952381,1.909091,1.909091,0.389,0.611,109.5,113.7,223.2,1,2025_NBA,,,,,,,,,,,,,,,,,,,,,,,,,under,225.0,-110.0,0.027481891510435785,0.030230077638471537,0.5382047746861913,3.8204774686191323,0.007557519409617884,total,nba,,,,,,,,,,,,,,,,,,,,,,,0.4617952253138087,0.5382047746861913,2.165461973584632,1.8580288526482611,2.165461973584632,1.8580288526482611,0.5238094988662143,0.5238094988662143,0.5,0.5,-0.11839089151043558,-0.03820477468619132,0.0,-11.839089151043558,-3.8204774686191323,0.027481891510435785,0.03820477468619132,0.030230077638471537,2.7481891510435785,3.8204774686191323
Basketball,NBA,2025_10_24,NBA_2025_10_24_Memphis_Grizzlies_Miami_Heat,2026_04_17,08:10 PM,Memphis Grizzlies,Miami Heat,-4.0,4.0,231.5,-165,145,-110,-110,-115,-105,1.606061,2.45,1.909091,1.909091,1.869565,1.952381,0.66,0.34,116.3,111.7,228.0,1,2025_NBA,,,,,,,,,,,,,,,,,,,,,,,,,under,231.5,-105.0,0.12061189223126645,0.12664248051070576,0.573971930802065,8.480620213923201,0.03166062012767644,total,nba,,,,,,,,,,,,,,,,,,,,,,,0.426028069197935,0.573971930802065,2.3472631788855076,1.7422454763643336,2.3472631788855076,1.7422454763643336,0.5348837831260214,0.5121951094586559,0.510834271337167,0.489165728662833,-0.20351283280996268,-0.08480620213923196,0.0,-20.35128328099627,-8.480620213923196,0.12061189223126645,0.08480620213923201,0.12664248051070576,12.061189223126645,8.480620213923201
Basketball,NBA,2025_10_24,NBA_2025_10_24_New_York_Knicks_Boston_Celtics,2026_04_17,07:43 PM,New York Knicks,Boston Celtics,-6.0,6.0,228.5,-225,189,-110,-110,-105,-115,1.444444,2.89,1.909091,1.909091,1.952381,1.869565,0.678,0.322,114.8,109.6,224.4,1,2025_NBA,,,,,,,,,,,,,,,,,,,,,,,,,under,228.5,-115.0,0.09643832286562981,0.11090409902149917,0.5864670780987181,7.563280676155115,0.027726024755374792,total,nba,,,,,,,,,,,,,,,,,,,,,,,0.4135329219012819,0.5864670780987181,2.418187155214498,1.7051255515346646,2.418187155214498,1.7051255515346646,0.5121951094586559,0.5348837831260214,0.489165728662833,0.510834271337167,-0.19262618040545343,-0.0756328067615511,0.0,-19.26261804054534,-7.5632806761551095,0.09643832286562981,0.07563280676155115,0.11090409902149917,9.643832286562981,7.563280676155115
Basketball,NBA,2025_10_24,NBA_2025_10_24_Orlando_Magic_Atlanta_Hawks,2026_04_17,07:10 PM,Orlando Magic,Atlanta Hawks,-5.5,5.5,229.0,-200,174,-110,-110,-105,-115,1.5,2.74,1.909091,1.909091,1.952381,1.869565,0.587,0.413,112.3,109.7,222.0,1,2025_NBA,,,,,,,,,,,,,,,,,,,,,,,,,under,229.0,-115.0,0.20665930564033674,0.2376582609009525,0.6454224943451213,13.458822300795436,0.05,total,nba,,,,,,,,,,,,,,,,,,,,,,,0.35457750565487867,0.6454224943451213,2.8202578676080234,1.5493727113038587,2.8202578676080234,1.5493727113038587,0.5121951094586559,0.5348837831260214,0.489165728662833,0.510834271337167,-0.30772961493202233,-0.1345882230079543,0.0,-30.77296149320223,-13.45882230079543,0.20665930564033674,0.13458822300795437,0.2376582609009525,20.665930564033673,13.458822300795436
Basketball,NBA,2025_10_24,NBA_2025_10_24_Portland_Trail_Blazers_Golden_State_Warriors,2026_04_17,10:10 PM,Portland Trail Blazers,Golden State Warriors,2.5,-2.5,228.0,-125,105,-110,-110,-105,-115,1.8,2.05,1.909091,1.909091,1.952381,1.869565,0.449,0.551,110.8,113.3,224.1,1,2025_NBA,,,,,,,,,,,,,,,,,,,,,,,,,under,228.0,-115.0,0.08866843625987553,0.10196872719103867,0.582311091756572,7.147682041940506,0.025492181797759667,total,nba,,,,,,,,,,,,,,,,,,,,,,,0.41768890824342797,0.582311091756572,2.3941262989373007,1.7172951265335636,2.3941262989373007,1.7172951265335636,0.5121951094586559,0.5348837831260214,0.489165728662833,0.510834271337167,-0.18451211163478787,-0.07147682041940501,0.0,-18.45121116347879,-7.1476820419405005,0.08866843625987553,0.07147682041940506,0.10196872719103867,8.866843625987553,7.147682041940506
Basketball,NBA,2025_10_24,NBA_2025_10_24_Sacramento_Kings_Utah_Jazz,2026_04_17,10:10 PM,Sacramento Kings,Utah Jazz,-4.5,4.5,233.0,-245,203,-105,-115,-105,-115,1.408163,3.03,1.952381,1.869565,1.952381,1.869565,0.65,0.35,119.8,115.3,235.1,1,2025_NBA,,,,,,,,,,,,,,,,,,,,,,,,,over,233.0,-105.0,0.06316439217021319,0.06632260846259355,0.5445476022201677,5.538187355733476,0.016580652115648388,total,nba,,,,,,,,,,,,,,,,,,,,,,,0.5445476022201677,0.45545239777983226,1.836386747316329,2.195619135774985,1.836386747316329,2.195619135774985,0.5121951094586559,0.5348837831260214,0.489165728662833,0.510834271337167,0.06316439217021319,0.05538187355733476,0.06632260846259355,6.316439217021319,5.538187355733476,-0.14850213794474798,-0.055381873557334704,0.0,-14.850213794474797,-5.53818735573347
Basketball,NBA,2025_10_24,NBA_2025_10_24_Toronto_Raptors_Milwaukee_Bucks,2026_04_17,06:40 PM,Toronto Raptors,Milwaukee Bucks,1.5,-1.5,230.5,-120,100,-110,-110,-105,-115,1.833333,2.0,1.909091,1.909091,1.952381,1.869565,0.515,0.485,114.3,114.0,228.3,1,2025_NBA,,,,,,,,,,,,,,,,,,,,,,,,,under,230.5,-115.0,0.022015352345373662,0.025317661526595096,0.5466594380753671,3.582516673820013,0.006329415381648774,total,nba,,,,,,,,,,,,,,,,,,,,,,,0.4533405619246329,0.5466594380753671,2.205847179777062,1.8292924814775293,2.205847179777062,1.8292924814775293,0.5121951094586559,0.5348837831260214,0.489165728662833,0.510834271337167,-0.11490650036902328,-0.035825166738200076,0.0,-11.490650036902327,-3.582516673820008,0.022015352345373662,0.03582516673820013,0.025317661526595096,2.201535234537366,3.582516673820013
Basketball,NBA,2025_10_25,NBA_2025_10_25_Denver_Nuggets_Phoenix_Suns,2026_04_17,09:10 PM,Denver Nuggets,Phoenix Suns,-12.5,12.5,235.0,-910,618,-110,-110,-110,-110,1.10989,7.18,1.909091,1.909091,1.909091,1.909091,0.861,0.139,121.4,110.6,232.0,1,2025_NBA,,,,,,,,,,,,,,,,,,,,,,,,,under,235.0,-110.0,0.07577603507253672,0.08335363024442735,0.5635017058236285,6.350170582362846,0.020838407561106838,total,nba,,,,,,,,,,,,,,,,,,,,,,,0.43649829417637154,0.5635017058236285,2.2909596975330673,1.7746175205244046,2.2909596975330673,1.7746175205244046,0.5238094988662143,0.5238094988662143,0.5,0.5,-0.16668503507253662,-0.06350170582362846,0.0,-16.66850350725366,-6.350170582362846,0.07577603507253672,0.06350170582362846,0.08335363024442735,7.577603507253672,6.350170582362846
Basketball,NBA,2025_10_25,NBA_2025_10_25_Orlando_Magic_Chicago_Bulls,2026_04_17,07:10 PM,Orlando Magic,Chicago Bulls,-6.0,6.0,235.0,-235,195,-110,-110,-110,-110,1.425532,2.95,1.909091,1.909091,1.909091,1.909091,0.694,0.306,113.6,108.2,221.8,1,2025_NBA,,,,,,,,,,,,,,,,,,,,,,,,,under,235.0,-110.0,0.44915787999718826,0.49407361858954507,0.7590826628993527,25.908266289935266,0.05,total,nba,,,,,,,,,,,,,,,,,,,,,,,0.24091733710064733,0.7590826628993527,4.1508013164790745,1.3173795804800126,4.1508013164790745,1.3173795804800126,0.5238094988662143,0.5238094988662143,0.5,0.5,-0.540066879997188,-0.25908266289935267,0.0,-54.00668799971881,-25.908266289935266,0.44915787999718826,0.25908266289935267,0.49407361858954507,44.91578799971882,25.908266289935266
Basketball,NBA,2025_10_25,NBA_2025_10_25_Philadelphia_76ers_Charlotte_Hornets,2026_04_17,07:40 PM,Philadelphia 76ers,Charlotte Hornets,-6.5,6.5,232.5,-240,200,-110,-110,-110,-110,1.416667,3.0,1.909091,1.909091,1.909091,1.909091,0.735,0.265,116.3,109.3,225.6,1,2025_NBA,,,,,,,,,,,,,,,,,,,,,,,,,under,232.5,-110.0,0.22838099467567696,0.2512190690213377,0.6434376332378482,14.34376332378482,0.05,total,nba,,,,,,,,,,,,,,,,,,,,,,,0.3565623667621518,0.6434376332378482,2.8045584537727146,1.5541521793928825,2.8045584537727146,1.5541521793928825,0.5238094988662143,0.5238094988662143,0.5,0.5,-0.31928999467567687,-0.1434376332378482,0.0,-31.928999467567685,-14.34376332378482,0.22838099467567696,0.1434376332378482,0.2512190690213377,22.838099467567694,14.34376332378482
Basketball,NBA,2025_10_26,NBA_2025_10_26_Dallas_Mavericks_Toronto_Raptors,2026_04_17,07:40 PM,Dallas Mavericks,Toronto Raptors,-4.5,4.5,232.5,-125,105,-105,-115,-110,-110,1.8,2.05,1.952381,1.869565,1.909091,1.909091,0.553,0.447,115.5,113.7,229.2,1,2025_NBA,,,,,,,,,,,,,,,,,,,,,,,,,under,232.5,-110.0,0.08778032400350066,0.09655834674801604,0.5697896663928019,6.978966639280193,0.02413958668700401,total,nba,,,,,,,,,,,,,,,,,,,,,,,0.43021033360719807,0.5697896663928019,2.3244443981976644,1.755033583411145,2.3244443981976644,1.755033583411145,0.5238094988662143,0.5238094988662143,0.5,0.5,-0.17868932400350057,-0.06978966639280193,0.0,-17.868932400350058,-6.978966639280193,0.08778032400350066,0.06978966639280193,0.09655834674801604,8.778032400350067,6.978966639280193
Basketball,NBA,2025_10_26,NBA_2025_10_26_Los_Angeles_Clippers_Portland_Trail_Blazers,2026_04_17,09:10 PM,Los Angeles Clippers,Portland Trail Blazers,-8.5,8.5,225.0,-295,241,-110,-110,-110,-110,1.338983,3.41,1.909091,1.909091,1.909091,1.909091,0.774,0.226,113.9,106.1,220.0,1,2025_NBA,,,,,,,,,,,,,,,,,,,,,,,,,under,225.0,-110.0,0.1550821297808047,0.17059032569985247,0.6050429915498028,10.504299154980279,0.04264758142496312,total,nba,,,,,,,,,,,,,,,,,,,,,,,0.3949570084501972,0.6050429915498028,2.5319211423136365,1.6527751151013659,2.5319211423136365,1.6527751151013659,0.5238094988662143,0.5238094988662143,0.5,0.5,-0.2459911297808045,-0.10504299154980279,0.0,-24.599112978080452,-10.504299154980279,0.1550821297808047,0.10504299154980279,0.17059032569985247,15.508212978080472,10.504299154980279
Basketball,NBA,2025_10_26,NBA_2025_10_26_Miami_Heat_New_York_Knicks,2026_04_17,06:10 PM,Miami Heat,New York Knicks,2.5,-2.5,227.5,120,-140,-110,-110,-110,-110,2.2,1.714286,1.909091,1.909091,1.909091,1.909091,0.357,0.643,108.3,113.4,221.7,1,2025_NBA,,,,,,,,,,,,,,,,,,,,,,,,,under,227.5,-110.0,0.186229327549861,0.20485223981962322,0.6213581896042991,12.135818960429912,0.05,total,nba,,,,,,,,,,,,,,,,,,,,,,,0.3786418103957009,0.6213581896042991,2.6410184309940488,1.6093776773696862,2.6410184309940488,1.6093776773696862,0.5238094988662143,0.5238094988662143,0.5,0.5,-0.277138327549861,-0.12135818960429912,0.0,-27.7138327549861,-12.135818960429912,0.186229327549861,0.12135818960429912,0.20485223981962322,18.6229327549861,12.135818960429912
Basketball,NBA,2025_10_26,NBA_2025_10_26_Minnesota_Timberwolves_Indiana_Pacers,2026_04_17,07:10 PM,Minnesota Timberwolves,Indiana Pacers,-8.0,8.0,230.5,-375,299,-110,-110,-110,-110,1.266667,3.99,1.909091,1.909091,1.909091,1.909091,0.797,0.203,118.2,109.6,227.8,1,2025_NBA,,,,,,,,,,,,,,,,,,,,,,,,,under,230.5,-110.0,0.06374103289533517,0.07011512917335576,0.5571976573643347,5.719765736433469,0.01752878229333894,total,nba,,,,,,,,,,,,,,,,,,,,,,,0.4428023426356653,0.5571976573643347,2.2583439691121803,1.794695269772339,2.2583439691121803,1.794695269772339,0.5238094988662143,0.5238094988662143,0.5,0.5,-0.15465003289533508,-0.057197657364334686,0.0,-15.465003289533508,-5.719765736433469,0.06374103289533517,0.057197657364334686,0.07011512917335576,6.374103289533517,5.719765736433469
Basketball,NBA,2025_10_26,NBA_2025_10_26_Sacramento_Kings_Los_Angeles_Lakers,2026_04_17,09:10 PM,Sacramento Kings,Los Angeles Lakers,1.5,-1.5,230.0,102,-122,-110,-110,-110,-110,2.02,1.819672,1.909091,1.909091,1.909091,1.909091,0.574,0.426,114.0,111.6,225.6,1,2025_NBA,,,,,,,,,,,,,,,,,,,,,,,,,under,230.0,-110.0,0.13148539315400187,0.14463391800601025,0.5926827967624392,9.268279676243917,0.03615847950150256,total,nba,,,,,,,,,,,,,,,,,,,,,,,0.4073172032375608,0.5926827967624392,2.455089036386138,1.6872431686267129,2.455089036386138,1.6872431686267129,0.5238094988662143,0.5238094988662143,0.5,0.5,-0.22239439315400178,-0.09268279676243918,0.0,-22.239439315400176,-9.268279676243917,0.13148539315400187,0.09268279676243918,0.14463391800601025,13.148539315400187,9.268279676243917
Basketball,NBA,2025_10_26,NBA_2025_10_26_San_Antonio_Spurs_Brooklyn_Nets,2026_04_17,02:10 PM,San Antonio Spurs,Brooklyn Nets,-10.0,10.0,229.0,-655,479,-110,-110,-110,-110,1.152672,5.79,1.909091,1.909091,1.909091,1.909091,0.756,0.244,116.4,108.9,225.3,1,2025_NBA,,,,,,,,,,,,,,,,,,,,,,,,,under,229.0,-110.0,0.10373311805063357,0.11410641844505506,0.5781458914481465,7.814589144814654,0.028526604611263766,total,nba,,,,,,,,,,,,,,,,,,,,,,,0.42185410855185346,0.5781458914481465,2.3704877580375205,1.7296672255080605,2.3704877580375205,1.7296672255080605,0.5238094988662143,0.5238094988662143,0.5,0.5,-0.19464211805063347,-0.07814589144814654,0.0,-19.464211805063346,-7.814589144814654,0.10373311805063357,0.07814589144814654,0.11410641844505506,10.373311805063356,7.814589144814654
Basketball,NBA,2025_10_26,NBA_2025_10_26_Washington_Wizards_Charlotte_Hornets,2026_04_17,06:10 PM,Washington Wizards,Charlotte Hornets,-1.0,1.0,234.5,-120,100,-110,-110,-110,-110,1.833333,2.0,1.909091,1.909091,1.909091,1.909091,0.563,0.437,112.3,110.1,222.4,1,2025_NBA,,,,,,,,,,,,,,,,,,,,,,,,,under,234.5,-110.0,0.4135917143587198,0.4549508402995078,0.7404527674996738,24.045276749967382,0.05,total,nba,,,,,,,,,,,,,,,,,,,,,,,0.2595472325003262,0.7404527674996738,3.852863274120032,1.3505250353466205,3.852863274120032,1.3505250353466205,0.5238094988662143,0.5238094988662143,0.5,0.5,-0.5045007143587197,-0.24045276749967381,0.0,-50.45007143587197,-24.045276749967382,0.4135917143587198,0.24045276749967381,0.4549508402995078,41.35917143587198,24.045276749967382
Basketball,NBA,2025_10_27,NBA_2025_10_27_Chicago_Bulls_Atlanta_Hawks,2026_04_17,08:10 PM,Chicago Bulls,Atlanta Hawks,-1.0,1.0,239.0,-105,-115,-110,-110,-110,-110,1.952381,1.869565,1.909091,1.909091,1.909091,1.909091,0.433,0.567,118.7,121.6,240.3,1,2025_NBA,,,,,,,,,,,,,,,,,,,,,,,,,over,239.0,-110.0,0.007260397257830009,0.00798643618496939,0.5276125639154079,2.7612563915407895,0.0019966090462423475,total,nba,,,,,,,,,,,,,,,,,,,,,,,0.5276125639154079,0.4723874360845921,1.895330150174987,2.116906428097564,1.895330150174987,2.116906428097564,0.5238094988662143,0.5238094988662143,0.5,0.5,0.007260397257830009,0.027612563915407895,0.00798643618496939,0.7260397257830009,2.7612563915407895,-0.09816939725782992,-0.027612563915407895,0.0,-9.81693972578299,-2.7612563915407895
Basketball,NBA,2025_10_27,NBA_2025_10_27_Detroit_Pistons_Cleveland_Cavaliers,2026_04_17,07:10 PM,Detroit Pistons,Cleveland Cavaliers,4.0,-4.0,232.0,115,-135,-110,-110,-110,-110,2.15,1.740741,1.909091,1.909091,1.909091,1.909091,0.4,0.6,114.9,118.7,233.6,1,2025_NBA,,,,,,,,,,,,,,,,,,,,,,,,,over,232.0,-110.0,0.0193986902011114,0.02133855708736695,0.5339707170591195,3.397071705911947,0.005334639271841738,total,nba,,,,,,,,,,,,,,,,,,,,,,,0.5339707170591195,0.4660292829408806,1.8727618726127322,2.1457879077672843,1.8727618726127322,2.1457879077672843,0.5238094988662143,0.5238094988662143,0.5,0.5,0.0193986902011114,0.03397071705911947,0.02133855708736695,1.9398690201111402,3.397071705911947,-0.11030769020111131,-0.033970717059119415,0.0,-11.03076902011113,-3.3970717059119417
Basketball,NBA,2025_10_27,NBA_2025_10_27_Golden_State_Warriors_Memphis_Grizzlies,2026_04_17,10:10 PM,Golden State Warriors,Memphis Grizzlies,-8.0,8.0,237.0,-300,245,-110,-110,-110,-110,1.333333,3.45,1.909091,1.909091,1.909091,1.909091,0.725,0.275,119.8,114.6,234.4,1,2025_NBA,,,,,,,,,,,,,,,,,,,,,,,,,under,237.0,-110.0,0.059723058942541485,0.06569535826725968,0.5550930044416643,5.509300444166431,0.01642383956681492,total,nba,,,,,,,,,,,,,,,,,,,,,,,0.4449069955583357,0.5550930044416643,2.2476607695166733,1.8014999144257666,2.2476607695166733,1.8014999144257666,0.5238094988662143,0.5238094988662143,0.5,0.5,-0.15063205894254128,-0.05509300444166432,0.0,-15.063205894254128,-5.509300444166431,0.059723058942541485,0.05509300444166432,0.06569535826725968,5.9723058942541485,5.509300444166431
Basketball,NBA,2025_10_27,NBA_2025_10_27_Houston_Rockets_Brooklyn_Nets,2026_04_17,08:10 PM,Houston Rockets,Brooklyn Nets,-14.5,14.5,227.5,-1250,776,-110,-110,-110,-110,1.08,8.76,1.909091,1.909091,1.909091,1.909091,0.893,0.107,116.5,104.5,221.0,1,2025_NBA,,,,,,,,,,,,,,,,,,,,,,,,,under,227.5,-110.0,0.21315050283403947,0.2344655296708903,0.6354597569387941,13.54597569387941,0.05,total,nba,,,,,,,,,,,,,,,,,,,,,,,0.3645402430612059,0.6354597569387941,2.74318136072593,1.573663775055259,2.74318136072593,1.573663775055259,0.5238094988662143,0.5238094988662143,0.5,0.5,-0.30405950283403926,-0.13545975693879408,0.0,-30.405950283403925,-13.54597569387941,0.21315050283403947,0.13545975693879408,0.2344655296708903,21.31505028340395,13.54597569387941
Basketball,NBA,2025_10_27,NBA_2025_10_27_New_Orleans_Pelicans_Boston_Celtics,2026_04_17,08:10 PM,New Orleans Pelicans,Boston Celtics,-2.0,2.0,233.5,-130,110,-110,-110,-110,-110,1.769231,2.1,1.909091,1.909091,1.909091,1.909091,0.421,0.579,109.0,112.4,221.4,1,2025_NBA,,,,,,,,,,,,,,,,,,,,,,,,,under,233.5,-110.0,0.4135917143587198,0.4549508402995078,0.7404527674996738,24.045276749967382,0.05,total,nba,,,,,,,,,,,,,,,,,,,,,,,0.2595472325003262,0.7404527674996738,3.852863274120032,1.3505250353466205,3.852863274120032,1.3505250353466205,0.5238094988662143,0.5238094988662143,0.5,0.5,-0.5045007143587197,-0.24045276749967381,0.0,-50.45007143587197,-24.045276749967382,0.4135917143587198,0.24045276749967381,0.4549508402995078,41.35917143587198,24.045276749967382
Basketball,NBA,2025_10_27,NBA_2025_10_27_Philadelphia_76ers_Orlando_Magic,2026_04_17,07:10 PM,Philadelphia 76ers,Orlando Magic,4.5,-4.5,225.5,135,-155,-110,-110,-110,-110,2.35,1.645161,1.909091,1.909091,1.909091,1.909091,0.377,0.623,108.7,113.1,221.8,1,2025_NBA,,,,,,,,,,,,,,,,,,,,,,,,,under,225.5,-110.0,0.10373311805063357,0.11410641844505506,0.5781458914481465,7.814589144814654,0.028526604611263766,total,nba,,,,,,,,,,,,,,,,,,,,,,,0.42185410855185346,0.5781458914481465,2.3704877580375205,1.7296672255080605,2.3704877580375205,1.7296672255080605,0.5238094988662143,0.5238094988662143,0.5,0.5,-0.19464211805063347,-0.07814589144814654,0.0,-19.464211805063346,-7.814589144814654,0.10373311805063357,0.07814589144814654,0.11410641844505506,10.373311805063356,7.814589144814654
Basketball,NBA,2025_10_27,NBA_2025_10_27_Utah_Jazz_Phoenix_Suns,2026_04_17,09:10 PM,Utah Jazz,Phoenix Suns,2.0,-2.0,233.5,100,-120,-110,-110,-110,-110,2.0,1.833333,1.909091,1.909091,1.909091,1.909091,0.499,0.501,115.8,116.2,232.0,1,2025_NBA,,,,,,,,,,,,,,,,,,,,,,,,,under,233.5,-110.0,0.015354277306573128,0.016889703348260104,0.5318522151676233,3.1852215167623266,0.004222425837065026,total,nba,,,,,,,,,,,,,,,,,,,,,,,0.46814778483237673,0.5318522151676233,2.1360776071130108,1.8802215568188074,2.1360776071130108,1.8802215568188074,0.5238094988662143,0.5238094988662143,0.5,0.5,-0.10626327730657303,-0.031852215167623266,0.0,-10.626327730657303,-3.1852215167623266,0.015354277306573128,0.031852215167623266,0.016889703348260104,1.5354277306573128,3.1852215167623266
Basketball,NBA,2025_10_28,NBA_2025_10_28_Golden_State_Warriors_Los_Angeles_Clippers,2026_04_17,11:10 PM,Golden State Warriors,Los Angeles Clippers,1.5,-1.5,227.0,-105,-115,-103,-117,-110,-110,1.952381,1.869565,1.970874,1.854701,1.909091,1.909091,0.525,0.475,111.4,110.6,222.0,1,2025_NBA,,,,,,,,,,,,,,,,,,,,,,,,,under,227.0,-110.0,0.1550821297808047,0.17059032569985247,0.6050429915498028,10.504299154980279,0.04264758142496312,total,nba,,,,,,,,,,,,,,,,,,,,,,,0.3949570084501972,0.6050429915498028,2.5319211423136365,1.6527751151013659,2.5319211423136365,1.6527751151013659,0.5238094988662143,0.5238094988662143,0.5,0.5,-0.2459911297808045,-0.10504299154980279,0.0,-24.599112978080452,-10.504299154980279,0.1550821297808047,0.10504299154980279,0.17059032569985247,15.508212978080472,10.504299154980279
Basketball,NBA,2025_10_28,NBA_2025_10_28_Miami_Heat_Charlotte_Hornets,2026_04_17,07:40 PM,Miami Heat,Charlotte Hornets,-4.5,4.5,234.0,-240,200,-110,-110,-110,-110,1.416667,3.0,1.909091,1.909091,1.909091,1.909091,0.665,0.335,111.2,106.5,217.7,1,2025_NBA,,,,,,,,,,,,,,,,,,,,,,,,,under,234.0,-110.0,0.5414949100258655,0.5956443414640178,0.8074496763254687,30.74496763254687,0.05,total,nba,,,,,,,,,,,,,,,,,,,,,,,0.1925503236745313,0.8074496763254687,5.193447515000311,1.238467274580859,5.193447515000311,1.238467274580859,0.5238094988662143,0.5238094988662143,0.5,0.5,-0.6324039100258654,-0.3074496763254687,0.0,-63.240391002586534,-30.74496763254687,0.5414949100258655,0.3074496763254687,0.5956443414640178,54.149491002586544,30.74496763254687
Basketball,NBA,2025_10_28,NBA_2025_10_28_Milwaukee_Bucks_New_York_Knicks,2026_04_17,08:10 PM,Milwaukee Bucks,New York Knicks,1.0,-1.0,232.0,-102,-118,-110,-110,-110,-110,1.980392,1.847458,1.909091,1.909091,1.909091,1.909091,0.416,0.584,112.7,116.1,228.8,1,2025_NBA,,,,,,,,,,,,,,,,,,,,,,,,,under,232.0,-110.0,0.08378249144771499,0.09216073137641334,0.5676955637252048,6.76955637252048,0.023040182844103335,total,nba,,,,,,,,,,,,,,,,,,,,,,,0.4323044362747952,0.5676955637252048,2.3131846821121864,1.761507511945353,2.3131846821121864,1.761507511945353,0.5238094988662143,0.5238094988662143,0.5,0.5,-0.1746914914477149,-0.0676955637252048,0.0,-17.46914914477149,-6.76955637252048,0.08378249144771499,0.0676955637252048,0.09216073137641334,8.378249144771498,6.76955637252048
Basketball,NBA,2025_10_28,NBA_2025_10_28_Oklahoma_City_Thunder_Sacramento_Kings,2026_04_17,08:10 PM,Oklahoma City Thunder,Sacramento Kings,-10.5,10.5,228.5,-510,390,-110,-110,-110,-110,1.196078,4.9,1.909091,1.909091,1.909091,1.909091,0.75,0.25,118.6,111.3,229.9,1,2025_NBA,,,,,,,,,,,,,,,,,,,,,,,,,over,228.5,-110.0,0.011308141594687182,0.012438954510260386,0.5297328108480356,2.9732810848035585,0.0031097386275650966,total,nba,,,,,,,,,,,,,,,,,,,,,,,0.5297328108480356,0.4702671891519644,1.8877441221719413,2.126450713695986,1.8877441221719413,2.126450713695986,0.5238094988662143,0.5238094988662143,0.5,0.5,0.011308141594687182,0.029732810848035585,0.012438954510260386,1.1308141594687182,2.9732810848035585,-0.10221714159468709,-0.029732810848035585,0.0,-10.221714159468709,-2.9732810848035585
Basketball,NBA,2025_10_28,NBA_2025_10_28_Washington_Wizards_Philadelphia_76ers,2026_04_17,07:10 PM,Washington Wizards,Philadelphia 76ers,5.0,-5.0,237.5,174,-200,-110,-110,-110,-110,2.74,1.5,1.909091,1.909091,1.909091,1.909091,0.408,0.592,112.3,116.0,228.3,1,2025_NBA,,,,,,,,,,,,,,,,,,,,,,,,,under,237.5,-110.0,0.3134733451384666,0.3448206451702487,0.6880098146911103,18.800981469111033,0.05,total,nba,,,,,,,,,,,,,,,,,,,,,,,0.31199018530888967,0.6880098146911103,3.2052290331182625,1.4534676375931659,3.2052290331182625,1.4534676375931659,0.5238094988662143,0.5238094988662143,0.5,0.5,-0.4043823451384665,-0.18800981469111033,0.0,-40.43823451384665,-18.800981469111033,0.3134733451384666,0.18800981469111033,0.3448206451702487,31.347334513846658,18.800981469111033
Basketball,NBA,2025_10_29,NBA_2025_10_29_Boston_Celtics_Cleveland_Cavaliers,2026_04_17,07:10 PM,Boston Celtics,Cleveland Cavaliers,3.5,-3.5,233.0,157,-180,-110,-110,-110,-110,2.57,1.555556,1.909091,1.909091,1.909091,1.909091,0.388,0.612,112.1,116.2,228.3,1,2025_NBA,,,,,,,,,,,,,,,,,,,,,,,,,under,233.0,-110.0,0.14330737724629872,0.15763809920711866,0.5988752643254296,9.887526432542959,0.039409524801779665,total,nba,,,,,,,,,,,,,,,,,,,,,,,0.4011247356745704,0.5988752643254296,2.4929901127097103,1.6697968000505006,2.4929901127097103,1.6697968000505006,0.5238094988662143,0.5238094988662143,0.5,0.5,-0.23421637724629862,-0.09887526432542959,0.0,-23.42163772462986,-9.887526432542959,0.14330737724629872,0.09887526432542959,0.15763809920711866,14.330737724629872,9.887526432542959
Basketball,NBA,2025_10_29,NBA_2025_10_29_Chicago_Bulls_Sacramento_Kings,2026_04_17,08:10 PM,Chicago Bulls,Sacramento Kings,-3.5,3.5,237.0,-200,174,-110,-110,-110,-110,1.5,2.74,1.909091,1.909091,1.909091,1.909091,0.612,0.388,119.0,115.6,234.6,1,2025_NBA,,,,,,,,,,,,,,,,,,,,,,,,,under,237.0,-110.0,0.05167832161588626,0.05684614809285995,0.5508790946140787,5.087909461407869,0.014211537023214987,total,nba,,,,,,,,,,,,,,,,,,,,,,,0.4491209053859213,0.5508790946140787,2.2265719275318934,1.8152803578443204,2.2265719275318934,1.8152803578443204,0.5238094988662143,0.5238094988662143,0.5,0.5,-0.14258732161588605,-0.05087909461407869,0.0,-14.258732161588606,-5.087909461407869,0.05167832161588626,0.05087909461407869,0.05684614809285995,5.167832161588626,5.087909461407869
Basketball,NBA,2025_10_29,NBA_2025_10_29_Denver_Nuggets_New_Orleans_Pelicans,2026_04_17,09:10 PM,Denver Nuggets,New Orleans Pelicans,-12.5,12.5,237.5,-700,505,-110,-110,-110,-110,1.142857,6.05,1.909091,1.909091,1.909091,1.909091,0.863,0.137,121.0,110.1,231.1,1,2025_NBA,,,,,,,,,,,,,,,,,,,,,,,,,under,237.5,-110.0,0.20932500901805273,0.2302574868941093,0.6334559269401263,13.34559269401263,0.05,total,nba,,,,,,,,,,,,,,,,,,,,,,,0.3665440730598737,0.6334559269401263,2.728184885523039,1.5786417925402396,2.728184885523039,1.5786417925402396,0.5238094988662143,0.5238094988662143,0.5,0.5,-0.30023400901805264,-0.1334559269401263,0.0,-30.023400901805264,-13.34559269401263,0.20932500901805273,0.1334559269401263,0.2302574868941093,20.932500901805273,13.34559269401263
Basketball,NBA,2025_10_29,NBA_2025_10_29_Detroit_Pistons_Orlando_Magic,2026_04_17,07:10 PM,Detroit Pistons,Orlando Magic,-1.5,1.5,228.0,-105,-115,-110,-110,-110,-110,1.952381,1.869565,1.909091,1.909091,1.909091,1.909091,0.497,0.503,110.6,111.1,221.7,1,2025_NBA,,,,,,,,,,,,,,,,,,,,,,,,,under,228.0,-110.0,0.20549255755932094,0.22604179071107394,0.6314484524620989,13.14484524620989,0.05,total,nba,,,,,,,,,,,,,,,,,,,,,,,0.3685515475379011,0.6314484524620989,2.7133246534452877,1.583660544421118,2.7133246534452877,1.583660544421118,0.5238094988662143,0.5238094988662143,0.5,0.5,-0.29640155755932085,-0.1314484524620989,0.0,-29.640155755932085,-13.14484524620989,0.20549255755932094,0.1314484524620989,0.22604179071107394,20.549255755932094,13.14484524620989
Basketball,NBA,2025_10_29,NBA_2025_10_29_Minnesota_Timberwolves_Los_Angeles_Lakers,2026_04_17,09:40 PM,Minnesota Timberwolves,Los Angeles Lakers,-6.5,6.5,225.5,-270,222,-110,-110,-110,-110,1.37037,3.22,1.909091,1.909091,1.909091,1.909091,0.744,0.256,115.0,107.8,222.8,1,2025_NBA,,,,,,,,,,,,,,,,,,,,,,,,,under,225.5,-110.0,0.06374103289533517,0.07011512917335576,0.5571976573643347,5.719765736433469,0.01752878229333894,total,nba,,,,,,,,,,,,,,,,,,,,,,,0.4428023426356653,0.5571976573643347,2.2583439691121803,1.794695269772339,2.2583439691121803,1.794695269772339,0.5238094988662143,0.5238094988662143,0.5,0.5,-0.15465003289533508,-0.057197657364334686,0.0,-15.465003289533508,-5.719765736433469,0.06374103289533517,0.057197657364334686,0.07011512917335576,6.374103289533517,5.719765736433469
Basketball,NBA,2025_10_29,NBA_2025_10_29_Phoenix_Suns_Memphis_Grizzlies,2026_04_17,10:10 PM,Phoenix Suns,Memphis Grizzlies,1.5,-1.5,238.5,100,-120,-110,-110,-110,-110,2.0,1.833333,1.909091,1.909091,1.909091,1.909091,0.489,0.511,117.2,118.1,235.3,1,2025_NBA,,,,,,,,,,,,,,,,,,,,,,,,,under,238.5,-110.0,0.08378249144771499,0.09216073137641334,0.5676955637252048,6.76955637252048,0.023040182844103335,total,nba,,,,,,,,,,,,,,,,,,,,,,,0.4323044362747952,0.5676955637252048,2.3131846821121864,1.761507511945353,2.3131846821121864,1.761507511945353,0.5238094988662143,0.5238094988662143,0.5,0.5,-0.1746914914477149,-0.0676955637252048,0.0,-17.46914914477149,-6.76955637252048,0.08378249144771499,0.0676955637252048,0.09216073137641334,8.378249144771498,6.76955637252048
Basketball,NBA,2025_10_29,NBA_2025_10_29_Toronto_Raptors_Houston_Rockets,2026_04_17,06:40 PM,Toronto Raptors,Houston Rockets,3.5,-3.5,233.0,192,-230,-110,-110,-110,-110,2.92,1.434783,1.909091,1.909091,1.909091,1.909091,0.33,0.67,111.1,116.9,228.0,1,2025_NBA,,,,,,,,,,,,,,,,,,,,,,,,,under,233.0,-110.0,0.1550821297808047,0.17059032569985247,0.6050429915498028,10.504299154980279,0.04264758142496312,total,nba,,,,,,,,,,,,,,,,,,,,,,,0.3949570084501972,0.6050429915498028,2.5319211423136365,1.6527751151013659,2.5319211423136365,1.6527751151013659,0.5238094988662143,0.5238094988662143,0.5,0.5,-0.2459911297808045,-0.10504299154980279,0.0,-24.599112978080452,-10.504299154980279,0.1550821297808047,0.10504299154980279,0.17059032569985247,15.508212978080472,10.504299154980279
Basketball,NBA,2025_10_29,NBA_2025_10_29_Utah_Jazz_Portland_Trail_Blazers,2026_04_17,09:10 PM,Utah Jazz,Portland Trail Blazers,2.0,-2.0,233.0,110,-130,-110,-110,-110,-110,2.1,1.769231,1.909091,1.909091,1.909091,1.909091,0.453,0.547,113.9,116.2,230.1,1,2025_NBA,,,,,,,,,,,,,,,,,,,,,,,,,under,233.0,-110.0,0.07176763236904926,0.07894438771151553,0.5614020664122608,6.140206641226076,0.019736096927878883,total,nba,,,,,,,,,,,,,,,,,,,,,,,0.43859793358773924,0.5614020664122608,2.279992502062154,1.7812545764048875,2.279992502062154,1.7812545764048875,0.5238094988662143,0.5238094988662143,0.5,0.5,-0.16267663236904928,-0.06140206641226076,0.0,-16.267663236904927,-6.140206641226076,0.07176763236904926,0.06140206641226076,0.07894438771151553,7.176763236904926,6.140206641226076
Basketball,NBA,2025_10_30,NBA_2025_10_30_Charlotte_Hornets_Orlando_Magic,2026_04_17,07:10 PM,Charlotte Hornets,Orlando Magic,4.0,-4.0,239.0,125,-145,-105,-115,-110,-110,2.25,1.689655,1.952381,1.869565,1.909091,1.909091,0.393,0.607,106.2,110.0,216.2,1,2025_NBA,,,,,,,,,,,,,,,,,,,,,,,,,under,239.0,-110.0,0.6948816851997215,0.7643697772827159,0.887795126161991,38.7795126161991,0.05,total,nba,,,,,,,,,,,,,,,,,,,,,,,0.11220487383800903,0.887795126161991,8.912268832846843,1.1263859988994078,8.912268832846843,1.1263859988994078,0.5238094988662143,0.5238094988662143,0.5,0.5,-0.7857906851997215,-0.38779512616199097,0.0,-78.57906851997215,-38.7795126161991,0.6948816851997215,0.38779512616199097,0.7643697772827159,69.48816851997215,38.7795126161991
Basketball,NBA,2025_10_30,NBA_2025_10_30_Milwaukee_Bucks_Golden_State_Warriors,2026_04_17,08:10 PM,Milwaukee Bucks,Golden State Warriors,2.0,-2.0,231.0,113,-133,-115,-105,-110,-110,2.13,1.75188,1.869565,1.952381,1.909091,1.909091,0.291,0.709,110.7,117.4,228.1,1,2025_NBA,,,,,,,,,,,,,,,,,,,,,,,,,under,231.0,-110.0,0.07176763236904926,0.07894438771151553,0.5614020664122608,6.140206641226076,0.019736096927878883,total,nba,,,,,,,,,,,,,,,,,,,,,,,0.43859793358773924,0.5614020664122608,2.279992502062154,1.7812545764048875,2.279992502062154,1.7812545764048875,0.5238094988662143,0.5238094988662143,0.5,0.5,-0.16267663236904928,-0.06140206641226076,0.0,-16.267663236904927,-6.140206641226076,0.07176763236904926,0.06140206641226076,0.07894438771151553,7.176763236904926,6.140206641226076
Basketball,NBA,2025_10_30,NBA_2025_10_30_Oklahoma_City_Thunder_Washington_Wizards,2026_04_17,08:10 PM,Oklahoma City Thunder,Washington Wizards,-14.5,14.5,230.0,-1100,709,-110,-110,-110,-110,1.090909,8.09,1.909091,1.909091,1.909091,1.909091,0.884,0.116,119.6,108.1,227.7,1,2025_NBA,,,,,,,,,,,,,,,,,,,,,,,,,under,230.0,-110.0,0.047651782594051895,0.05241695561176152,0.5487699552268864,4.8769955226886434,0.01310423890294038,total,nba,,,,,,,,,,,,,,,,,,,,,,,0.45123004477311357,0.5487699552268864,2.216164485462881,1.8222571962536736,2.216164485462881,1.8222571962536736,0.5238094988662143,0.5238094988662143,0.5,0.5,-0.1385607825940518,-0.04876995522688643,0.0,-13.85607825940518,-4.8769955226886434,0.047651782594051895,0.04876995522688643,0.05241695561176152,4.7651782594051895,4.8769955226886434
Basketball,NBA,2025_10_30,NBA_2025_10_30_San_Antonio_Spurs_Miami_Heat,2026_04_17,08:40 PM,San Antonio Spurs,Miami Heat,-6.0,6.0,232.5,-220,186,-110,-110,-110,-110,1.454545,2.86,1.909091,1.909091,1.909091,1.909091,0.653,0.347,114.6,110.1,224.7,1,2025_NBA,,,,,,,,,,,,,,,,,,,,,,,,,under,232.5,-110.0,0.2622060030257778,0.2884265744856981,0.66115549391086,16.115549391086002,0.05,total,nba,,,,,,,,,,,,,,,,,,,,,,,0.33884450608913996,0.66115549391086,2.9512061787329955,1.512503502141093,2.9512061787329955,1.512503502141093,0.5238094988662143,0.5238094988662143,0.5,0.5,-0.3531150030257777,-0.16115549391086004,0.0,-35.31150030257777,-16.115549391086002,0.2622060030257778,0.16115549391086004,0.2884265744856981,26.22060030257778,16.115549391086002
Basketball,NBA,2025_10_31,NBA_2025_10_31_Chicago_Bulls_New_York_Knicks,2026_04_17,08:10 PM,Chicago Bulls,New York Knicks,3.5,-3.5,236.5,153,-175,-105,-115,-110,-110,2.53,1.571429,1.952381,1.869565,1.909091,1.909091,0.344,0.656,113.4,118.7,232.1,1,2025_NBA,,,,,,,,,,,,,,,,,,,,,,,,,under,236.5,-110.0,0.13148539315400187,0.14463391800601025,0.5926827967624392,9.268279676243917,0.03615847950150256,total,nba,,,,,,,,,,,,,,,,,,,,,,,0.4073172032375608,0.5926827967624392,2.455089036386138,1.6872431686267129,2.455089036386138,1.6872431686267129,0.5238094988662143,0.5238094988662143,0.5,0.5,-0.22239439315400178,-0.09268279676243918,0.0,-22.239439315400176,-9.268279676243917,0.13148539315400187,0.09268279676243918,0.14463391800601025,13.148539315400187,9.268279676243917
Basketball,NBA,2025_10_31,NBA_2025_10_31_Cleveland_Cavaliers_Toronto_Raptors,2026_04_17,07:40 PM,Cleveland Cavaliers,Toronto Raptors,-9.5,9.5,236.5,-295,241,-105,-115,-110,-110,1.338983,3.41,1.952381,1.869565,1.909091,1.909091,0.691,0.309,119.9,114.6,234.5,1,2025_NBA,,,,,,,,,,,,,,,,,,,,,,,,,under,236.5,-110.0,0.035556835085732263,0.03911251468305408,0.5424345068337404,4.243450683374039,0.00977812867076352,total,nba,,,,,,,,,,,,,,,,,,,,,,,0.4575654931662596,0.5424345068337404,2.185479488586879,1.8435405332841523,2.185479488586879,1.8435405332841523,0.5238094988662143,0.5238094988662143,0.5,0.5,-0.12646583508573228,-0.04243450683374039,0.0,-12.646583508573228,-4.243450683374039,0.035556835085732263,0.04243450683374039,0.03911251468305408,3.5556835085732263,4.243450683374039
Basketball,NBA,2025_10_31,NBA_2025_10_31_Indiana_Pacers_Atlanta_Hawks,2026_04_17,07:10 PM,Indiana Pacers,Atlanta Hawks,2.5,-2.5,232.0,115,-135,-110,-110,-110,-110,2.15,1.740741,1.909091,1.909091,1.909091,1.909091,0.426,0.574,115.7,119.0,234.7,1,2025_NBA,,,,,,,,,,,,,,,,,,,,,,,,,over,232.0,-110.0,0.06374103289533517,0.07011512917335576,0.5571976573643347,5.719765736433469,0.01752878229333894,total,nba,,,,,,,,,,,,,,,,,,,,,,,0.5571976573643347,0.44280234263566526,1.794695269772339,2.2583439691121807,1.794695269772339,2.2583439691121807,0.5238094988662143,0.5238094988662143,0.5,0.5,0.06374103289533517,0.057197657364334686,0.07011512917335576,6.374103289533517,5.719765736433469,-0.1546500328953352,-0.05719765736433474,0.0,-15.465003289533518,-5.719765736433474
Basketball,NBA,2025_10_31,NBA_2025_10_31_Los_Angeles_Clippers_New_Orleans_Pelicans,2026_04_17,10:40 PM,Los Angeles Clippers,New Orleans Pelicans,-10.5,10.5,227.0,-500,383,-110,-110,-110,-110,1.2,4.83,1.909091,1.909091,1.909091,1.909091,0.789,0.211,114.4,106.1,220.5,1,2025_NBA,,,,,,,,,,,,,,,,,,,,,,,,,under,227.0,-110.0,0.21315050283403947,0.2344655296708903,0.6354597569387941,13.54597569387941,0.05,total,nba,,,,,,,,,,,,,,,,,,,,,,,0.3645402430612059,0.6354597569387941,2.74318136072593,1.573663775055259,2.74318136072593,1.573663775055259,0.5238094988662143,0.5238094988662143,0.5,0.5,-0.30405950283403926,-0.13545975693879408,0.0,-30.405950283403925,-13.54597569387941,0.21315050283403947,0.13545975693879408,0.2344655296708903,21.31505028340395,13.54597569387941
Basketball,NBA,2025_10_31,NBA_2025_10_31_Memphis_Grizzlies_Los_Angeles_Lakers,2026_04_17,09:40 PM,Memphis Grizzlies,Los Angeles Lakers,-5.0,5.0,235.0,-140,120,-110,-110,-105,-115,1.714286,2.2,1.909091,1.909091,1.952381,1.869565,0.545,0.455,117.2,115.7,232.9,1,2025_NBA,,,,,,,,,,,,,,,,,,,,,,,,,under,235.0,-115.0,0.018067137944747902,0.02077721383076348,0.5445476022201677,3.371333088300077,0.00519430345769087,total,nba,,,,,,,,,,,,,,,,,,,,,,,0.45545239777983226,0.5445476022201677,2.195619135774985,1.836386747316329,2.195619135774985,1.836386747316329,0.5121951094586559,0.5348837831260214,0.489165728662833,0.510834271337167,-0.11078339217021338,-0.033713330883000714,0.0,-11.078339217021338,-3.371333088300071,0.018067137944747902,0.03371333088300077,0.02077721383076348,1.8067137944747902,3.371333088300077
Basketball,NBA,2025_10_31,NBA_2025_10_31_Philadelphia_76ers_Boston_Celtics,2026_04_17,07:10 PM,Philadelphia 76ers,Boston Celtics,-3.5,3.5,234.5,-138,118,-110,-110,-110,-110,1.724638,2.18,1.909091,1.909091,1.909091,1.909091,0.477,0.523,115.0,116.5,231.5,1,2025_NBA,,,,,,,,,,,,,,,,,,,,,,,,,under,234.5,-110.0,0.07577603507253672,0.08335363024442735,0.5635017058236285,6.350170582362846,0.020838407561106838,total,nba,,,,,,,,,,,,,,,,,,,,,,,0.43649829417637154,0.5635017058236285,2.2909596975330673,1.7746175205244046,2.2909596975330673,1.7746175205244046,0.5238094988662143,0.5238094988662143,0.5,0.5,-0.16668503507253662,-0.06350170582362846,0.0,-16.66850350725366,-6.350170582362846,0.07577603507253672,0.06350170582362846,0.08335363024442735,7.577603507253672,6.350170582362846
Basketball,NBA,2025_10_31,NBA_2025_10_31_Portland_Trail_Blazers_Denver_Nuggets,2026_04_17,10:10 PM,Portland Trail Blazers,Denver Nuggets,5.5,-5.5,236.5,161,-185,-115,-105,-110,-110,2.61,1.540541,1.869565,1.952381,1.909091,1.909091,0.246,0.754,112.0,120.4,232.4,1,2025_NBA,,,,,,,,,,,,,,,,,,,,,,,,,under,236.5,-110.0,0.11961902059455998,0.13158090949592502,0.5864670780987181,8.646707809871812,0.032895227373981255,total,nba,,,,,,,,,,,,,,,,,,,,,,,0.4135329219012819,0.5864670780987181,2.418187155214498,1.7051255515346646,2.418187155214498,1.7051255515346646,0.5238094988662143,0.5238094988662143,0.5,0.5,-0.21052802059455988,-0.08646707809871812,0.0,-21.05280205945599,-8.646707809871812,0.11961902059455998,0.08646707809871812,0.13158090949592502,11.961902059455998,8.646707809871812
Basketball,NBA,2025_11_01,NBA_2025_11_01_Boston_Celtics_Houston_Rockets,2026_04_17,08:10 PM,Boston Celtics,Houston Rockets,4.0,-4.0,232.0,161,-185,-110,-110,-110,-110,2.61,1.540541,1.909091,1.909091,1.909091,1.909091,0.381,0.619,110.9,115.1,226.0,1,2025_NBA,,,,,,,,,,,,,,,,,,,,,,,,,under,232.0,-110.0,0.19395442367234628,0.21334984470459642,0.6254046683329114,12.540466833291141,0.05,total,nba,,,,,,,,,,,,,,,,,,,,,,,0.3745953316670886,0.6254046683329114,2.669547416807433,1.5989647193801988,2.669547416807433,1.5989647193801988,0.5238094988662143,0.5238094988662143,0.5,0.5,-0.2848634236723462,-0.12540466833291142,0.0,-28.48634236723462,-12.540466833291141,0.19395442367234628,0.12540466833291142,0.21334984470459642,19.39544236723463,12.540466833291141
Basketball,NBA,2025_11_01,NBA_2025_11_01_Charlotte_Hornets_Minnesota_Timberwolves,2026_04_17,06:10 PM,Charlotte Hornets,Minnesota Timberwolves,3.0,-3.0,232.5,174,-200,105,-125,-110,-110,2.74,1.5,2.05,1.8,1.909091,1.909091,0.315,0.685,112.6,118.7,231.3,1,2025_NBA,,,,,,,,,,,,,,,,,,,,,,,,,under,232.5,-110.0,0.0032111586251384328,0.003532274134424923,0.525491534256428,2.549153425642803,0.0008830685336062308,total,nba,,,,,,,,,,,,,,,,,,,,,,,0.47450846574357197,0.525491534256428,2.1074439597889234,1.9029802286253816,2.1074439597889234,1.9029802286253816,0.5238094988662143,0.5238094988662143,0.5,0.5,-0.09412015862513845,-0.025491534256428028,0.0,-9.412015862513845,-2.549153425642803,0.0032111586251384328,0.025491534256428028,0.003532274134424923,0.3211158625138433,2.549153425642803
Basketball,NBA,2025_11_01,NBA_2025_11_01_Detroit_Pistons_Dallas_Mavericks,2026_04_17,10:10 PM,Detroit Pistons,Dallas Mavericks,-8.0,8.0,225.5,-310,252,-110,-110,-110,-110,1.322581,3.52,1.909091,1.909091,1.909091,1.909091,0.71,0.29,116.6,110.8,227.4,1,2025_NBA,,,,,,,,,,,,,,,,,,,,,,,,,over,225.5,-110.0,0.03152045231118228,0.034672494075051095,0.5403202111953711,4.03202111953711,0.008668123518762774,total,nba,,,,,,,,,,,,,,,,,,,,,,,0.5403202111953711,0.45967978880462884,1.8507543846780443,2.175427383049499,1.8507543846780443,2.175427383049499,0.5238094988662143,0.5238094988662143,0.5,0.5,0.03152045231118228,0.0403202111953711,0.034672494075051095,3.152045231118228,4.03202111953711,-0.1224294523111823,-0.04032021119537116,0.0,-12.24294523111823,-4.032021119537116
Basketball,NBA,2025_11_01,NBA_2025_11_01_Indiana_Pacers_Golden_State_Warriors,2026_04_17,07:10 PM,Indiana Pacers,Golden State Warriors,9.0,-9.0,232.5,330,-420,-110,-110,-110,-110,4.3,1.238095,1.909091,1.909091,1.909091,1.909091,0.205,0.795,108.9,118.1,227.0,1,2025_NBA,,,,,,,,,,,,,,,,,,,,,,,,,under,232.5,-110.0,0.17459414950928198,0.19205354525485577,0.6152635728256443,11.526357282564426,0.04801338631371394,total,nba,,,,,,,,,,,,,,,,,,,,,,,0.38473642717435574,0.6152635728256443,2.599182009731607,1.6253196908886134,2.599182009731607,1.6253196908886134,0.5238094988662143,0.5238094988662143,0.5,0.5,-0.265503149509282,-0.11526357282564426,0.0,-26.5503149509282,-11.526357282564426,0.17459414950928198,0.11526357282564426,0.19205354525485577,17.4594149509282,11.526357282564426
Basketball,NBA,2025_11_01,NBA_2025_11_01_Milwaukee_Bucks_Sacramento_Kings,2026_04_17,05:10 PM,Milwaukee Bucks,Sacramento Kings,-6.0,6.0,233.0,-230,192,-110,-110,-110,-110,1.434783,2.92,1.909091,1.909091,1.909091,1.909091,0.648,0.352,116.7,112.2,228.9,1,2025_NBA,,,,,,,,,,,,,,,,,,,,,,,,,under,233.0,-110.0,0.11961902059455998,0.13158090949592502,0.5864670780987181,8.646707809871812,0.032895227373981255,total,nba,,,,,,,,,,,,,,,,,,,,,,,0.4135329219012819,0.5864670780987181,2.418187155214498,1.7051255515346646,2.418187155214498,1.7051255515346646,0.5238094988662143,0.5238094988662143,0.5,0.5,-0.21052802059455988,-0.08646707809871812,0.0,-21.05280205945599,-8.646707809871812,0.11961902059455998,0.08646707809871812,0.13158090949592502,11.961902059455998,8.646707809871812
Basketball,NBA,2025_11_01,NBA_2025_11_01_Washington_Wizards_Orlando_Magic,2026_04_17,07:10 PM,Washington Wizards,Orlando Magic,8.0,-8.0,236.0,278,-345,-110,-110,-110,-110,3.78,1.289855,1.909091,1.909091,1.909091,1.909091,0.268,0.732,113.0,120.6,233.6,1,2025_NBA,,,,,,,,,,,,,,,,,,,,,,,,,under,236.0,-110.0,0.05167832161588626,0.05684614809285995,0.5508790946140787,5.087909461407869,0.014211537023214987,total,nba,,,,,,,,,,,,,,,,,,,,,,,0.4491209053859213,0.5508790946140787,2.2265719275318934,1.8152803578443204,2.2265719275318934,1.8152803578443204,0.5238094988662143,0.5238094988662143,0.5,0.5,-0.14258732161588605,-0.05087909461407869,0.0,-14.258732161588606,-5.087909461407869,0.05167832161588626,0.05087909461407869,0.05684614809285995,5.167832161588626,5.087909461407869
Basketball,NBA,2025_11_02,NBA_2025_11_02_Brooklyn_Nets_Philadelphia_76ers,2026_04_17,07:10 PM,Brooklyn Nets,Philadelphia 76ers,7.5,-7.5,235.0,186,-220,-110,-110,-110,-110,2.86,1.454545,1.909091,1.909091,1.909091,1.909091,0.357,0.643,112.6,117.6,230.2,1,2025_NBA,,,,,,,,,,,,,,,,,,,,,,,,,under,235.0,-110.0,0.14723768210656063,0.1619614341210734,0.6009339953446748,10.093399534467483,0.04049035853026835,total,nba,,,,,,,,,,,,,,,,,,,,,,,0.39906600465532516,0.6009339953446748,2.5058511332322175,1.664076267521585,2.5058511332322175,1.664076267521585,0.5238094988662143,0.5238094988662143,0.5,0.5,-0.23814668210656065,-0.10093399534467484,0.0,-23.814668210656066,-10.093399534467483,0.14723768210656063,0.10093399534467484,0.1619614341210734,14.723768210656063,10.093399534467483
Basketball,NBA,2025_11_02,NBA_2025_11_02_Los_Angeles_Lakers_Miami_Heat,2026_04_17,10:40 PM,Los Angeles Lakers,Miami Heat,-5.5,5.5,236.0,-200,174,-110,-110,-110,-110,1.5,2.74,1.909091,1.909091,1.909091,1.909091,0.613,0.387,114.9,111.5,226.4,1,2025_NBA,,,,,,,,,,,,,,,,,,,,,,,,,under,236.0,-110.0,0.32779239870043697,0.3605716025133204,0.6955102709616445,19.551027096164454,0.05,total,nba,,,,,,,,,,,,,,,,,,,,,,,0.30448972903835547,0.6955102709616445,3.28418302698819,1.4377932889723597,3.28418302698819,1.4377932889723597,0.5238094988662143,0.5238094988662143,0.5,0.5,-0.4187013987004369,-0.19551027096164453,0.0,-41.87013987004369,-19.551027096164454,0.32779239870043697,0.19551027096164453,0.3605716025133204,32.779239870043696,19.551027096164454
Basketball,NBA,2025_11_02,NBA_2025_11_02_New_York_Knicks_Chicago_Bulls,2026_04_17,08:10 PM,New York Knicks,Chicago Bulls,-8.0,8.0,237.5,-255,211,-110,-110,-110,-110,1.392157,3.11,1.909091,1.909091,1.909091,1.909091,0.759,0.241,120.0,112.4,232.4,1,2025_NBA,,,,,,,,,,,,,,,,,,,,,,,,,under,237.5,-110.0,0.15899606505879338,0.17489565407510718,0.6070931480263608,10.709314802636083,0.043723913518776795,total,nba,,,,,,,,,,,,,,,,,,,,,,,0.39290685197363917,0.6070931480263608,2.5451325039938264,1.6471936855999214,2.5451325039938264,1.6471936855999214,0.5238094988662143,0.5238094988662143,0.5,0.5,-0.24990506505879317,-0.10709314802636083,0.0,-24.990506505879317,-10.709314802636083,0.15899606505879338,0.10709314802636083,0.17489565407510718,15.899606505879337,10.709314802636083
Basketball,NBA,2025_11_02,NBA_2025_11_02_Oklahoma_City_Thunder_New_Orleans_Pelicans,2026_04_17,04:40 PM,Oklahoma City Thunder,New Orleans Pelicans,-11.5,11.5,229.5,-650,476,-110,-110,-110,-110,1.153846,5.76,1.909091,1.909091,1.909091,1.909091,0.829,0.171,118.3,108.6,226.9,1,2025_NBA,,,,,,,,,,,,,,,,,,,,,,,,,under,229.5,-110.0,0.059723058942541485,0.06569535826725968,0.5550930044416643,5.509300444166431,0.01642383956681492,total,nba,,,,,,,,,,,,,,,,,,,,,,,0.4449069955583357,0.5550930044416643,2.2476607695166733,1.8014999144257666,2.2476607695166733,1.8014999144257666,0.5238094988662143,0.5238094988662143,0.5,0.5,-0.15063205894254128,-0.05509300444166432,0.0,-15.063205894254128,-5.509300444166431,0.059723058942541485,0.05509300444166432,0.06569535826725968,5.9723058942541485,5.509300444166431
Basketball,NBA,2025_11_02,NBA_2025_11_02_Toronto_Raptors_Memphis_Grizzlies,2026_04_17,07:10 PM,Toronto Raptors,Memphis Grizzlies,-4.5,4.5,242.0,-220,186,-110,-110,-110,-110,1.454545,2.86,1.909091,1.909091,1.909091,1.909091,0.597,0.403,121.5,118.5,240.0,1,2025_NBA,,,,,,,,,,,,,,,,,,,,,,,,,under,242.0,-110.0,0.035556835085732263,0.03911251468305408,0.5424345068337404,4.243450683374039,0.00977812867076352,total,nba,,,,,,,,,,,,,,,,,,,,,,,0.4575654931662596,0.5424345068337404,2.185479488586879,1.8435405332841523,2.185479488586879,1.8435405332841523,0.5238094988662143,0.5238094988662143,0.5,0.5,-0.12646583508573228,-0.04243450683374039,0.0,-12.646583508573228,-4.243450683374039,0.035556835085732263,0.04243450683374039,0.03911251468305408,3.5556835085732263,4.243450683374039
Basketball,NBA,2025_11_03,NBA_2025_11_03_Brooklyn_Nets_Minnesota_Timberwolves,2026_04_17,08:10 PM,Brooklyn Nets,Minnesota Timberwolves,9.0,-9.0,230.0,306,-385,-110,-110,-110,-110,4.06,1.25974,1.909091,1.909091,1.909091,1.909091,0.161,0.839,106.6,117.5,224.1,1,2025_NBA,,,,,,,,,,,,,,,,,,,,,,,,,under,230.0,-110.0,0.1900951107715092,0.20910460093820002,0.6233831235763561,12.338312357635605,0.05,total,nba,,,,,,,,,,,,,,,,,,,,,,,0.37661687642364394,0.6233831235763561,2.655218240605694,1.6041499395475909,2.655218240605694,1.6041499395475909,0.5238094988662143,0.5238094988662143,0.5,0.5,-0.2810041107715091,-0.12338312357635606,0.0,-28.10041107715091,-12.338312357635605,0.1900951107715092,0.12338312357635606,0.20910460093820002,19.00951107715092,12.338312357635605
Basketball,NBA,2025_11_03,NBA_2025_11_03_Denver_Nuggets_Sacramento_Kings,2026_04_17,10:10 PM,Denver Nuggets,Sacramento Kings,-10.5,10.5,238.5,-585,437,-108,-112,-110,-110,1.17094,5.37,1.925926,1.892857,1.909091,1.909091,0.829,0.171,121.0,111.4,232.4,1,2025_NBA,,,,,,,,,,,,,,,,,,,,,,,,,under,238.5,-110.0,0.19780716769234097,0.21758786270278865,0.6274227722472846,12.74227722472846,0.05,total,nba,,,,,,,,,,,,,,,,,,,,,,,0.3725772277527154,0.6274227722472846,2.6840073024101025,1.5938216530111413,2.6840073024101025,1.5938216530111413,0.5238094988662143,0.5238094988662143,0.5,0.5,-0.28871616769234076,-0.1274227722472846,0.0,-28.871616769234077,-12.74227722472846,0.19780716769234097,0.1274227722472846,0.21758786270278865,19.780716769234097,12.74227722472846
Basketball,NBA,2025_11_03,NBA_2025_11_03_Houston_Rockets_Dallas_Mavericks,2026_04_17,09:10 PM,Houston Rockets,Dallas Mavericks,-12.0,12.0,229.0,-675,491,-110,-110,-110,-110,1.148148,5.91,1.909091,1.909091,1.909091,1.909091,0.804,0.196,116.9,108.2,225.1,1,2025_NBA,,,,,,,,,,,,,,,,,,,,,,,,,under,229.0,-110.0,0.1116848644726458,0.12285333863457663,0.582311091756572,8.231109175657203,0.03071333465864416,total,nba,,,,,,,,,,,,,,,,,,,,,,,0.41768890824342797,0.582311091756572,2.3941262989373007,1.7172951265335636,2.3941262989373007,1.7172951265335636,0.5238094988662143,0.5238094988662143,0.5,0.5,-0.20259386447264582,-0.08231109175657203,0.0,-20.259386447264582,-8.231109175657203,0.1116848644726458,0.08231109175657203,0.12285333863457663,11.16848644726458,8.231109175657203
Basketball,NBA,2025_11_03,NBA_2025_11_03_Indiana_Pacers_Milwaukee_Bucks,2026_04_17,08:10 PM,Indiana Pacers,Milwaukee Bucks,5.0,-5.0,233.5,186,-220,-115,-105,-110,-110,2.86,1.454545,1.869565,1.952381,1.909091,1.909091,0.334,0.666,112.5,118.1,230.6,1,2025_NBA,,,,,,,,,,,,,,,,,,,,,,,,,under,233.5,-110.0,0.07176763236904926,0.07894438771151553,0.5614020664122608,6.140206641226076,0.019736096927878883,total,nba,,,,,,,,,,,,,,,,,,,,,,,0.43859793358773924,0.5614020664122608,2.279992502062154,1.7812545764048875,2.279992502062154,1.7812545764048875,0.5238094988662143,0.5238094988662143,0.5,0.5,-0.16267663236904928,-0.06140206641226076,0.0,-16.267663236904927,-6.140206641226076,0.07176763236904926,0.06140206641226076,0.07894438771151553,7.176763236904926,6.140206641226076
Basketball,NBA,2025_11_03,NBA_2025_11_03_Los_Angeles_Clippers_Miami_Heat,2026_04_17,11:40 PM,Los Angeles Clippers,Miami Heat,-7.5,7.5,230.5,-300,245,-110,-110,-110,-110,1.333333,3.45,1.909091,1.909091,1.909091,1.909091,0.767,0.233,116.3,108.5,224.8,1,2025_NBA,,,,,,,,,,,,,,,,,,,,,,,,,under,230.5,-110.0,0.18235717310038924,0.20059287035114098,0.6193299183225887,11.932991832258866,0.05,total,nba,,,,,,,,,,,,,,,,,,,,,,,0.38067008167741134,0.6193299183225887,2.6269466609866736,1.614648300389604,2.6269466609866736,1.614648300389604,0.5238094988662143,0.5238094988662143,0.5,0.5,-0.27326617310038903,-0.11932991832258866,0.0,-27.326617310038902,-11.932991832258866,0.18235717310038924,0.11932991832258866,0.20059287035114098,18.235717310038922,11.932991832258866
Basketball,NBA,2025_11_03,NBA_2025_11_03_Memphis_Grizzlies_Detroit_Pistons,2026_04_17,09:10 PM,Memphis Grizzlies,Detroit Pistons,3.0,-3.0,238.0,145,-165,-110,-110,-110,-110,2.45,1.606061,1.909091,1.909091,1.909091,1.909091,0.353,0.647,115.6,120.7,236.3,1,2025_NBA,,,,,,,,,,,,,,,,,,,,,,,,,under,238.0,-110.0,0.023441266232355318,0.02578539027705176,0.5360882567841738,3.608825678417382,0.00644634756926294,total,nba,,,,,,,,,,,,,,,,,,,,,,,0.4639117432158262,0.5360882567841738,2.1555824240792476,1.8653644942694474,2.1555824240792476,1.8653644942694474,0.5238094988662143,0.5238094988662143,0.5,0.5,-0.11435026623235511,-0.03608825678417382,0.0,-11.435026623235512,-3.608825678417382,0.023441266232355318,0.03608825678417382,0.02578539027705176,2.344126623235532,3.608825678417382
Basketball,NBA,2025_11_03,NBA_2025_11_03_New_York_Knicks_Washington_Wizards,2026_04_17,08:40 PM,New York Knicks,Washington Wizards,-11.5,11.5,236.0,-620,458,-110,-110,-110,-110,1.16129,5.58,1.909091,1.909091,1.909091,1.909091,0.818,0.182,120.5,111.3,231.8,1,2025_NBA,,,,,,,,,,,,,,,,,,,,,,,,,under,236.0,-110.0,0.1235792332696537,0.13593714300290474,0.5885414751154626,8.854147511546262,0.033984285750726186,total,nba,,,,,,,,,,,,,,,,,,,,,,,0.4114585248845374,0.5885414751154626,2.4303786153917164,1.6991155972547485,2.4303786153917164,1.6991155972547485,0.5238094988662143,0.5238094988662143,0.5,0.5,-0.2144882332696536,-0.08854147511546262,0.0,-21.44882332696536,-8.854147511546262,0.1235792332696537,0.08854147511546262,0.13593714300290474,12.35792332696537,8.854147511546262
Basketball,NBA,2025_11_03,NBA_2025_11_03_Portland_Trail_Blazers_Los_Angeles_Lakers,2026_04_17,11:10 PM,Portland Trail Blazers,Los Angeles Lakers,-9.5,9.5,231.5,-165,145,-115,-105,-110,-110,1.606061,2.45,1.869565,1.952381,1.909091,1.909091,0.711,0.289,116.5,110.5,227.0,1,2025_NBA,,,,,,,,,,,,,,,,,,,,,,,,,under,231.5,-110.0,0.13543112767660404,0.14897422554684175,0.5947496099853825,9.47496099853825,0.03724355638671044,total,nba,,,,,,,,,,,,,,,,,,,,,,,0.4052503900146175,0.5947496099853825,2.4676102099838317,1.6813798331445355,2.4676102099838317,1.6813798331445355,0.5238094988662143,0.5238094988662143,0.5,0.5,-0.22634012767660383,-0.09474960998538251,0.0,-22.634012767660384,-9.47496099853825,0.13543112767660404,0.09474960998538251,0.14897422554684175,13.543112767660404,9.47496099853825
Basketball,NBA,2025_11_04,NBA_2025_11_04_Chicago_Bulls_Philadelphia_76ers,2026_04_17,09:10 PM,Chicago Bulls,Philadelphia 76ers,-1.0,1.0,239.0,-125,105,-110,-110,-110,-110,1.8,2.05,1.909091,1.909091,1.909091,1.909091,0.519,0.481,118.3,117.9,236.2,1,2025_NBA,,,,,,,,,,,,,,,,,,,,,,,,,under,239.0,-110.0,0.06775592788536677,0.07453151322075224,0.5593006974970637,5.930069749706368,0.01863287830518806,total,nba,,,,,,,,,,,,,,,,,,,,,,,0.4406993025029363,0.5593006974970637,2.2691209047088,1.787946992512467,2.2691209047088,1.787946992512467,0.5238094988662143,0.5238094988662143,0.5,0.5,-0.1586649278853668,-0.05930069749706368,0.0,-15.866492788536679,-5.930069749706368,0.06775592788536677,0.05930069749706368,0.07453151322075224,6.775592788536677,5.930069749706368
Basketball,NBA,2025_11_04,NBA_2025_11_04_Golden_State_Warriors_Phoenix_Suns,2026_04_17,11:10 PM,Golden State Warriors,Phoenix Suns,-10.0,10.0,231.5,-450,350,-110,-110,-110,-110,1.222222,4.5,1.909091,1.909091,1.909091,1.909091,0.8,0.2,119.4,110.8,230.2,1,2025_NBA,,,,,,,,,,,,,,,,,,,,,,,,,under,231.5,-110.0,0.007260397257830009,0.00798643618496939,0.5276125639154079,2.7612563915407895,0.0019966090462423475,total,nba,,,,,,,,,,,,,,,,,,,,,,,0.4723874360845921,0.5276125639154079,2.116906428097564,1.895330150174987,2.116906428097564,1.895330150174987,0.5238094988662143,0.5238094988662143,0.5,0.5,-0.09816939725782992,-0.027612563915407895,0.0,-9.81693972578299,-2.7612563915407895,0.007260397257830009,0.027612563915407895,0.00798643618496939,0.7260397257830009,2.7612563915407895
Basketball,NBA,2025_11_04,NBA_2025_11_04_New_Orleans_Pelicans_Charlotte_Hornets,2026_04_17,09:10 PM,New Orleans Pelicans,Charlotte Hornets,-1.5,1.5,234.0,-120,100,-110,-110,-110,-110,1.833333,2.0,1.909091,1.909091,1.909091,1.909091,0.545,0.455,118.5,117.0,235.5,1,2025_NBA,,,,,,,,,,,,,,,,,,,,,,,,,over,234.0,-110.0,0.015354277306573128,0.016889703348260104,0.5318522151676233,3.1852215167623266,0.004222425837065026,total,nba,,,,,,,,,,,,,,,,,,,,,,,0.5318522151676233,0.46814778483237673,1.8802215568188074,2.1360776071130108,1.8802215568188074,2.1360776071130108,0.5238094988662143,0.5238094988662143,0.5,0.5,0.015354277306573128,0.031852215167623266,0.016889703348260104,1.5354277306573128,3.1852215167623266,-0.10626327730657303,-0.031852215167623266,0.0,-10.626327730657303,-3.1852215167623266
Basketball,NBA,2025_11_04,NBA_2025_11_04_Toronto_Raptors_Milwaukee_Bucks,2026_04_17,08:40 PM,Toronto Raptors,Milwaukee Bucks,-4.0,4.0,237.5,-175,153,-115,-105,-110,-110,1.571429,2.53,1.869565,1.952381,1.909091,1.909091,0.588,0.412,118.5,115.7,234.2,1,2025_NBA,,,,,,,,,,,,,,,,,,,,,,,,,under,237.5,-110.0,0.08778032400350066,0.09655834674801604,0.5697896663928019,6.978966639280193,0.02413958668700401,total,nba,,,,,,,,,,,,,,,,,,,,,,,0.43021033360719807,0.5697896663928019,2.3244443981976644,1.755033583411145,2.3244443981976644,1.755033583411145,0.5238094988662143,0.5238094988662143,0.5,0.5,-0.17868932400350057,-0.06978966639280193,0.0,-17.868932400350058,-6.978966639280193,0.08778032400350066,0.06978966639280193,0.09655834674801604,8.778032400350067,6.978966639280193
Basketball,NBA,2025_11_05,NBA_2025_11_05_Boston_Celtics_Washington_Wizards,2026_04_17,08:40 PM,Boston Celtics,Washington Wizards,-12.0,12.0,230.5,-580,434,-110,-110,-110,-110,1.172414,5.34,1.909091,1.909091,1.909091,1.909091,0.805,0.195,120.6,111.8,232.4,1,2025_NBA,,,,,,,,,,,,,,,,,,,,,,,,,over,230.5,-110.0,0.03152045231118228,0.034672494075051095,0.5403202111953711,4.03202111953711,0.008668123518762774,total,nba,,,,,,,,,,,,,,,,,,,,,,,0.5403202111953711,0.45967978880462884,1.8507543846780443,2.175427383049499,1.8507543846780443,2.175427383049499,0.5238094988662143,0.5238094988662143,0.5,0.5,0.03152045231118228,0.0403202111953711,0.034672494075051095,3.152045231118228,4.03202111953711,-0.1224294523111823,-0.04032021119537116,0.0,-12.24294523111823,-4.032021119537116
Basketball,NBA,2025_11_05,NBA_2025_11_05_Denver_Nuggets_Miami_Heat,2026_04_17,10:10 PM,Denver Nuggets,Miami Heat,-9.0,9.0,237.0,-390,310,-110,-110,-110,-110,1.25641,4.1,1.909091,1.909091,1.909091,1.909091,0.806,0.194,121.6,112.7,234.3,1,2025_NBA,,,,,,,,,,,,,,,,,,,,,,,,,under,237.0,-110.0,0.06374103289533517,0.07011512917335576,0.5571976573643347,5.719765736433469,0.01752878229333894,total,nba,,,,,,,,,,,,,,,,,,,,,,,0.4428023426356653,0.5571976573643347,2.2583439691121803,1.794695269772339,2.2583439691121803,1.794695269772339,0.5238094988662143,0.5238094988662143,0.5,0.5,-0.15465003289533508,-0.057197657364334686,0.0,-15.465003289533508,-5.719765736433469,0.06374103289533517,0.057197657364334686,0.07011512917335576,6.374103289533517,5.719765736433469
Basketball,NBA,2025_11_05,NBA_2025_11_05_Detroit_Pistons_Utah_Jazz,2026_04_17,08:10 PM,Detroit Pistons,Utah Jazz,-9.0,9.0,232.0,-460,358,-110,-110,-110,-110,1.217391,4.58,1.909091,1.909091,1.909091,1.909091,0.796,0.204,120.9,112.5,233.4,1,2025_NBA,,,,,,,,,,,,,,,,,,,,,,,,,over,232.0,-110.0,0.011308141594687182,0.012438954510260386,0.5297328108480356,2.9732810848035585,0.0031097386275650966,total,nba,,,,,,,,,,,,,,,,,,,,,,,0.5297328108480356,0.4702671891519644,1.8877441221719413,2.126450713695986,1.8877441221719413,2.126450713695986,0.5238094988662143,0.5238094988662143,0.5,0.5,0.011308141594687182,0.029732810848035585,0.012438954510260386,1.1308141594687182,2.9732810848035585,-0.10221714159468709,-0.029732810848035585,0.0,-10.221714159468709,-2.9732810848035585
Basketball,NBA,2025_11_05,NBA_2025_11_05_Indiana_Pacers_Brooklyn_Nets,2026_04_17,08:10 PM,Indiana Pacers,Brooklyn Nets,-6.5,6.5,232.5,-255,211,-110,-110,-110,-110,1.392157,3.11,1.909091,1.909091,1.909091,1.909091,0.639,0.361,115.9,111.8,227.7,1,2025_NBA,,,,,,,,,,,,,,,,,,,,,,,,,under,232.5,-110.0,0.14723768210656063,0.1619614341210734,0.6009339953446748,10.093399534467483,0.04049035853026835,total,nba,,,,,,,,,,,,,,,,,,,,,,,0.39906600465532516,0.6009339953446748,2.5058511332322175,1.664076267521585,2.5058511332322175,1.664076267521585,0.5238094988662143,0.5238094988662143,0.5,0.5,-0.23814668210656065,-0.10093399534467484,0.0,-23.814668210656066,-10.093399534467483,0.14723768210656063,0.10093399534467484,0.1619614341210734,14.723768210656063,10.093399534467483
Basketball,NBA,2025_11_05,NBA_2025_11_05_Los_Angeles_Lakers_San_Antonio_Spurs,2026_04_17,11:10 PM,Los Angeles Lakers,San Antonio Spurs,-3.5,3.5,230.5,-133,113,-110,-110,-110,-110,1.75188,2.13,1.909091,1.909091,1.909091,1.909091,0.483,0.517,113.7,114.9,228.6,1,2025_NBA,,,,,,,,,,,,,,,,,,,,,,,,,under,230.5,-110.0,0.0315204523111825,0.03467249407505134,0.5403202111953712,4.032021119537122,0.008668123518762835,total,nba,,,,,,,,,,,,,,,,,,,,,,,0.4596797888046288,0.5403202111953712,2.1754273830494992,1.8507543846780439,2.1754273830494992,1.8507543846780439,0.5238094988662143,0.5238094988662143,0.5,0.5,-0.12242945231118241,-0.040320211195371214,0.0,-12.242945231118242,-4.032021119537122,0.0315204523111825,0.040320211195371214,0.03467249407505134,3.15204523111825,4.032021119537122
Basketball,NBA,2025_11_05,NBA_2025_11_05_New_York_Knicks_Minnesota_Timberwolves,2026_04_17,08:40 PM,New York Knicks,Minnesota Timberwolves,-4.5,4.5,229.5,-200,174,-110,-110,-110,-110,1.5,2.74,1.909091,1.909091,1.909091,1.909091,0.552,0.448,112.7,111.0,223.7,1,2025_NBA,,,,,,,,,,,,,,,,,,,,,,,,,under,229.5,-110.0,0.186229327549861,0.20485223981962322,0.6213581896042991,12.135818960429912,0.05,total,nba,,,,,,,,,,,,,,,,,,,,,,,0.3786418103957009,0.6213581896042991,2.6410184309940488,1.6093776773696862,2.6410184309940488,1.6093776773696862,0.5238094988662143,0.5238094988662143,0.5,0.5,-0.277138327549861,-0.12135818960429912,0.0,-27.7138327549861,-12.135818960429912,0.186229327549861,0.12135818960429912,0.20485223981962322,18.6229327549861,12.135818960429912
Basketball,NBA,2025_11_05,NBA_2025_11_05_Portland_Trail_Blazers_Oklahoma_City_Thunder,2026_04_17,11:10 PM,Portland Trail Blazers,Oklahoma City Thunder,6.0,-6.0,229.5,183,-215,-115,-105,-110,-110,2.83,1.465116,1.869565,1.952381,1.909091,1.909091,0.345,0.655,112.7,118.1,230.8,1,2025_NBA,,,,,,,,,,,,,,,,,,,,,,,,,over,229.5,-110.0,0.007260397257830009,0.00798643618496939,0.5276125639154079,2.7612563915407895,0.0019966090462423475,total,nba,,,,,,,,,,,,,,,,,,,,,,,0.5276125639154079,0.4723874360845921,1.895330150174987,2.116906428097564,1.895330150174987,2.116906428097564,0.5238094988662143,0.5238094988662143,0.5,0.5,0.007260397257830009,0.027612563915407895,0.00798643618496939,0.7260397257830009,2.7612563915407895,-0.09816939725782992,-0.027612563915407895,0.0,-9.81693972578299,-2.7612563915407895
Basketball,NBA,2025_11_06,NBA_2025_11_06_Phoenix_Suns_Los_Angeles_Clippers,2026_04_17,10:10 PM,Phoenix Suns,Los Angeles Clippers,5.5,-5.5,227.0,-145,125,-110,-110,-110,-110,1.689655,2.25,1.909091,1.909091,1.909091,1.909091,0.507,0.493,111.8,111.9,223.7,1,2025_NBA,,,,,,,,,,,,,,,,,,,,,,,,,under,227.0,-110.0,0.08778032400350066,0.09655834674801604,0.5697896663928019,6.978966639280193,0.02413958668700401,total,nba,,,,,,,,,,,,,,,,,,,,,,,0.43021033360719807,0.5697896663928019,2.3244443981976644,1.755033583411145,2.3244443981976644,1.755033583411145,0.5238094988662143,0.5238094988662143,0.5,0.5,-0.17868932400350057,-0.06978966639280193,0.0,-17.868932400350058,-6.978966639280193,0.08778032400350066,0.06978966639280193,0.09655834674801604,8.778032400350067,6.978966639280193
Basketball,NBA,2025_11_07,NBA_2025_11_07_Atlanta_Hawks_Toronto_Raptors,2026_04_17,08:40 PM,Atlanta Hawks,Toronto Raptors,-2.5,2.5,234.5,-115,-105,-110,-110,-110,-110,1.869565,1.952381,1.909091,1.909091,1.909091,1.909091,0.484,0.516,115.9,117.1,233.0,1,2025_NBA,,,,,,,,,,,,,,,,,,,,,,,,,under,234.5,-110.0,0.015354277306573128,0.016889703348260104,0.5318522151676233,3.1852215167623266,0.004222425837065026,total,nba,,,,,,,,,,,,,,,,,,,,,,,0.46814778483237673,0.5318522151676233,2.1360776071130108,1.8802215568188074,2.1360776071130108,1.8802215568188074,0.5238094988662143,0.5238094988662143,0.5,0.5,-0.10626327730657303,-0.031852215167623266,0.0,-10.626327730657303,-3.1852215167623266,0.015354277306573128,0.031852215167623266,0.016889703348260104,1.5354277306573128,3.1852215167623266
Basketball,NBA,2025_11_07,NBA_2025_11_07_Denver_Nuggets_Golden_State_Warriors,2026_04_17,11:10 PM,Denver Nuggets,Golden State Warriors,-5.0,5.0,236.0,-425,334,-110,-110,-110,-110,1.235294,4.34,1.909091,1.909091,1.909091,1.909091,0.757,0.243,120.6,113.0,233.6,1,2025_NBA,,,,,,,,,,,,,,,,,,,,,,,,,under,236.0,-110.0,0.05167832161588626,0.05684614809285995,0.5508790946140787,5.087909461407869,0.014211537023214987,total,nba,,,,,,,,,,,,,,,,,,,,,,,0.4491209053859213,0.5508790946140787,2.2265719275318934,1.8152803578443204,2.2265719275318934,1.8152803578443204,0.5238094988662143,0.5238094988662143,0.5,0.5,-0.14258732161588605,-0.05087909461407869,0.0,-14.258732161588606,-5.087909461407869,0.05167832161588626,0.05087909461407869,0.05684614809285995,5.167832161588626,5.087909461407869
Basketball,NBA,2025_11_07,NBA_2025_11_07_Memphis_Grizzlies_Dallas_Mavericks,2026_04_17,09:10 PM,Memphis Grizzlies,Dallas Mavericks,-3.0,3.0,228.5,-170,149,-110,-110,-110,-110,1.588235,2.49,1.909091,1.909091,1.909091,1.909091,0.58,0.42,118.5,116.1,234.6,1,2025_NBA,,,,,,,,,,,,,,,,,,,,,,,,,over,228.5,-110.0,0.19780716769234097,0.21758786270278865,0.6274227722472846,12.74227722472846,0.05,total,nba,,,,,,,,,,,,,,,,,,,,,,,0.6274227722472846,0.3725772277527154,1.5938216530111413,2.6840073024101025,1.5938216530111413,2.6840073024101025,0.5238094988662143,0.5238094988662143,0.5,0.5,0.19780716769234097,0.1274227722472846,0.21758786270278865,19.780716769234097,12.74227722472846,-0.28871616769234076,-0.1274227722472846,0.0,-28.871616769234077,-12.74227722472846
Basketball,NBA,2025_11_07,NBA_2025_11_07_Miami_Heat_Charlotte_Hornets,2026_04_17,09:10 PM,Miami Heat,Charlotte Hornets,-5.0,5.0,238.5,-180,157,-110,-110,-110,-110,1.555556,2.57,1.909091,1.909091,1.909091,1.909091,0.601,0.399,119.6,116.5,236.1,1,2025_NBA,,,,,,,,,,,,,,,,,,,,,,,,,under,238.5,-110.0,0.05167832161588626,0.05684614809285995,0.5508790946140787,5.087909461407869,0.014211537023214987,total,nba,,,,,,,,,,,,,,,,,,,,,,,0.4491209053859213,0.5508790946140787,2.2265719275318934,1.8152803578443204,2.2265719275318934,1.8152803578443204,0.5238094988662143,0.5238094988662143,0.5,0.5,-0.14258732161588605,-0.05087909461407869,0.0,-14.258732161588606,-5.087909461407869,0.05167832161588626,0.05087909461407869,0.05684614809285995,5.167832161588626,5.087909461407869
Basketball,NBA,2025_11_07,NBA_2025_11_07_Milwaukee_Bucks_Chicago_Bulls,2026_04_17,09:10 PM,Milwaukee Bucks,Chicago Bulls,-4.0,4.0,242.0,-165,145,-110,-110,-110,-110,1.606061,2.45,1.909091,1.909091,1.909091,1.909091,0.636,0.364,120.4,116.3,236.7,1,2025_NBA,,,,,,,,,,,,,,,,,,,,,,,,,under,242.0,-110.0,0.16680684311211658,0.1834875090745772,0.6111845077642273,11.118450776422728,0.0458718772686443,total,nba,,,,,,,,,,,,,,,,,,,,,,,0.3888154922357727,0.6111845077642273,2.57191397968683,1.6361671267782913,2.57191397968683,1.6361671267782913,0.5238094988662143,0.5238094988662143,0.5,0.5,-0.25771584311211637,-0.11118450776422728,0.0,-25.771584311211637,-11.118450776422728,0.16680684311211658,0.11118450776422728,0.1834875090745772,16.680684311211657,11.118450776422728
Basketball,NBA,2025_11_07,NBA_2025_11_07_Orlando_Magic_Boston_Celtics,2026_04_17,08:10 PM,Orlando Magic,Boston Celtics,-4.0,4.0,224.5,-150,130,-110,-110,-110,-110,1.666667,2.3,1.909091,1.909091,1.909091,1.909091,0.578,0.422,115.7,113.1,228.8,1,2025_NBA,,,,,,,,,,,,,,,,,,,,,,,,,over,224.5,-110.0,0.12753472630455698,0.14028818490619405,0.5906133999398441,9.061339993984408,0.03507204622654851,total,nba,,,,,,,,,,,,,,,,,,,,,,,0.5906133999398441,0.4093866000601559,1.6931549472156462,2.4426788757938303,1.6931549472156462,2.4426788757938303,0.5238094988662143,0.5238094988662143,0.5,0.5,0.12753472630455698,0.09061339993984407,0.14028818490619405,12.753472630455697,9.061339993984408,-0.21844372630455677,-0.09061339993984407,0.0,-21.844372630455677,-9.061339993984408
Basketball,NBA,2025_11_08,NBA_2025_11_08_Atlanta_Hawks_Los_Angeles_Lakers,2026_04_17,09:10 PM,Atlanta Hawks,Los Angeles Lakers,2.0,-2.0,231.0,130,-150,-110,-110,-110,-110,2.3,1.666667,1.909091,1.909091,1.909091,1.909091,0.318,0.682,111.3,117.2,228.5,1,2025_NBA,,,,,,,,,,,,,,,,,,,,,,,,,under,231.0,-110.0,0.05570211783101153,0.061272323486880456,0.5529867972930633,5.298679729306333,0.015318080871720114,total,nba,,,,,,,,,,,,,,,,,,,,,,,0.4470132027069367,0.5529867972930633,2.2370703906381113,1.8083614380942183,2.2370703906381113,1.8083614380942183,0.5238094988662143,0.5238094988662143,0.5,0.5,-0.14661111783101155,-0.052986797293063326,0.0,-14.661111783101155,-5.298679729306333,0.05570211783101153,0.052986797293063326,0.061272323486880456,5.570211783101153,5.298679729306333
Basketball,NBA,2025_11_08,NBA_2025_11_08_Cleveland_Cavaliers_Chicago_Bulls,2026_04_17,09:10 PM,Cleveland Cavaliers,Chicago Bulls,-8.5,8.5,241.0,-365,292,-110,-110,-110,-110,1.273973,3.92,1.909091,1.909091,1.909091,1.909091,0.796,0.204,123.1,114.5,237.6,1,2025_NBA,,,,,,,,,,,,,,,,,,,,,,,,,under,241.0,-110.0,0.0917744125655875,0.10095184372696187,0.5718818079209359,7.18818079209359,0.025237960931740466,total,nba,,,,,,,,,,,,,,,,,,,,,,,0.4281181920790641,0.5718818079209359,2.3358035666359207,1.7486130633101946,2.3358035666359207,1.7486130633101946,0.5238094988662143,0.5238094988662143,0.5,0.5,-0.1826834125655874,-0.0718818079209359,0.0,-18.26834125655874,-7.18818079209359,0.0917744125655875,0.0718818079209359,0.10095184372696187,9.17744125655875,7.18818079209359
Basketball,NBA,2025_11_08,NBA_2025_11_08_Miami_Heat_Portland_Trail_Blazers,2026_04_17,09:10 PM,Miami Heat,Portland Trail Blazers,2.5,-2.5,239.5,117,-137,-115,-105,-110,-110,2.17,1.729927,1.869565,1.952381,1.909091,1.909091,0.431,0.569,116.0,119.1,235.1,1,2025_NBA,,,,,,,,,,,,,,,,,,,,,,,,,under,239.5,-110.0,0.13148539315400187,0.14463391800601025,0.5926827967624392,9.268279676243917,0.03615847950150256,total,nba,,,,,,,,,,,,,,,,,,,,,,,0.4073172032375608,0.5926827967624392,2.455089036386138,1.6872431686267129,2.455089036386138,1.6872431686267129,0.5238094988662143,0.5238094988662143,0.5,0.5,-0.22239439315400178,-0.09268279676243918,0.0,-22.239439315400176,-9.268279676243917,0.13148539315400187,0.09268279676243918,0.14463391800601025,13.148539315400187,9.268279676243917
Basketball,NBA,2025_11_08,NBA_2025_11_08_Philadelphia_76ers_Toronto_Raptors,2026_04_17,08:40 PM,Philadelphia 76ers,Toronto Raptors,-5.5,5.5,237.5,-190,165,-110,-110,-110,-110,1.526316,2.65,1.909091,1.909091,1.909091,1.909091,0.56,0.44,118.1,116.2,234.3,1,2025_NBA,,,,,,,,,,,,,,,,,,,,,,,,,under,237.5,-110.0,0.08378249144771499,0.09216073137641334,0.5676955637252048,6.76955637252048,0.023040182844103335,total,nba,,,,,,,,,,,,,,,,,,,,,,,0.4323044362747952,0.5676955637252048,2.3131846821121864,1.761507511945353,2.3131846821121864,1.761507511945353,0.5238094988662143,0.5238094988662143,0.5,0.5,-0.1746914914477149,-0.0676955637252048,0.0,-17.46914914477149,-6.76955637252048,0.08378249144771499,0.0676955637252048,0.09216073137641334,8.378249144771498,6.76955637252048
Basketball,NBA,2025_11_08,NBA_2025_11_08_San_Antonio_Spurs_New_Orleans_Pelicans,2026_04_17,09:10 PM,San Antonio Spurs,New Orleans Pelicans,-12.0,12.0,230.0,-550,415,-110,-110,-110,-110,1.181818,5.15,1.909091,1.909091,1.909091,1.909091,0.734,0.266,117.3,110.4,227.7,1,2025_NBA,,,,,,,,,,,,,,,,,,,,,,,,,under,230.0,-110.0,0.047651782594051895,0.05241695561176152,0.5487699552268864,4.8769955226886434,0.01310423890294038,total,nba,,,,,,,,,,,,,,,,,,,,,,,0.45123004477311357,0.5487699552268864,2.216164485462881,1.8222571962536736,2.216164485462881,1.8222571962536736,0.5238094988662143,0.5238094988662143,0.5,0.5,-0.1385607825940518,-0.04876995522688643,0.0,-13.85607825940518,-4.8769955226886434,0.047651782594051895,0.04876995522688643,0.05241695561176152,4.7651782594051895,4.8769955226886434
Basketball,NBA,2025_11_09,NBA_2025_11_09_Memphis_Grizzlies_Oklahoma_City_Thunder,2026_04_17,07:10 PM,Memphis Grizzlies,Oklahoma City Thunder,9.5,-9.5,235.5,400,-525,-110,-110,-110,-110,5.0,1.190476,1.909091,1.909091,1.909091,1.909091,0.244,0.756,114.5,122.8,237.3,1,2025_NBA,,,,,,,,,,,,,,,,,,,,,,,,,over,235.5,-110.0,0.027481891510435785,0.030230077638471537,0.5382047746861913,3.8204774686191323,0.007557519409617884,total,nba,,,,,,,,,,,,,,,,,,,,,,,0.5382047746861913,0.4617952253138087,1.8580288526482611,2.165461973584632,1.8580288526482611,2.165461973584632,0.5238094988662143,0.5238094988662143,0.5,0.5,0.027481891510435785,0.03820477468619132,0.030230077638471537,2.7481891510435785,3.8204774686191323,-0.11839089151043558,-0.03820477468619132,0.0,-11.839089151043558,-3.8204774686191323
Basketball,NBA,2025_11_09,NBA_2025_11_09_Milwaukee_Bucks_Houston_Rockets,2026_04_17,04:40 PM,Milwaukee Bucks,Houston Rockets,3.5,-3.5,231.5,149,-170,-110,-110,-110,-110,2.49,1.588235,1.909091,1.909091,1.909091,1.909091,0.445,0.555,112.3,115.0,227.3,1,2025_NBA,,,,,,,,,,,,,,,,,,,,,,,,,under,231.5,-110.0,0.1235792332696537,0.13593714300290474,0.5885414751154626,8.854147511546262,0.033984285750726186,total,nba,,,,,,,,,,,,,,,,,,,,,,,0.4114585248845374,0.5885414751154626,2.4303786153917164,1.6991155972547485,2.4303786153917164,1.6991155972547485,0.5238094988662143,0.5238094988662143,0.5,0.5,-0.2144882332696536,-0.08854147511546262,0.0,-21.44882332696536,-8.854147511546262,0.1235792332696537,0.08854147511546262,0.13593714300290474,12.35792332696537,8.854147511546262
Basketball,NBA,2025_11_09,NBA_2025_11_09_New_York_Knicks_Brooklyn_Nets,2026_04_17,07:10 PM,New York Knicks,Brooklyn Nets,-15.0,15.0,229.5,-1100,709,-110,-110,-110,-110,1.090909,8.09,1.909091,1.909091,1.909091,1.909091,0.872,0.128,118.1,107.1,225.2,1,2025_NBA,,,,,,,,,,,,,,,,,,,,,,,,,under,229.5,-110.0,0.12753472630455698,0.14028818490619405,0.5906133999398441,9.061339993984408,0.03507204622654851,total,nba,,,,,,,,,,,,,,,,,,,,,,,0.4093866000601559,0.5906133999398441,2.4426788757938303,1.6931549472156462,2.4426788757938303,1.6931549472156462,0.5238094988662143,0.5238094988662143,0.5,0.5,-0.21844372630455677,-0.09061339993984407,0.0,-21.844372630455677,-9.061339993984408,0.12753472630455698,0.09061339993984407,0.14028818490619405,12.753472630455697,9.061339993984408
Basketball,NBA,2025_11_09,NBA_2025_11_09_Philadelphia_76ers_Detroit_Pistons,2026_04_17,08:40 PM,Philadelphia 76ers,Detroit Pistons,2.5,-2.5,232.5,137,-157,-105,-115,-110,-110,2.37,1.636943,1.952381,1.869565,1.909091,1.909091,0.355,0.645,112.5,117.6,230.1,1,2025_NBA,,,,,,,,,,,,,,,,,,,,,,,,,under,232.5,-110.0,0.05167832161588626,0.05684614809285995,0.5508790946140787,5.087909461407869,0.014211537023214987,total,nba,,,,,,,,,,,,,,,,,,,,,,,0.4491209053859213,0.5508790946140787,2.2265719275318934,1.8152803578443204,2.2265719275318934,1.8152803578443204,0.5238094988662143,0.5238094988662143,0.5,0.5,-0.14258732161588605,-0.05087909461407869,0.0,-14.258732161588606,-5.087909461407869,0.05167832161588626,0.05087909461407869,0.05684614809285995,5.167832161588626,5.087909461407869
Basketball,NBA,2025_11_09,NBA_2025_11_09_Sacramento_Kings_Minnesota_Timberwolves,2026_04_17,10:10 PM,Sacramento Kings,Minnesota Timberwolves,5.5,-5.5,234.5,183,-215,-110,-110,-110,-110,2.83,1.465116,1.909091,1.909091,1.909091,1.909091,0.395,0.605,110.7,114.7,225.4,1,2025_NBA,,,,,,,,,,,,,,,,,,,,,,,,,under,234.5,-110.0,0.3098698888843827,0.3408568436871365,0.6861222900764723,18.61222900764723,0.05,total,nba,,,,,,,,,,,,,,,,,,,,,,,0.3138777099235277,0.6861222900764723,3.185954173820235,1.457466131713261,3.185954173820235,1.457466131713261,0.5238094988662143,0.5238094988662143,0.5,0.5,-0.4007788888843825,-0.1861222900764723,0.0,-40.07788888843825,-18.61222900764723,0.3098698888843827,0.1861222900764723,0.3408568436871365,30.986988888438272,18.61222900764723
Basketball,NBA,2025_11_10,NBA_2025_11_10_Charlotte_Hornets_Los_Angeles_Lakers,2026_04_17,08:10 PM,Charlotte Hornets,Los Angeles Lakers,7.5,-7.5,231.0,234,-285,-110,-110,-110,-110,3.34,1.350877,1.909091,1.909091,1.909091,1.909091,0.313,0.687,113.8,119.9,233.7,1,2025_NBA,,,,,,,,,,,,,,,,,,,,,,,,,over,231.0,-110.0,0.06374103289533517,0.07011512917335576,0.5571976573643347,5.719765736433469,0.01752878229333894,total,nba,,,,,,,,,,,,,,,,,,,,,,,0.5571976573643347,0.44280234263566526,1.794695269772339,2.2583439691121807,1.794695269772339,2.2583439691121807,0.5238094988662143,0.5238094988662143,0.5,0.5,0.06374103289533517,0.057197657364334686,0.07011512917335576,6.374103289533517,5.719765736433469,-0.1546500328953352,-0.05719765736433474,0.0,-15.465003289533518,-5.719765736433474
Basketball,NBA,2025_11_10,NBA_2025_11_10_Chicago_Bulls_San_Antonio_Spurs,2026_04_17,09:10 PM,Chicago Bulls,San Antonio Spurs,1.0,-1.0,234.5,145,-165,-110,-110,-110,-110,2.45,1.606061,1.909091,1.909091,1.909091,1.909091,0.36,0.64,113.7,118.6,232.3,1,2025_NBA,,,,,,,,,,,,,,,,,,,,,,,,,under,234.5,-110.0,0.0436226132947406,0.04798486982572779,0.5466594380753671,4.66594380753671,0.011996217456431948,total,nba,,,,,,,,,,,,,,,,,,,,,,,0.4533405619246329,0.5466594380753671,2.205847179777062,1.8292924814775293,2.205847179777062,1.8292924814775293,0.5238094988662143,0.5238094988662143,0.5,0.5,-0.13453161329474062,-0.0466594380753671,0.0,-13.453161329474062,-4.66594380753671,0.0436226132947406,0.0466594380753671,0.04798486982572779,4.36226132947406,4.66594380753671
Basketball,NBA,2025_11_10,NBA_2025_11_10_Dallas_Mavericks_Milwaukee_Bucks,2026_04_17,09:40 PM,Dallas Mavericks,Milwaukee Bucks,2.0,-2.0,231.0,110,-130,-110,-110,-110,-110,2.1,1.769231,1.909091,1.909091,1.909091,1.909091,0.443,0.557,112.8,115.5,228.3,1,2025_NBA,,,,,,,,,,,,,,,,,,,,,,,,,under,231.0,-110.0,0.06374103289533517,0.07011512917335576,0.5571976573643347,5.719765736433469,0.01752878229333894,total,nba,,,,,,,,,,,,,,,,,,,,,,,0.4428023426356653,0.5571976573643347,2.2583439691121803,1.794695269772339,2.2583439691121803,1.794695269772339,0.5238094988662143,0.5238094988662143,0.5,0.5,-0.15465003289533508,-0.057197657364334686,0.0,-15.465003289533508,-5.719765736433469,0.06374103289533517,0.057197657364334686,0.07011512917335576,6.374103289533517,5.719765736433469
Basketball,NBA,2025_11_10,NBA_2025_11_10_Los_Angeles_Clippers_Atlanta_Hawks,2026_04_17,11:40 PM,Los Angeles Clippers,Atlanta Hawks,-4.5,4.5,225.5,-170,149,-110,-110,-110,-110,1.588235,2.49,1.909091,1.909091,1.909091,1.909091,0.674,0.326,114.7,109.5,224.2,1,2025_NBA,,,,,,,,,,,,,,,,,,,,,,,,,under,225.5,-110.0,0.007260397257830009,0.00798643618496939,0.5276125639154079,2.7612563915407895,0.0019966090462423475,total,nba,,,,,,,,,,,,,,,,,,,,,,,0.4723874360845921,0.5276125639154079,2.116906428097564,1.895330150174987,2.116906428097564,1.895330150174987,0.5238094988662143,0.5238094988662143,0.5,0.5,-0.09816939725782992,-0.027612563915407895,0.0,-9.81693972578299,-2.7612563915407895,0.007260397257830009,0.027612563915407895,0.00798643618496939,0.7260397257830009,2.7612563915407895
Basketball,NBA,2025_11_10,NBA_2025_11_10_Miami_Heat_Cleveland_Cavaliers,2026_04_17,08:40 PM,Miami Heat,Cleveland Cavaliers,6.5,-6.5,246.0,237,-290,-110,-110,-110,-110,3.37,1.344828,1.909091,1.909091,1.909091,1.909091,0.246,0.754,115.4,123.6,239.0,1,2025_NBA,,,,,,,,,,,,,,,,,,,,,,,,,under,246.0,-110.0,0.2321702751518222,0.2553872771282766,0.6454224943451213,14.542249434512133,0.05,total,nba,,,,,,,,,,,,,,,,,,,,,,,0.35457750565487867,0.6454224943451213,2.8202578676080234,1.5493727113038587,2.8202578676080234,1.5493727113038587,0.5238094988662143,0.5238094988662143,0.5,0.5,-0.323079275151822,-0.14542249434512133,0.0,-32.3079275151822,-14.542249434512133,0.2321702751518222,0.14542249434512133,0.2553872771282766,23.21702751518222,14.542249434512133
Basketball,NBA,2025_11_10,NBA_2025_11_10_Orlando_Magic_Portland_Trail_Blazers,2026_04_17,08:10 PM,Orlando Magic,Portland Trail Blazers,-2.5,2.5,236.0,-135,115,-105,-115,-110,-110,1.740741,2.15,1.952381,1.869565,1.909091,1.909091,0.616,0.384,117.2,113.8,231.0,1,2025_NBA,,,,,,,,,,,,,,,,,,,,,,,,,under,236.0,-110.0,0.1550821297808047,0.17059032569985247,0.6050429915498028,10.504299154980279,0.04264758142496312,total,nba,,,,,,,,,,,,,,,,,,,,,,,0.3949570084501972,0.6050429915498028,2.5319211423136365,1.6527751151013659,2.5319211423136365,1.6527751151013659,0.5238094988662143,0.5238094988662143,0.5,0.5,-0.2459911297808045,-0.10504299154980279,0.0,-24.599112978080452,-10.504299154980279,0.1550821297808047,0.10504299154980279,0.17059032569985247,15.508212978080472,10.504299154980279
Basketball,NBA,2025_11_10,NBA_2025_11_10_Utah_Jazz_Minnesota_Timberwolves,2026_04_17,10:10 PM,Utah Jazz,Minnesota Timberwolves,7.5,-7.5,236.0,234,-285,-110,-110,-110,-110,3.34,1.350877,1.909091,1.909091,1.909091,1.909091,0.259,0.741,111.9,119.7,231.6,1,2025_NBA,,,,,,,,,,,,,,,,,,,,,,,,,under,236.0,-110.0,0.13148539315400187,0.14463391800601025,0.5926827967624392,9.268279676243917,0.03615847950150256,total,nba,,,,,,,,,,,,,,,,,,,,,,,0.4073172032375608,0.5926827967624392,2.455089036386138,1.6872431686267129,2.455089036386138,1.6872431686267129,0.5238094988662143,0.5238094988662143,0.5,0.5,-0.22239439315400178,-0.09268279676243918,0.0,-22.239439315400176,-9.268279676243917,0.13148539315400187,0.09268279676243918,0.14463391800601025,13.148539315400187,9.268279676243917
Basketball,NBA,2025_11_11,NBA_2025_11_11_Brooklyn_Nets_Toronto_Raptors,2026_04_17,08:40 PM,Brooklyn Nets,Toronto Raptors,8.0,-8.0,232.5,316,-400,-110,-110,-110,-110,4.16,1.25,1.909091,1.909091,1.909091,1.909091,0.263,0.737,111.4,119.2,230.6,1,2025_NBA,,,,,,,,,,,,,,,,,,,,,,,,,under,232.5,-110.0,0.0315204523111825,0.03467249407505134,0.5403202111953712,4.032021119537122,0.008668123518762835,total,nba,,,,,,,,,,,,,,,,,,,,,,,0.4596797888046288,0.5403202111953712,2.1754273830494992,1.8507543846780439,2.1754273830494992,1.8507543846780439,0.5238094988662143,0.5238094988662143,0.5,0.5,-0.12242945231118241,-0.040320211195371214,0.0,-12.242945231118242,-4.032021119537122,0.0315204523111825,0.040320211195371214,0.03467249407505134,3.15204523111825,4.032021119537122
Basketball,NBA,2025_11_11,NBA_2025_11_11_Philadelphia_76ers_Boston_Celtics,2026_04_17,09:10 PM,Philadelphia 76ers,Boston Celtics,-1.5,1.5,233.0,-130,110,-110,-110,-110,-110,1.769231,2.1,1.909091,1.909091,1.909091,1.909091,0.448,0.552,113.7,116.3,230.0,1,2025_NBA,,,,,,,,,,,,,,,,,,,,,,,,,under,233.0,-110.0,0.07577603507253672,0.08335363024442735,0.5635017058236285,6.350170582362846,0.020838407561106838,total,nba,,,,,,,,,,,,,,,,,,,,,,,0.43649829417637154,0.5635017058236285,2.2909596975330673,1.7746175205244046,2.2909596975330673,1.7746175205244046,0.5238094988662143,0.5238094988662143,0.5,0.5,-0.16668503507253662,-0.06350170582362846,0.0,-16.66850350725366,-6.350170582362846,0.07577603507253672,0.06350170582362846,0.08335363024442735,7.577603507253672,6.350170582362846
Basketball,NBA,2025_11_11,NBA_2025_11_11_Utah_Jazz_Indiana_Pacers,2026_04_17,10:10 PM,Utah Jazz,Indiana Pacers,1.5,-1.5,229.0,100,-120,-110,-110,-105,-115,2.0,1.833333,1.909091,1.909091,1.952381,1.869565,0.411,0.589,114.8,118.4,233.2,1,2025_NBA,,,,,,,,,,,,,,,,,,,,,,,,,over,229.0,-105.0,0.1490571937274019,0.15651004558826984,0.5885414751154626,9.937574645262965,0.03912751139706746,total,nba,,,,,,,,,,,,,,,,,,,,,,,0.5885414751154626,0.4114585248845374,1.6991155972547485,2.4303786153917164,1.6991155972547485,2.4303786153917164,0.5121951094586559,0.5348837831260214,0.489165728662833,0.510834271337167,0.1490571937274019,0.09937574645262964,0.15651004558826984,14.90571937274019,9.937574645262965,-0.23075154292423994,-0.09937574645262959,0.0,-23.075154292423996,-9.93757464526296
Basketball,NBA,2025_11_12,NBA_2025_11_12_Boston_Celtics_Memphis_Grizzlies,2026_04_17,08:40 PM,Boston Celtics,Memphis Grizzlies,-8.0,8.0,230.0,-250,207,-110,-110,-110,-110,1.4,3.07,1.909091,1.909091,1.909091,1.909091,0.7,0.3,119.2,113.7,232.9,1,2025_NBA,,,,,,,,,,,,,,,,,,,,,,,,,over,230.0,-110.0,0.07176763236904926,0.07894438771151553,0.5614020664122608,6.140206641226076,0.019736096927878883,total,nba,,,,,,,,,,,,,,,,,,,,,,,0.5614020664122608,0.4385979335877392,1.7812545764048875,2.279992502062154,1.7812545764048875,2.279992502062154,0.5238094988662143,0.5238094988662143,0.5,0.5,0.07176763236904926,0.06140206641226076,0.07894438771151553,7.176763236904926,6.140206641226076,-0.1626766323690494,-0.061402066412260814,0.0,-16.267663236904937,-6.140206641226081
Basketball,NBA,2025_11_12,NBA_2025_11_12_Dallas_Mavericks_Phoenix_Suns,2026_04_17,09:40 PM,Dallas Mavericks,Phoenix Suns,2.0,-2.0,226.5,100,-120,-113,-107,-110,-110,2.0,1.833333,1.884956,1.934579,1.909091,1.909091,0.457,0.543,112.8,115.0,227.8,1,2025_NBA,,,,,,,,,,,,,,,,,,,,,,,,,over,226.5,-110.0,0.007260397257830009,0.00798643618496939,0.5276125639154079,2.7612563915407895,0.0019966090462423475,total,nba,,,,,,,,,,,,,,,,,,,,,,,0.5276125639154079,0.4723874360845921,1.895330150174987,2.116906428097564,1.895330150174987,2.116906428097564,0.5238094988662143,0.5238094988662143,0.5,0.5,0.007260397257830009,0.027612563915407895,0.00798643618496939,0.7260397257830009,2.7612563915407895,-0.09816939725782992,-0.027612563915407895,0.0,-9.81693972578299,-2.7612563915407895
Basketball,NBA,2025_11_12,NBA_2025_11_12_Houston_Rockets_Washington_Wizards,2026_04_17,09:10 PM,Houston Rockets,Washington Wizards,-15.0,15.0,235.5,-1500,874,-110,-110,-110,-110,1.066667,9.74,1.909091,1.909091,1.909091,1.909091,0.855,0.145,121.0,110.6,231.6,1,2025_NBA,,,,,,,,,,,,,,,,,,,,,,,,,under,235.5,-110.0,0.1116848644726458,0.12285333863457663,0.582311091756572,8.231109175657203,0.03071333465864416,total,nba,,,,,,,,,,,,,,,,,,,,,,,0.41768890824342797,0.582311091756572,2.3941262989373007,1.7172951265335636,2.3941262989373007,1.7172951265335636,0.5238094988662143,0.5238094988662143,0.5,0.5,-0.20259386447264582,-0.08231109175657203,0.0,-20.259386447264582,-8.231109175657203,0.1116848644726458,0.08231109175657203,0.12285333863457663,11.16848644726458,8.231109175657203
Basketball,NBA,2025_11_12,NBA_2025_11_12_Los_Angeles_Clippers_Denver_Nuggets,2026_04_17,11:40 PM,Los Angeles Clippers,Denver Nuggets,2.0,-2.0,226.0,115,-135,-110,-110,-110,-110,2.15,1.740741,1.909091,1.909091,1.909091,1.909091,0.407,0.593,112.0,115.7,227.7,1,2025_NBA,,,,,,,,,,,,,,,,,,,,,,,,,over,226.0,-110.0,0.023441266232355318,0.02578539027705176,0.5360882567841738,3.608825678417382,0.00644634756926294,total,nba,,,,,,,,,,,,,,,,,,,,,,,0.5360882567841738,0.4639117432158262,1.8653644942694474,2.1555824240792476,1.8653644942694474,2.1555824240792476,0.5238094988662143,0.5238094988662143,0.5,0.5,0.023441266232355318,0.03608825678417382,0.02578539027705176,2.344126623235532,3.608825678417382,-0.11435026623235511,-0.03608825678417382,0.0,-11.435026623235512,-3.608825678417382
Basketball,NBA,2025_11_12,NBA_2025_11_12_Miami_Heat_Cleveland_Cavaliers,2026_04_17,08:40 PM,Miami Heat,Cleveland Cavaliers,7.5,-7.5,250.0,-215,183,-110,-110,-110,-110,1.465116,2.83,1.909091,1.909091,1.909091,1.909091,0.515,0.485,119.3,119.1,238.4,1,2025_NBA,,,,,,,,,,,,,,,,,,,,,,,,,under,250.0,-110.0,0.39696813334975234,0.43666490301823735,0.7317451778620047,23.174517786200465,0.05,total,nba,,,,,,,,,,,,,,,,,,,,,,,0.26825482213799534,0.7317451778620047,3.7277987848642704,1.366595954785484,3.7277987848642704,1.366595954785484,0.5238094988662143,0.5238094988662143,0.5,0.5,-0.48787713334975236,-0.23174517786200466,0.0,-48.78771333497524,-23.174517786200465,0.39696813334975234,0.23174517786200466,0.43666490301823735,39.69681333497523,23.174517786200465
Basketball,NBA,2025_11_12,NBA_2025_11_12_New_York_Knicks_Orlando_Magic,2026_04_17,08:10 PM,New York Knicks,Orlando Magic,-4.5,4.5,228.5,-160,140,-110,-110,-110,-110,1.625,2.4,1.909091,1.909091,1.909091,1.909091,0.55,0.45,114.4,112.7,227.1,1,2025_NBA,,,,,,,,,,,,,,,,,,,,,,,,,under,228.5,-110.0,0.011308141594687182,0.012438954510260386,0.5297328108480356,2.9732810848035585,0.0031097386275650966,total,nba,,,,,,,,,,,,,,,,,,,,,,,0.4702671891519644,0.5297328108480356,2.126450713695986,1.8877441221719413,2.126450713695986,1.8877441221719413,0.5238094988662143,0.5238094988662143,0.5,0.5,-0.10221714159468709,-0.029732810848035585,0.0,-10.221714159468709,-2.9732810848035585,0.011308141594687182,0.029732810848035585,0.012438954510260386,1.1308141594687182,2.9732810848035585
Basketball,NBA,2025_11_12,NBA_2025_11_12_Oklahoma_City_Thunder_Los_Angeles_Lakers,2026_04_17,10:40 PM,Oklahoma City Thunder,Los Angeles Lakers,-6.5,6.5,232.0,-270,222,-110,-110,-110,-110,1.37037,3.22,1.909091,1.909091,1.909091,1.909091,0.632,0.368,116.3,112.5,228.8,1,2025_NBA,,,,,,,,,,,,,,,,,,,,,,,,,under,232.0,-110.0,0.08378249144771499,0.09216073137641334,0.5676955637252048,6.76955637252048,0.023040182844103335,total,nba,,,,,,,,,,,,,,,,,,,,,,,0.4323044362747952,0.5676955637252048,2.3131846821121864,1.761507511945353,2.3131846821121864,1.761507511945353,0.5238094988662143,0.5238094988662143,0.5,0.5,-0.1746914914477149,-0.0676955637252048,0.0,-17.46914914477149,-6.76955637252048,0.08378249144771499,0.0676955637252048,0.09216073137641334,8.378249144771498,6.76955637252048
Basketball,NBA,2025_11_12,NBA_2025_11_12_Sacramento_Kings_Atlanta_Hawks,2026_04_17,11:10 PM,Sacramento Kings,Atlanta Hawks,3.5,-3.5,234.5,140,-160,-110,-110,-110,-110,2.4,1.625,1.909091,1.909091,1.909091,1.909091,0.437,0.563,114.6,117.5,232.1,1,2025_NBA,,,,,,,,,,,,,,,,,,,,,,,,,under,234.5,-110.0,0.05167832161588626,0.05684614809285995,0.5508790946140787,5.087909461407869,0.014211537023214987,total,nba,,,,,,,,,,,,,,,,,,,,,,,0.4491209053859213,0.5508790946140787,2.2265719275318934,1.8152803578443204,2.2265719275318934,1.8152803578443204,0.5238094988662143,0.5238094988662143,0.5,0.5,-0.14258732161588605,-0.05087909461407869,0.0,-14.258732161588606,-5.087909461407869,0.05167832161588626,0.05087909461407869,0.05684614809285995,5.167832161588626,5.087909461407869
Basketball,NBA,2025_11_12,NBA_2025_11_12_San_Antonio_Spurs_Golden_State_Warriors,2026_04_17,09:10 PM,San Antonio Spurs,Golden State Warriors,-3.5,3.5,229.0,-195,170,-115,-105,-110,-110,1.512821,2.7,1.869565,1.952381,1.909091,1.909091,0.616,0.384,115.0,111.6,226.6,1,2025_NBA,,,,,,,,,,,,,,,,,,,,,,,,,under,229.0,-110.0,0.05167832161588626,0.05684614809285995,0.5508790946140787,5.087909461407869,0.014211537023214987,total,nba,,,,,,,,,,,,,,,,,,,,,,,0.4491209053859213,0.5508790946140787,2.2265719275318934,1.8152803578443204,2.2265719275318934,1.8152803578443204,0.5238094988662143,0.5238094988662143,0.5,0.5,-0.14258732161588605,-0.05087909461407869,0.0,-14.258732161588606,-5.087909461407869,0.05167832161588626,0.05087909461407869,0.05684614809285995,5.167832161588626,5.087909461407869
Basketball,NBA,2025_11_13,NBA_2025_11_13_Phoenix_Suns_Indiana_Pacers,2026_04_17,10:10 PM,Phoenix Suns,Indiana Pacers,-4.0,4.0,234.5,-190,165,-110,-110,-110,-110,1.526316,2.65,1.909091,1.909091,1.909091,1.909091,0.5,0.5,115.4,115.8,231.2,1,2025_NBA,,,,,,,,,,,,,,,,,,,,,,,,,under,234.5,-110.0,0.08778032400350066,0.09655834674801604,0.5697896663928019,6.978966639280193,0.02413958668700401,total,nba,,,,,,,,,,,,,,,,,,,,,,,0.43021033360719807,0.5697896663928019,2.3244443981976644,1.755033583411145,2.3244443981976644,1.755033583411145,0.5238094988662143,0.5238094988662143,0.5,0.5,-0.17868932400350057,-0.06978966639280193,0.0,-17.868932400350058,-6.978966639280193,0.08778032400350066,0.06978966639280193,0.09655834674801604,8.778032400350067,6.978966639280193
Basketball,NBA,2025_11_14,NBA_2025_11_14_Dallas_Mavericks_Los_Angeles_Clippers,2026_04_17,09:40 PM,Dallas Mavericks,Los Angeles Clippers,3.5,-3.5,218.5,145,-165,-110,-110,-110,-110,2.45,1.606061,1.909091,1.909091,1.909091,1.909091,0.352,0.648,108.3,113.6,221.9,1,2025_NBA,,,,,,,,,,,,,,,,,,,,,,,,,over,218.5,-110.0,0.0917744125655875,0.10095184372696187,0.5718818079209359,7.18818079209359,0.025237960931740466,total,nba,,,,,,,,,,,,,,,,,,,,,,,0.5718818079209359,0.4281181920790641,1.7486130633101946,2.3358035666359207,1.7486130633101946,2.3358035666359207,0.5238094988662143,0.5238094988662143,0.5,0.5,0.0917744125655875,0.0718818079209359,0.10095184372696187,9.17744125655875,7.18818079209359,-0.1826834125655874,-0.0718818079209359,0.0,-18.26834125655874,-7.18818079209359
Basketball,NBA,2025_11_14,NBA_2025_11_14_Detroit_Pistons_Philadelphia_76ers,2026_04_17,08:40 PM,Detroit Pistons,Philadelphia 76ers,-5.5,5.5,232.5,-210,180,-105,-115,-110,-110,1.47619,2.8,1.952381,1.869565,1.909091,1.909091,0.562,0.438,116.1,114.1,230.2,1,2025_NBA,,,,,,,,,,,,,,,,,,,,,,,,,under,232.5,-110.0,0.047651782594051895,0.05241695561176152,0.5487699552268864,4.8769955226886434,0.01310423890294038,total,nba,,,,,,,,,,,,,,,,,,,,,,,0.45123004477311357,0.5487699552268864,2.216164485462881,1.8222571962536736,2.216164485462881,1.8222571962536736,0.5238094988662143,0.5238094988662143,0.5,0.5,-0.1385607825940518,-0.04876995522688643,0.0,-13.85607825940518,-4.8769955226886434,0.047651782594051895,0.04876995522688643,0.05241695561176152,4.7651782594051895,4.8769955226886434
Basketball,NBA,2025_11_14,NBA_2025_11_14_Houston_Rockets_Portland_Trail_Blazers,2026_04_17,09:10 PM,Houston Rockets,Portland Trail Blazers,-7.5,7.5,234.0,-325,263,-110,-110,-110,-110,1.307692,3.63,1.909091,1.909091,1.909091,1.909091,0.754,0.246,119.0,111.5,230.5,1,2025_NBA,,,,,,,,,,,,,,,,,,,,,,,,,under,234.0,-110.0,0.0957646473468452,0.10534110154741944,0.573971930802065,7.397193080206499,0.02633527538685486,total,nba,,,,,,,,,,,,,,,,,,,,,,,0.426028069197935,0.573971930802065,2.3472631788855076,1.7422454763643336,2.3472631788855076,1.7422454763643336,0.5238094988662143,0.5238094988662143,0.5,0.5,-0.186673647346845,-0.07397193080206499,0.0,-18.6673647346845,-7.397193080206499,0.0957646473468452,0.07397193080206499,0.10534110154741944,9.57646473468452,7.397193080206499
Basketball,NBA,2025_11_14,NBA_2025_11_14_Milwaukee_Bucks_Charlotte_Hornets,2026_04_17,09:10 PM,Milwaukee Bucks,Charlotte Hornets,-10.0,10.0,238.0,-410,324,-110,-110,-110,-110,1.243902,4.24,1.909091,1.909091,1.909091,1.909091,0.758,0.242,122.1,114.4,236.5,1,2025_NBA,,,,,,,,,,,,,,,,,,,,,,,,,under,238.0,-110.0,0.015354277306573128,0.016889703348260104,0.5318522151676233,3.1852215167623266,0.004222425837065026,total,nba,,,,,,,,,,,,,,,,,,,,,,,0.46814778483237673,0.5318522151676233,2.1360776071130108,1.8802215568188074,2.1360776071130108,1.8802215568188074,0.5238094988662143,0.5238094988662143,0.5,0.5,-0.10626327730657303,-0.031852215167623266,0.0,-10.626327730657303,-3.1852215167623266,0.015354277306573128,0.031852215167623266,0.016889703348260104,1.5354277306573128,3.1852215167623266
Basketball,NBA,2025_11_14,NBA_2025_11_14_Minnesota_Timberwolves_Sacramento_Kings,2026_04_17,09:10 PM,Minnesota Timberwolves,Sacramento Kings,-11.5,11.5,239.0,-600,446,-110,-110,-110,-110,1.166667,5.46,1.909091,1.909091,1.909091,1.909091,0.733,0.267,119.4,112.6,232.0,1,2025_NBA,,,,,,,,,,,,,,,,,,,,,,,,,under,239.0,-110.0,0.2321702751518222,0.2553872771282766,0.6454224943451213,14.542249434512133,0.05,total,nba,,,,,,,,,,,,,,,,,,,,,,,0.35457750565487867,0.6454224943451213,2.8202578676080234,1.5493727113038587,2.8202578676080234,1.5493727113038587,0.5238094988662143,0.5238094988662143,0.5,0.5,-0.323079275151822,-0.14542249434512133,0.0,-32.3079275151822,-14.542249434512133,0.2321702751518222,0.14542249434512133,0.2553872771282766,23.21702751518222,14.542249434512133
Basketball,NBA,2025_11_14,NBA_2025_11_14_New_Orleans_Pelicans_Los_Angeles_Lakers,2026_04_17,09:10 PM,New Orleans Pelicans,Los Angeles Lakers,10.5,-10.5,233.5,361,-465,-110,-110,-110,-110,4.61,1.215054,1.909091,1.909091,1.909091,1.909091,0.252,0.748,110.4,118.4,228.8,1,2025_NBA,,,,,,,,,,,,,,,,,,,,,,,,,under,233.5,-110.0,0.14330737724629872,0.15763809920711866,0.5988752643254296,9.887526432542959,0.039409524801779665,total,nba,,,,,,,,,,,,,,,,,,,,,,,0.4011247356745704,0.5988752643254296,2.4929901127097103,1.6697968000505006,2.4929901127097103,1.6697968000505006,0.5238094988662143,0.5238094988662143,0.5,0.5,-0.23421637724629862,-0.09887526432542959,0.0,-23.42163772462986,-9.887526432542959,0.14330737724629872,0.09887526432542959,0.15763809920711866,14.330737724629872,9.887526432542959
Basketball,NBA,2025_11_14,NBA_2025_11_14_New_York_Knicks_Miami_Heat,2026_04_17,08:10 PM,New York Knicks,Miami Heat,-4.5,4.5,235.5,-180,157,-110,-110,-110,-110,1.555556,2.57,1.909091,1.909091,1.909091,1.909091,0.668,0.332,117.6,112.7,230.3,1,2025_NBA,,,,,,,,,,,,,,,,,,,,,,,,,under,235.5,-110.0,0.16290433703856344,0.17919475282294448,0.6091403380135171,10.914033801351708,0.04479868820573612,total,nba,,,,,,,,,,,,,,,,,,,,,,,0.3908596619864829,0.6091403380135171,2.5584630425090604,1.6416578210222053,2.5584630425090604,1.6416578210222053,0.5238094988662143,0.5238094988662143,0.5,0.5,-0.25381333703856335,-0.10914033801351708,0.0,-25.381333703856335,-10.914033801351708,0.16290433703856344,0.10914033801351708,0.17919475282294448,16.290433703856344,10.914033801351708
Basketball,NBA,2025_11_14,NBA_2025_11_14_San_Antonio_Spurs_Golden_State_Warriors,2026_04_17,10:40 PM,San Antonio Spurs,Golden State Warriors,-2.5,2.5,235.0,-140,120,-110,-110,-110,-110,1.714286,2.2,1.909091,1.909091,1.909091,1.909091,0.566,0.434,115.7,113.6,229.3,1,2025_NBA,,,,,,,,,,,,,,,,,,,,,,,,,under,235.0,-110.0,0.18235717310038924,0.20059287035114098,0.6193299183225887,11.932991832258866,0.05,total,nba,,,,,,,,,,,,,,,,,,,,,,,0.38067008167741134,0.6193299183225887,2.6269466609866736,1.614648300389604,2.6269466609866736,1.614648300389604,0.5238094988662143,0.5238094988662143,0.5,0.5,-0.27326617310038903,-0.11932991832258866,0.0,-27.326617310038902,-11.932991832258866,0.18235717310038924,0.11932991832258866,0.20059287035114098,18.235717310038922,11.932991832258866
Basketball,NBA,2025_11_15,NBA_2025_11_15_Milwaukee_Bucks_Los_Angeles_Lakers,2026_04_17,09:10 PM,Milwaukee Bucks,Los Angeles Lakers,-2.0,2.0,232.5,100,-120,-115,-105,-110,-110,2.0,1.833333,1.869565,1.952381,1.909091,1.909091,0.561,0.439,116.2,114.3,230.5,1,2025_NBA,,,,,,,,,,,,,,,,,,,,,,,,,under,232.5,-110.0,0.035556835085732263,0.03911251468305408,0.5424345068337404,4.243450683374039,0.00977812867076352,total,nba,,,,,,,,,,,,,,,,,,,,,,,0.4575654931662596,0.5424345068337404,2.185479488586879,1.8435405332841523,2.185479488586879,1.8435405332841523,0.5238094988662143,0.5238094988662143,0.5,0.5,-0.12646583508573228,-0.04243450683374039,0.0,-12.646583508573228,-4.243450683374039,0.035556835085732263,0.04243450683374039,0.03911251468305408,3.5556835085732263,4.243450683374039
Basketball,NBA,2025_11_15,NBA_2025_11_15_Minnesota_Timberwolves_Denver_Nuggets,2026_04_17,09:10 PM,Minnesota Timberwolves,Denver Nuggets,2.5,-2.5,241.0,-115,-105,-110,-110,-110,-110,1.869565,1.952381,1.909091,1.909091,1.909091,1.909091,0.487,0.513,116.7,117.7,234.4,1,2025_NBA,,,,,,,,,,,,,,,,,,,,,,,,,under,241.0,-110.0,0.21696894322286453,0.2386658136785696,0.6374598922853151,13.745989228531508,0.05,total,nba,,,,,,,,,,,,,,,,,,,,,,,0.3625401077146849,0.6374598922853151,2.758315504189647,1.5687261459147908,2.758315504189647,1.5687261459147908,0.5238094988662143,0.5238094988662143,0.5,0.5,-0.30787794322286444,-0.13745989228531508,0.0,-30.787794322286445,-13.745989228531508,0.21696894322286453,0.13745989228531508,0.2386658136785696,21.696894322286454,13.745989228531508
Basketball,NBA,2025_11_16,NBA_2025_11_16_New_Orleans_Pelicans_Golden_State_Warriors,2026_04_17,08:10 PM,New Orleans Pelicans,Golden State Warriors,11.0,-11.0,227.5,383,-500,-110,-110,-110,-110,4.83,1.2,1.909091,1.909091,1.909091,1.909091,0.22,0.78,110.3,119.2,229.5,1,2025_NBA,,,,,,,,,,,,,,,,,,,,,,,,,over,227.5,-110.0,0.035556835085732263,0.03911251468305408,0.5424345068337404,4.243450683374039,0.00977812867076352,total,nba,,,,,,,,,,,,,,,,,,,,,,,0.5424345068337404,0.4575654931662596,1.8435405332841523,2.185479488586879,1.8435405332841523,2.185479488586879,0.5238094988662143,0.5238094988662143,0.5,0.5,0.035556835085732263,0.04243450683374039,0.03911251468305408,3.5556835085732263,4.243450683374039,-0.12646583508573228,-0.04243450683374039,0.0,-12.646583508573228,-4.243450683374039
Basketball,NBA,2025_11_16,NBA_2025_11_16_Phoenix_Suns_Atlanta_Hawks,2026_04_17,09:10 PM,Phoenix Suns,Atlanta Hawks,1.0,-1.0,233.0,105,-125,-110,-110,-110,-110,2.05,1.8,1.909091,1.909091,1.909091,1.909091,0.568,0.432,116.1,113.9,230.0,1,2025_NBA,,,,,,,,,,,,,,,,,,,,,,,,,under,233.0,-110.0,0.07577603507253672,0.08335363024442735,0.5635017058236285,6.350170582362846,0.020838407561106838,total,nba,,,,,,,,,,,,,,,,,,,,,,,0.43649829417637154,0.5635017058236285,2.2909596975330673,1.7746175205244046,2.2909596975330673,1.7746175205244046,0.5238094988662143,0.5238094988662143,0.5,0.5,-0.16668503507253662,-0.06350170582362846,0.0,-16.66850350725366,-6.350170582362846,0.07577603507253672,0.06350170582362846,0.08335363024442735,7.577603507253672,6.350170582362846
Basketball,NBA,2025_11_16,NBA_2025_11_16_San_Antonio_Spurs_Sacramento_Kings,2026_04_17,05:10 PM,San Antonio Spurs,Sacramento Kings,-5.0,5.0,239.0,-260,215,-110,-110,-110,-110,1.384615,3.15,1.909091,1.909091,1.909091,1.909091,0.649,0.351,118.1,113.6,231.7,1,2025_NBA,,,,,,,,,,,,,,,,,,,,,,,,,under,239.0,-110.0,0.24349260696709063,0.2678418408796156,0.6513532392992741,15.135323929927413,0.05,total,nba,,,,,,,,,,,,,,,,,,,,,,,0.34864676070072587,0.6513532392992741,2.868232585870453,1.5352652595629985,2.868232585870453,1.5352652595629985,0.5238094988662143,0.5238094988662143,0.5,0.5,-0.33440160696709054,-0.15135323929927413,0.0,-33.44016069670906,-15.135323929927413,0.24349260696709063,0.15135323929927413,0.2678418408796156,24.349260696709063,15.135323929927413
Basketball,NBA,2025_11_16,NBA_2025_11_16_Utah_Jazz_Chicago_Bulls,2026_04_17,09:10 PM,Utah Jazz,Chicago Bulls,4.5,-4.5,241.0,153,-175,-110,-110,-110,-110,2.53,1.571429,1.909091,1.909091,1.909091,1.909091,0.38,0.62,117.1,121.4,238.5,1,2025_NBA,,,,,,,,,,,,,,,,,,,,,,,,,under,241.0,-110.0,0.05570211783101153,0.061272323486880456,0.5529867972930633,5.298679729306333,0.015318080871720114,total,nba,,,,,,,,,,,,,,,,,,,,,,,0.4470132027069367,0.5529867972930633,2.2370703906381113,1.8083614380942183,2.2370703906381113,1.8083614380942183,0.5238094988662143,0.5238094988662143,0.5,0.5,-0.14661111783101155,-0.052986797293063326,0.0,-14.661111783101155,-5.298679729306333,0.05570211783101153,0.052986797293063326,0.061272323486880456,5.570211783101153,5.298679729306333
Basketball,NBA,2025_11_17,NBA_2025_11_17_Cleveland_Cavaliers_Milwaukee_Bucks,2026_04_17,08:10 PM,Cleveland Cavaliers,Milwaukee Bucks,-7.5,7.5,238.5,-255,211,-115,-105,-110,-110,1.392157,3.11,1.869565,1.952381,1.909091,1.909091,0.639,0.361,119.3,115.1,234.4,1,2025_NBA,,,,,,,,,,,,,,,,,,,,,,,,,under,238.5,-110.0,0.11961902059455998,0.13158090949592502,0.5864670780987181,8.646707809871812,0.032895227373981255,total,nba,,,,,,,,,,,,,,,,,,,,,,,0.4135329219012819,0.5864670780987181,2.418187155214498,1.7051255515346646,2.418187155214498,1.7051255515346646,0.5238094988662143,0.5238094988662143,0.5,0.5,-0.21052802059455988,-0.08646707809871812,0.0,-21.05280205945599,-8.646707809871812,0.11961902059455998,0.08646707809871812,0.13158090949592502,11.961902059455998,8.646707809871812
Basketball,NBA,2025_11_17,NBA_2025_11_17_Denver_Nuggets_Chicago_Bulls,2026_04_17,10:10 PM,Denver Nuggets,Chicago Bulls,-10.5,10.5,244.0,-850,586,-110,-110,-110,-110,1.117647,6.86,1.909091,1.909091,1.909091,1.909091,0.853,0.147,124.3,114.0,238.3,1,2025_NBA,,,,,,,,,,,,,,,,,,,,,,,,,under,244.0,-110.0,0.18235717310038924,0.20059287035114098,0.6193299183225887,11.932991832258866,0.05,total,nba,,,,,,,,,,,,,,,,,,,,,,,0.38067008167741134,0.6193299183225887,2.6269466609866736,1.614648300389604,2.6269466609866736,1.614648300389604,0.5238094988662143,0.5238094988662143,0.5,0.5,-0.27326617310038903,-0.11932991832258866,0.0,-27.326617310038902,-11.932991832258866,0.18235717310038924,0.11932991832258866,0.20059287035114098,18.235717310038922,11.932991832258866
Basketball,NBA,2025_11_17,NBA_2025_11_17_Miami_Heat_New_York_Knicks,2026_04_17,08:40 PM,Miami Heat,New York Knicks,-1.0,1.0,242.5,-115,-105,-110,-110,-110,-110,1.869565,1.952381,1.909091,1.909091,1.909091,1.909091,0.481,0.519,116.7,117.8,234.5,1,2025_NBA,,,,,,,,,,,,,,,,,,,,,,,,,under,242.5,-110.0,0.26963427472876345,0.2965976725418725,0.6650464931890431,16.504649318904306,0.05,total,nba,,,,,,,,,,,,,,,,,,,,,,,0.3349535068109569,0.6650464931890431,2.985488969859886,1.5036542711544598,2.985488969859886,1.5036542711544598,0.5238094988662143,0.5238094988662143,0.5,0.5,-0.36054327472876335,-0.16504649318904308,0.0,-36.05432747287634,-16.504649318904306,0.26963427472876345,0.16504649318904308,0.2965976725418725,26.963427472876344,16.504649318904306
Basketball,NBA,2025_11_17,NBA_2025_11_17_New_Orleans_Pelicans_Oklahoma_City_Thunder,2026_04_17,09:10 PM,New Orleans Pelicans,Oklahoma City Thunder,17.5,-17.5,226.0,874,-1500,-110,-110,-110,-110,9.74,1.066667,1.909091,1.909091,1.909091,1.909091,0.111,0.889,107.8,120.2,228.0,1,2025_NBA,,,,,,,,,,,,,,,,,,,,,,,,,over,226.0,-110.0,0.035556835085732263,0.03911251468305408,0.5424345068337404,4.243450683374039,0.00977812867076352,total,nba,,,,,,,,,,,,,,,,,,,,,,,0.5424345068337404,0.4575654931662596,1.8435405332841523,2.185479488586879,1.8435405332841523,2.185479488586879,0.5238094988662143,0.5238094988662143,0.5,0.5,0.035556835085732263,0.04243450683374039,0.03911251468305408,3.5556835085732263,4.243450683374039,-0.12646583508573228,-0.04243450683374039,0.0,-12.646583508573228,-4.243450683374039
Basketball,NBA,2025_11_17,NBA_2025_11_17_Philadelphia_76ers_Los_Angeles_Clippers,2026_04_17,08:10 PM,Philadelphia 76ers,Los Angeles Clippers,-4.5,4.5,223.0,-200,174,-110,-110,-110,-110,1.5,2.74,1.909091,1.909091,1.909091,1.909091,0.572,0.428,112.0,109.8,221.8,1,2025_NBA,,,,,,,,,,,,,,,,,,,,,,,,,under,223.0,-110.0,0.0032111586251384328,0.003532274134424923,0.525491534256428,2.549153425642803,0.0008830685336062308,total,nba,,,,,,,,,,,,,,,,,,,,,,,0.47450846574357197,0.525491534256428,2.1074439597889234,1.9029802286253816,2.1074439597889234,1.9029802286253816,0.5238094988662143,0.5238094988662143,0.5,0.5,-0.09412015862513845,-0.025491534256428028,0.0,-9.412015862513845,-2.549153425642803,0.0032111586251384328,0.025491534256428028,0.003532274134424923,0.3211158625138433,2.549153425642803
Basketball,NBA,2025_11_17,NBA_2025_11_17_Toronto_Raptors_Charlotte_Hornets,2026_04_17,08:40 PM,Toronto Raptors,Charlotte Hornets,-7.0,7.0,240.0,-325,263,-110,-110,-110,-110,1.307692,3.63,1.909091,1.909091,1.909091,1.909091,0.752,0.248,120.9,113.6,234.5,1,2025_NBA,,,,,,,,,,,,,,,,,,,,,,,,,under,240.0,-110.0,0.17459414950928198,0.19205354525485577,0.6152635728256443,11.526357282564426,0.04801338631371394,total,nba,,,,,,,,,,,,,,,,,,,,,,,0.38473642717435574,0.6152635728256443,2.599182009731607,1.6253196908886134,2.599182009731607,1.6253196908886134,0.5238094988662143,0.5238094988662143,0.5,0.5,-0.265503149509282,-0.11526357282564426,0.0,-26.5503149509282,-11.526357282564426,0.17459414950928198,0.11526357282564426,0.19205354525485577,17.4594149509282,11.526357282564426
Basketball,NBA,2025_11_18,NBA_2025_11_18_Atlanta_Hawks_Detroit_Pistons,2026_04_17,08:40 PM,Atlanta Hawks,Detroit Pistons,2.0,-2.0,229.5,110,-130,-110,-110,-115,-105,2.1,1.769231,1.909091,1.909091,1.869565,1.952381,0.51,0.49,114.4,114.4,228.8,1,2025_NBA,,,,,,,,,,,,,,,,,,,,,,,,,under,229.5,-105.0,0.005235575206826937,0.005497353692300658,0.5148767454747957,2.5711016811962697,0.0013743384230751644,total,nba,,,,,,,,,,,,,,,,,,,,,,,0.48512325452520433,0.5148767454747957,2.0613318175784245,1.942212400907417,2.0613318175784245,1.942212400907417,0.5348837831260214,0.5121951094586559,0.510834271337167,0.489165728662833,-0.09303054265358646,-0.02571101681196264,0.0,-9.303054265358647,-2.571101681196264,0.005235575206826937,0.025711016811962695,0.005497353692300658,0.5235575206826937,2.5711016811962697
Basketball,NBA,2025_11_18,NBA_2025_11_18_Brooklyn_Nets_Boston_Celtics,2026_04_17,08:40 PM,Brooklyn Nets,Boston Celtics,10.5,-10.5,229.0,415,-550,-110,-110,-110,-110,5.15,1.181818,1.909091,1.909091,1.909091,1.909091,0.158,0.842,108.3,119.1,227.4,1,2025_NBA,,,,,,,,,,,,,,,,,,,,,,,,,under,229.0,-110.0,0.0193986902011114,0.02133855708736695,0.5339707170591195,3.397071705911947,0.005334639271841738,total,nba,,,,,,,,,,,,,,,,,,,,,,,0.46602928294088053,0.5339707170591195,2.145787907767285,1.8727618726127322,2.145787907767285,1.8727618726127322,0.5238094988662143,0.5238094988662143,0.5,0.5,-0.11030769020111142,-0.03397071705911947,0.0,-11.030769020111142,-3.397071705911947,0.0193986902011114,0.03397071705911947,0.02133855708736695,1.9398690201111402,3.397071705911947
Basketball,NBA,2025_11_18,NBA_2025_11_18_Los_Angeles_Lakers_Utah_Jazz,2026_04_17,11:40 PM,Los Angeles Lakers,Utah Jazz,-12.0,12.0,236.0,-600,446,-110,-110,-110,-110,1.166667,5.46,1.909091,1.909091,1.909091,1.909091,0.778,0.222,120.0,112.0,232.0,1,2025_NBA,,,,,,,,,,,,,,,,,,,,,,,,,under,236.0,-110.0,0.11565419521982712,0.1272196020198496,0.5843902649060873,8.439026490608725,0.0318049005049624,total,nba,,,,,,,,,,,,,,,,,,,,,,,0.41560973509391275,0.5843902649060873,2.406103407982097,1.7111852473461413,2.406103407982097,1.7111852473461413,0.5238094988662143,0.5238094988662143,0.5,0.5,-0.20656319521982702,-0.08439026490608725,0.0,-20.656319521982702,-8.439026490608725,0.11565419521982712,0.08439026490608725,0.1272196020198496,11.565419521982712,8.439026490608725
Basketball,NBA,2025_11_18,NBA_2025_11_18_Orlando_Magic_Golden_State_Warriors,2026_04_17,08:10 PM,Orlando Magic,Golden State Warriors,3.5,-3.5,225.5,135,-155,-110,-110,-110,-110,2.35,1.645161,1.909091,1.909091,1.909091,1.909091,0.414,0.586,112.7,116.3,229.0,1,2025_NBA,,,,,,,,,,,,,,,,,,,,,,,,,over,225.5,-110.0,0.0957646473468452,0.10534110154741944,0.573971930802065,7.397193080206499,0.02633527538685486,total,nba,,,,,,,,,,,,,,,,,,,,,,,0.573971930802065,0.426028069197935,1.7422454763643336,2.3472631788855076,1.7422454763643336,2.3472631788855076,0.5238094988662143,0.5238094988662143,0.5,0.5,0.0957646473468452,0.07397193080206499,0.10534110154741944,9.57646473468452,7.397193080206499,-0.186673647346845,-0.07397193080206499,0.0,-18.6673647346845,-7.397193080206499
Basketball,NBA,2025_11_19,NBA_2025_11_19_Cleveland_Cavaliers_Houston_Rockets,2026_04_17,08:10 PM,Cleveland Cavaliers,Houston Rockets,-1.0,1.0,234.5,-105,-115,-105,-115,-110,-110,1.952381,1.869565,1.952381,1.869565,1.909091,1.909091,0.53,0.47,117.1,116.1,233.2,1,2025_NBA,,,,,,,,,,,,,,,,,,,,,,,,,under,234.5,-110.0,0.007260397257830009,0.00798643618496939,0.5276125639154079,2.7612563915407895,0.0019966090462423475,total,nba,,,,,,,,,,,,,,,,,,,,,,,0.4723874360845921,0.5276125639154079,2.116906428097564,1.895330150174987,2.116906428097564,1.895330150174987,0.5238094988662143,0.5238094988662143,0.5,0.5,-0.09816939725782992,-0.027612563915407895,0.0,-9.81693972578299,-2.7612563915407895,0.007260397257830009,0.027612563915407895,0.00798643618496939,0.7260397257830009,2.7612563915407895
Basketball,NBA,2025_11_19,NBA_2025_11_19_Indiana_Pacers_Charlotte_Hornets,2026_04_17,08:10 PM,Indiana Pacers,Charlotte Hornets,1.0,-1.0,234.5,100,-120,-110,-110,-110,-110,2.0,1.833333,1.909091,1.909091,1.909091,1.909091,0.556,0.444,117.6,115.7,233.3,1,2025_NBA,,,,,,,,,,,,,,,,,,,,,,,,,under,234.5,-110.0,0.0032111586251384328,0.003532274134424923,0.525491534256428,2.549153425642803,0.0008830685336062308,total,nba,,,,,,,,,,,,,,,,,,,,,,,0.47450846574357197,0.525491534256428,2.1074439597889234,1.9029802286253816,2.1074439597889234,1.9029802286253816,0.5238094988662143,0.5238094988662143,0.5,0.5,-0.09412015862513845,-0.025491534256428028,0.0,-9.412015862513845,-2.549153425642803,0.0032111586251384328,0.025491534256428028,0.003532274134424923,0.3211158625138433,2.549153425642803
Basketball,NBA,2025_11_19,NBA_2025_11_19_Miami_Heat_Golden_State_Warriors,2026_04_17,08:40 PM,Miami Heat,Golden State Warriors,-6.5,6.5,230.5,-235,195,-110,-110,-110,-110,1.425532,2.95,1.909091,1.909091,1.909091,1.909091,0.762,0.238,120.1,112.3,232.4,1,2025_NBA,,,,,,,,,,,,,,,,,,,,,,,,,over,230.5,-110.0,0.03152045231118228,0.034672494075051095,0.5403202111953711,4.03202111953711,0.008668123518762774,total,nba,,,,,,,,,,,,,,,,,,,,,,,0.5403202111953711,0.45967978880462884,1.8507543846780443,2.175427383049499,1.8507543846780443,2.175427383049499,0.5238094988662143,0.5238094988662143,0.5,0.5,0.03152045231118228,0.0403202111953711,0.034672494075051095,3.152045231118228,4.03202111953711,-0.1224294523111823,-0.04032021119537116,0.0,-12.24294523111823,-4.032021119537116
Basketball,NBA,2025_11_19,NBA_2025_11_19_Minnesota_Timberwolves_Washington_Wizards,2026_04_17,09:10 PM,Minnesota Timberwolves,Washington Wizards,-15.0,15.0,238.0,-1200,754,-110,-110,-115,-105,1.083333,8.54,1.909091,1.909091,1.869565,1.952381,0.87,0.13,123.3,112.3,235.6,1,2025_NBA,,,,,,,,,,,,,,,,,,,,,,,,,under,238.0,-105.0,0.07552587762172958,0.07930216753770769,0.5508790946140787,6.171336595124571,0.019825541884426923,total,nba,,,,,,,,,,,,,,,,,,,,,,,0.4491209053859213,0.5508790946140787,2.2265719275318934,1.8152803578443204,2.2265719275318934,1.8152803578443204,0.5348837831260214,0.5121951094586559,0.510834271337167,0.489165728662833,-0.16033927452217012,-0.06171336595124566,0.0,-16.03392745221701,-6.171336595124566,0.07552587762172958,0.06171336595124571,0.07930216753770769,7.552587762172958,6.171336595124571
Basketball,NBA,2025_11_19,NBA_2025_11_19_New_Orleans_Pelicans_Denver_Nuggets,2026_04_17,09:10 PM,New Orleans Pelicans,Denver Nuggets,13.5,-13.5,232.5,561,-800,-110,-110,-110,-110,6.61,1.125,1.909091,1.909091,1.909091,1.909091,0.185,0.815,112.5,122.3,234.8,1,2025_NBA,,,,,,,,,,,,,,,,,,,,,,,,,over,232.5,-110.0,0.04765178259405167,0.052416955611761275,0.5487699552268863,4.876995522688632,0.013104238902940319,total,nba,,,,,,,,,,,,,,,,,,,,,,,0.5487699552268863,0.4512300447731136,1.8222571962536738,2.2161644854628806,1.8222571962536738,2.2161644854628806,0.5238094988662143,0.5238094988662143,0.5,0.5,0.04765178259405167,0.04876995522688632,0.052416955611761275,4.765178259405167,4.876995522688632,-0.1385607825940517,-0.048769955226886375,0.0,-13.85607825940517,-4.876995522688637
Basketball,NBA,2025_11_19,NBA_2025_11_19_Oklahoma_City_Thunder_Sacramento_Kings,2026_04_17,09:10 PM,Oklahoma City Thunder,Sacramento Kings,-16.5,16.5,233.5,-1900,1011,-110,-110,-110,-110,1.052632,11.11,1.909091,1.909091,1.909091,1.909091,0.874,0.126,120.2,109.0,229.2,1,2025_NBA,,,,,,,,,,,,,,,,,,,,,,,,,under,233.5,-110.0,0.12753472630455698,0.14028818490619405,0.5906133999398441,9.061339993984408,0.03507204622654851,total,nba,,,,,,,,,,,,,,,,,,,,,,,0.4093866000601559,0.5906133999398441,2.4426788757938303,1.6931549472156462,2.4426788757938303,1.6931549472156462,0.5238094988662143,0.5238094988662143,0.5,0.5,-0.21844372630455677,-0.09061339993984407,0.0,-21.844372630455677,-9.061339993984408,0.12753472630455698,0.09061339993984407,0.14028818490619405,12.753472630455697,9.061339993984408
Basketball,NBA,2025_11_19,NBA_2025_11_19_Philadelphia_76ers_Toronto_Raptors,2026_04_17,08:10 PM,Philadelphia 76ers,Toronto Raptors,-1.5,1.5,236.5,-102,-118,-110,-110,-110,-110,1.980392,1.847458,1.909091,1.909091,1.909091,1.909091,0.445,0.555,115.1,117.6,232.7,1,2025_NBA,,,,,,,,,,,,,,,,,,,,,,,,,under,236.5,-110.0,0.10771113605814531,0.11848223781573593,0.580229615067142,8.0229615067142,0.029620559453933982,total,nba,,,,,,,,,,,,,,,,,,,,,,,0.419770384932858,0.580229615067142,2.3822547656856483,1.7234556355491848,2.3822547656856483,1.7234556355491848,0.5238094988662143,0.5238094988662143,0.5,0.5,-0.1986201360581451,-0.08022961506714199,0.0,-19.86201360581451,-8.0229615067142,0.10771113605814531,0.08022961506714199,0.11848223781573593,10.77111360581453,8.0229615067142
Basketball,NBA,2025_11_19,NBA_2025_11_19_Portland_Trail_Blazers_Chicago_Bulls,2026_04_17,11:10 PM,Portland Trail Blazers,Chicago Bulls,1.5,-1.5,243.5,100,-120,-110,-110,-110,-110,2.0,1.833333,1.909091,1.909091,1.909091,1.909091,0.439,0.561,118.0,120.7,238.7,1,2025_NBA,,,,,,,,,,,,,,,,,,,,,,,,,under,243.5,-110.0,0.14723768210656063,0.1619614341210734,0.6009339953446748,10.093399534467483,0.04049035853026835,total,nba,,,,,,,,,,,,,,,,,,,,,,,0.39906600465532516,0.6009339953446748,2.5058511332322175,1.664076267521585,2.5058511332322175,1.664076267521585,0.5238094988662143,0.5238094988662143,0.5,0.5,-0.23814668210656065,-0.10093399534467484,0.0,-23.814668210656066,-10.093399534467483,0.14723768210656063,0.10093399534467484,0.1619614341210734,14.723768210656063,10.093399534467483
Basketball,NBA,2025_11_20,NBA_2025_11_20_San_Antonio_Spurs_Atlanta_Hawks,2026_04_17,09:10 PM,San Antonio Spurs,Atlanta Hawks,-3.5,3.5,232.0,-115,-105,-110,-110,-110,-110,1.869565,1.952381,1.909091,1.909091,1.909091,1.909091,0.492,0.508,114.5,115.3,229.8,1,2025_NBA,,,,,,,,,,,,,,,,,,,,,,,,,under,232.0,-110.0,0.0436226132947406,0.04798486982572779,0.5466594380753671,4.66594380753671,0.011996217456431948,total,nba,,,,,,,,,,,,,,,,,,,,,,,0.4533405619246329,0.5466594380753671,2.205847179777062,1.8292924814775293,2.205847179777062,1.8292924814775293,0.5238094988662143,0.5238094988662143,0.5,0.5,-0.13453161329474062,-0.0466594380753671,0.0,-13.453161329474062,-4.66594380753671,0.0436226132947406,0.0466594380753671,0.04798486982572779,4.36226132947406,4.66594380753671
Basketball,NBA,2025_11_21,NBA_2025_11_21_Boston_Celtics_Brooklyn_Nets,2026_04_17,08:40 PM,Boston Celtics,Brooklyn Nets,-15.0,15.0,221.5,-1100,709,-110,-110,-110,-110,1.090909,8.09,1.909091,1.909091,1.909091,1.909091,0.897,0.103,119.8,107.4,227.2,1,2025_NBA,,,,,,,,,,,,,,,,,,,,,,,,,over,221.5,-110.0,0.18235717310038924,0.20059287035114098,0.6193299183225887,11.932991832258866,0.05,total,nba,,,,,,,,,,,,,,,,,,,,,,,0.6193299183225887,0.3806700816774113,1.614648300389604,2.626946660986674,1.614648300389604,2.626946660986674,0.5238094988662143,0.5238094988662143,0.5,0.5,0.18235717310038924,0.11932991832258866,0.20059287035114098,18.235717310038922,11.932991832258866,-0.27326617310038914,-0.11932991832258871,0.0,-27.326617310038912,-11.932991832258871
Basketball,NBA,2025_11_21,NBA_2025_11_21_Chicago_Bulls_Miami_Heat,2026_04_17,09:10 PM,Chicago Bulls,Miami Heat,-3.0,3.0,247.5,-135,115,-110,-110,-110,-110,1.740741,2.15,1.909091,1.909091,1.909091,1.909091,0.555,0.445,120.8,119.0,239.8,1,2025_NBA,,,,,,,,,,,,,,,,,,,,,,,,,under,247.5,-110.0,0.2584794581317824,0.2843273755122231,0.6592034942974339,15.920349429743386,0.05,total,nba,,,,,,,,,,,,,,,,,,,,,,,0.34079650570256614,0.6592034942974339,2.934302386517897,1.5169822500194425,2.934302386517897,1.5169822500194425,0.5238094988662143,0.5238094988662143,0.5,0.5,-0.3493884581317823,-0.15920349429743386,0.0,-34.93884581317823,-15.920349429743386,0.2584794581317824,0.15920349429743386,0.2843273755122231,25.847945813178242,15.920349429743386
Basketball,NBA,2025_11_21,NBA_2025_11_21_Cleveland_Cavaliers_Indiana_Pacers,2026_04_17,08:10 PM,Cleveland Cavaliers,Indiana Pacers,-14.0,14.0,236.5,-800,561,-115,-105,-110,-110,1.125,6.61,1.869565,1.952381,1.909091,1.909091,0.815,0.185,121.6,112.3,233.9,1,2025_NBA,,,,,,,,,,,,,,,,,,,,,,,,,under,236.5,-110.0,0.059723058942541485,0.06569535826725968,0.5550930044416643,5.509300444166431,0.01642383956681492,total,nba,,,,,,,,,,,,,,,,,,,,,,,0.4449069955583357,0.5550930044416643,2.2476607695166733,1.8014999144257666,2.2476607695166733,1.8014999144257666,0.5238094988662143,0.5238094988662143,0.5,0.5,-0.15063205894254128,-0.05509300444166432,0.0,-15.063205894254128,-5.509300444166431,0.059723058942541485,0.05509300444166432,0.06569535826725968,5.9723058942541485,5.509300444166431
Basketball,NBA,2025_11_21,NBA_2025_11_21_Golden_State_Warriors_Portland_Trail_Blazers,2026_04_17,11:10 PM,Golden State Warriors,Portland Trail Blazers,-7.0,7.0,237.0,-300,245,-110,-110,-110,-110,1.333333,3.45,1.909091,1.909091,1.909091,1.909091,0.764,0.236,119.3,111.7,231.0,1,2025_NBA,,,,,,,,,,,,,,,,,,,,,,,,,under,237.0,-110.0,0.19395442367234628,0.21334984470459642,0.6254046683329114,12.540466833291141,0.05,total,nba,,,,,,,,,,,,,,,,,,,,,,,0.3745953316670886,0.6254046683329114,2.669547416807433,1.5989647193801988,2.669547416807433,1.5989647193801988,0.5238094988662143,0.5238094988662143,0.5,0.5,-0.2848634236723462,-0.12540466833291142,0.0,-28.48634236723462,-12.540466833291141,0.19395442367234628,0.12540466833291142,0.21334984470459642,19.39544236723463,12.540466833291141
Basketball,NBA,2025_11_21,NBA_2025_11_21_Phoenix_Suns_Minnesota_Timberwolves,2026_04_17,10:10 PM,Phoenix Suns,Minnesota Timberwolves,3.0,-3.0,233.5,140,-160,-115,-105,-110,-110,2.4,1.625,1.869565,1.952381,1.909091,1.909091,0.376,0.624,113.3,117.7,231.0,1,2025_NBA,,,,,,,,,,,,,,,,,,,,,,,,,under,233.5,-110.0,0.05570211783101153,0.061272323486880456,0.5529867972930633,5.298679729306333,0.015318080871720114,total,nba,,,,,,,,,,,,,,,,,,,,,,,0.4470132027069367,0.5529867972930633,2.2370703906381113,1.8083614380942183,2.2370703906381113,1.8083614380942183,0.5238094988662143,0.5238094988662143,0.5,0.5,-0.14661111783101155,-0.052986797293063326,0.0,-14.661111783101155,-5.298679729306333,0.05570211783101153,0.052986797293063326,0.061272323486880456,5.570211783101153,5.298679729306333
Basketball,NBA,2025_11_21,NBA_2025_11_21_Toronto_Raptors_Washington_Wizards,2026_04_17,08:40 PM,Toronto Raptors,Washington Wizards,-14.0,14.0,239.0,-900,613,-110,-110,-110,-110,1.111111,7.13,1.909091,1.909091,1.909091,1.909091,0.833,0.167,122.9,113.1,236.0,1,2025_NBA,,,,,,,,,,,,,,,,,,,,,,,,,under,239.0,-110.0,0.07577603507253672,0.08335363024442735,0.5635017058236285,6.350170582362846,0.020838407561106838,total,nba,,,,,,,,,,,,,,,,,,,,,,,0.43649829417637154,0.5635017058236285,2.2909596975330673,1.7746175205244046,2.2909596975330673,1.7746175205244046,0.5238094988662143,0.5238094988662143,0.5,0.5,-0.16668503507253662,-0.06350170582362846,0.0,-16.66850350725366,-6.350170582362846,0.07577603507253672,0.06350170582362846,0.08335363024442735,7.577603507253672,6.350170582362846
Basketball,NBA,2025_11_21,NBA_2025_11_21_Utah_Jazz_Oklahoma_City_Thunder,2026_04_17,11:10 PM,Utah Jazz,Oklahoma City Thunder,14.5,-14.5,235.0,874,-1500,-110,-110,-110,-110,9.74,1.066667,1.909091,1.909091,1.909091,1.909091,0.178,0.822,110.3,120.5,230.8,1,2025_NBA,,,,,,,,,,,,,,,,,,,,,,,,,under,235.0,-110.0,0.1235792332696537,0.13593714300290474,0.5885414751154626,8.854147511546262,0.033984285750726186,total,nba,,,,,,,,,,,,,,,,,,,,,,,0.4114585248845374,0.5885414751154626,2.4303786153917164,1.6991155972547485,2.4303786153917164,1.6991155972547485,0.5238094988662143,0.5238094988662143,0.5,0.5,-0.2144882332696536,-0.08854147511546262,0.0,-21.44882332696536,-8.854147511546262,0.1235792332696537,0.08854147511546262,0.13593714300290474,12.35792332696537,8.854147511546262
Basketball,NBA,2025_11_22,NBA_2025_11_22_Charlotte_Hornets_Los_Angeles_Clippers,2026_04_17,02:10 PM,Charlotte Hornets,Los Angeles Clippers,1.0,-1.0,227.5,110,-130,-105,-115,-105,-115,2.1,1.769231,1.952381,1.869565,1.952381,1.869565,0.479,0.521,111.3,112.6,223.9,1,2025_NBA,,,,,,,,,,,,,,,,,,,,,,,,,under,227.5,-115.0,0.0769815722062801,0.08852883016942979,0.5760599776987054,6.522570636153846,0.022132207542357448,total,nba,,,,,,,,,,,,,,,,,,,,,,,0.4239400223012946,0.5760599776987054,2.3588242378524455,1.7359303522436798,2.3588242378524455,1.7359303522436798,0.5121951094586559,0.5348837831260214,0.489165728662833,0.510834271337167,-0.17230755531937625,-0.0652257063615384,0.0,-17.230755531937625,-6.522570636153841,0.0769815722062801,0.06522570636153846,0.08852883016942979,7.69815722062801,6.522570636153846
Basketball,NBA,2025_11_22,NBA_2025_11_22_Chicago_Bulls_Washington_Wizards,2026_04_17,09:10 PM,Chicago Bulls,Washington Wizards,-14.0,14.0,245.0,-700,505,-110,-110,-110,-110,1.142857,6.05,1.909091,1.909091,1.909091,1.909091,0.803,0.197,124.1,115.4,239.5,1,2025_NBA,,,,,,,,,,,,,,,,,,,,,,,,,under,245.0,-110.0,0.17459414950928198,0.19205354525485577,0.6152635728256443,11.526357282564426,0.04801338631371394,total,nba,,,,,,,,,,,,,,,,,,,,,,,0.38473642717435574,0.6152635728256443,2.599182009731607,1.6253196908886134,2.599182009731607,1.6253196908886134,0.5238094988662143,0.5238094988662143,0.5,0.5,-0.265503149509282,-0.11526357282564426,0.0,-26.5503149509282,-11.526357282564426,0.17459414950928198,0.11526357282564426,0.19205354525485577,17.4594149509282,11.526357282564426
Basketball,NBA,2025_11_22,NBA_2025_11_22_Dallas_Mavericks_Memphis_Grizzlies,2026_04_17,09:40 PM,Dallas Mavericks,Memphis Grizzlies,-2.0,2.0,226.0,-135,115,-110,-110,-110,-110,1.740741,2.15,1.909091,1.909091,1.909091,1.909091,0.383,0.617,113.9,118.1,232.0,1,2025_NBA,,,,,,,,,,,,,,,,,,,,,,,,,over,226.0,-110.0,0.19395442367234628,0.21334984470459642,0.6254046683329114,12.540466833291141,0.05,total,nba,,,,,,,,,,,,,,,,,,,,,,,0.6254046683329114,0.3745953316670886,1.5989647193801988,2.669547416807433,1.5989647193801988,2.669547416807433,0.5238094988662143,0.5238094988662143,0.5,0.5,0.19395442367234628,0.12540466833291142,0.21334984470459642,19.39544236723463,12.540466833291141,-0.2848634236723462,-0.12540466833291142,0.0,-28.48634236723462,-12.540466833291141
Basketball,NBA,2025_11_22,NBA_2025_11_22_Milwaukee_Bucks_Detroit_Pistons,2026_04_17,09:10 PM,Milwaukee Bucks,Detroit Pistons,7.5,-7.5,226.5,292,-365,-105,-115,-105,-115,3.92,1.273973,1.952381,1.869565,1.952381,1.869565,0.326,0.674,111.9,117.9,229.8,1,2025_NBA,,,,,,,,,,,,,,,,,,,,,,,,,over,226.5,-105.0,0.11244651866164501,0.11806883869128534,0.5697896663928019,8.062393772996895,0.029517209672821336,total,nba,,,,,,,,,,,,,,,,,,,,,,,0.5697896663928019,0.43021033360719807,1.755033583411145,2.3244443981976644,1.755033583411145,2.3244443981976644,0.5121951094586559,0.5348837831260214,0.489165728662833,0.510834271337167,0.11244651866164501,0.08062393772996895,0.11806883869128534,11.244651866164501,8.062393772996895,-0.19569381764965876,-0.0806239377299689,0.0,-19.569381764965875,-8.06239377299689
Basketball,NBA,2025_11_22,NBA_2025_11_22_Orlando_Magic_New_York_Knicks,2026_04_17,06:10 PM,Orlando Magic,New York Knicks,-2.0,2.0,228.5,100,-120,-108,-112,-115,-105,2.0,1.833333,1.925926,1.892857,1.869565,1.952381,0.516,0.484,115.4,115.2,230.6,1,2025_NBA,,,,,,,,,,,,,,,,,,,,,,,,,over,228.5,-115.0,0.018067137944747902,0.02077721383076348,0.5445476022201677,3.371333088300077,0.00519430345769087,total,nba,,,,,,,,,,,,,,,,,,,,,,,0.5445476022201677,0.45545239777983226,1.836386747316329,2.195619135774985,1.836386747316329,2.195619135774985,0.5348837831260214,0.5121951094586559,0.510834271337167,0.489165728662833,0.018067137944747902,0.03371333088300077,0.02077721383076348,1.8067137944747902,3.371333088300077,-0.11078339217021338,-0.033713330883000714,0.0,-11.078339217021338,-3.371333088300071
Basketball,NBA,2025_11_23,NBA_2025_11_23_Boston_Celtics_Orlando_Magic,2026_04_17,07:10 PM,Boston Celtics,Orlando Magic,-4.5,4.5,222.5,-177,155,-110,-110,-105,-115,1.564972,2.55,1.909091,1.909091,1.952381,1.869565,0.687,0.313,117.0,111.6,228.6,1,2025_NBA,,,,,,,,,,,,,,,,,,,,,,,,,over,222.5,-105.0,0.22496829950292563,0.2362167026672369,0.6274227722472846,13.825704358445162,0.05,total,nba,,,,,,,,,,,,,,,,,,,,,,,0.6274227722472846,0.3725772277527154,1.5938216530111413,2.6840073024101025,1.5938216530111413,2.6840073024101025,0.5121951094586559,0.5348837831260214,0.489165728662833,0.510834271337167,0.22496829950292563,0.13825704358445162,0.2362167026672369,22.496829950292565,13.825704358445162,-0.3034426551964947,-0.13825704358445157,0.0,-30.344265519649472,-13.825704358445156
Basketball,NBA,2025_11_23,NBA_2025_11_23_Cleveland_Cavaliers_Los_Angeles_Clippers,2026_04_17,07:10 PM,Cleveland Cavaliers,Los Angeles Clippers,-7.5,7.5,230.0,-370,296,-110,-110,-110,-110,1.27027,3.96,1.909091,1.909091,1.909091,1.909091,0.804,0.196,116.7,108.0,224.7,1,2025_NBA,,,,,,,,,,,,,,,,,,,,,,,,,under,230.0,-110.0,0.16680684311211658,0.1834875090745772,0.6111845077642273,11.118450776422728,0.0458718772686443,total,nba,,,,,,,,,,,,,,,,,,,,,,,0.3888154922357727,0.6111845077642273,2.57191397968683,1.6361671267782913,2.57191397968683,1.6361671267782913,0.5238094988662143,0.5238094988662143,0.5,0.5,-0.25771584311211637,-0.11118450776422728,0.0,-25.771584311211637,-11.118450776422728,0.16680684311211658,0.11118450776422728,0.1834875090745772,16.680684311211657,11.118450776422728
Basketball,NBA,2025_11_23,NBA_2025_11_23_Oklahoma_City_Thunder_Portland_Trail_Blazers,2026_04_17,08:10 PM,Oklahoma City Thunder,Portland Trail Blazers,-15.5,15.5,235.0,-1000,661,-110,-110,-110,-110,1.1,7.61,1.909091,1.909091,1.909091,1.909091,0.826,0.174,120.0,110.5,230.5,1,2025_NBA,,,,,,,,,,,,,,,,,,,,,,,,,under,235.0,-110.0,0.13543112767660404,0.14897422554684175,0.5947496099853825,9.47496099853825,0.03724355638671044,total,nba,,,,,,,,,,,,,,,,,,,,,,,0.4052503900146175,0.5947496099853825,2.4676102099838317,1.6813798331445355,2.4676102099838317,1.6813798331445355,0.5238094988662143,0.5238094988662143,0.5,0.5,-0.22634012767660383,-0.09474960998538251,0.0,-22.634012767660384,-9.47496099853825,0.13543112767660404,0.09474960998538251,0.14897422554684175,13.543112767660404,9.47496099853825
Basketball,NBA,2025_11_23,NBA_2025_11_23_Philadelphia_76ers_Miami_Heat,2026_04_17,02:10 PM,Philadelphia 76ers,Miami Heat,-1.0,1.0,241.0,-115,-105,-110,-110,-110,-110,1.869565,1.952381,1.909091,1.909091,1.909091,1.909091,0.536,0.464,118.2,117.1,235.3,1,2025_NBA,,,,,,,,,,,,,,,,,,,,,,,,,under,241.0,-110.0,0.18235717310038924,0.20059287035114098,0.6193299183225887,11.932991832258866,0.05,total,nba,,,,,,,,,,,,,,,,,,,,,,,0.38067008167741134,0.6193299183225887,2.6269466609866736,1.614648300389604,2.6269466609866736,1.614648300389604,0.5238094988662143,0.5238094988662143,0.5,0.5,-0.27326617310038903,-0.11932991832258866,0.0,-27.326617310038902,-11.932991832258866,0.18235717310038924,0.11932991832258866,0.20059287035114098,18.235717310038922,11.932991832258866
Basketball,NBA,2025_11_23,NBA_2025_11_23_Phoenix_Suns_San_Antonio_Spurs,2026_04_17,09:10 PM,Phoenix Suns,San Antonio Spurs,-1.0,1.0,234.5,-147,127,-115,-105,-110,-110,1.680272,2.27,1.869565,1.952381,1.909091,1.909091,0.569,0.431,116.0,113.8,229.8,1,2025_NBA,,,,,,,,,,,,,,,,,,,,,,,,,under,234.5,-110.0,0.14330737724629872,0.15763809920711866,0.5988752643254296,9.887526432542959,0.039409524801779665,total,nba,,,,,,,,,,,,,,,,,,,,,,,0.4011247356745704,0.5988752643254296,2.4929901127097103,1.6697968000505006,2.4929901127097103,1.6697968000505006,0.5238094988662143,0.5238094988662143,0.5,0.5,-0.23421637724629862,-0.09887526432542959,0.0,-23.42163772462986,-9.887526432542959,0.14330737724629872,0.09887526432542959,0.15763809920711866,14.330737724629872,9.887526432542959
Basketball,NBA,2025_11_23,NBA_2025_11_23_Toronto_Raptors_Brooklyn_Nets,2026_04_17,07:10 PM,Toronto Raptors,Brooklyn Nets,-14.0,14.0,231.0,-800,561,-110,-110,-110,-110,1.125,6.61,1.909091,1.909091,1.909091,1.909091,0.867,0.133,120.3,109.4,229.7,1,2025_NBA,,,,,,,,,,,,,,,,,,,,,,,,,under,231.0,-110.0,0.007260397257830009,0.00798643618496939,0.5276125639154079,2.7612563915407895,0.0019966090462423475,total,nba,,,,,,,,,,,,,,,,,,,,,,,0.4723874360845921,0.5276125639154079,2.116906428097564,1.895330150174987,2.116906428097564,1.895330150174987,0.5238094988662143,0.5238094988662143,0.5,0.5,-0.09816939725782992,-0.027612563915407895,0.0,-9.81693972578299,-2.7612563915407895,0.007260397257830009,0.027612563915407895,0.00798643618496939,0.7260397257830009,2.7612563915407895
Basketball,NBA,2025_11_23,NBA_2025_11_23_Utah_Jazz_Los_Angeles_Lakers,2026_04_17,09:10 PM,Utah Jazz,Los Angeles Lakers,10.5,-10.5,243.5,330,-420,-110,-110,-110,-110,4.3,1.238095,1.909091,1.909091,1.909091,1.909091,0.298,0.702,112.8,119.2,232.0,1,2025_NBA,,,,,,,,,,,,,,,,,,,,,,,,,under,243.5,-110.0,0.39361006109913754,0.43297102391194875,0.7299861877192535,22.99861877192535,0.05,total,nba,,,,,,,,,,,,,,,,,,,,,,,0.2700138122807465,0.7299861877192535,3.7035142445240963,1.3698889332747095,3.7035142445240963,1.3698889332747095,0.5238094988662143,0.5238094988662143,0.5,0.5,-0.48451906109913734,-0.2299861877192535,0.0,-48.451906109913736,-22.99861877192535,0.39361006109913754,0.2299861877192535,0.43297102391194875,39.36100610991375,22.99861877192535
Basketball,NBA,2025_11_24,NBA_2025_11_24_Golden_State_Warriors_Utah_Jazz,2026_04_17,11:10 PM,Golden State Warriors,Utah Jazz,-14.5,14.5,239.5,-800,561,-110,-110,-110,-110,1.125,6.61,1.909091,1.909091,1.909091,1.909091,0.865,0.135,121.2,110.3,231.5,1,2025_NBA,,,,,,,,,,,,,,,,,,,,,,,,,under,239.5,-110.0,0.26963427472876345,0.2965976725418725,0.6650464931890431,16.504649318904306,0.05,total,nba,,,,,,,,,,,,,,,,,,,,,,,0.3349535068109569,0.6650464931890431,2.985488969859886,1.5036542711544598,2.985488969859886,1.5036542711544598,0.5238094988662143,0.5238094988662143,0.5,0.5,-0.36054327472876335,-0.16504649318904308,0.0,-36.05432747287634,-16.504649318904306,0.26963427472876345,0.16504649318904308,0.2965976725418725,26.963427472876344,16.504649318904306
Basketball,NBA,2025_11_24,NBA_2025_11_24_Indiana_Pacers_Detroit_Pistons,2026_04_17,08:10 PM,Indiana Pacers,Detroit Pistons,10.0,-10.0,236.0,316,-400,-110,-110,-110,-110,4.16,1.25,1.909091,1.909091,1.909091,1.909091,0.231,0.769,110.7,119.3,230.0,1,2025_NBA,,,,,,,,,,,,,,,,,,,,,,,,,under,236.0,-110.0,0.19395442367234628,0.21334984470459642,0.6254046683329114,12.540466833291141,0.05,total,nba,,,,,,,,,,,,,,,,,,,,,,,0.3745953316670886,0.6254046683329114,2.669547416807433,1.5989647193801988,2.669547416807433,1.5989647193801988,0.5238094988662143,0.5238094988662143,0.5,0.5,-0.2848634236723462,-0.12540466833291142,0.0,-28.48634236723462,-12.540466833291141,0.19395442367234628,0.12540466833291142,0.21334984470459642,19.39544236723463,12.540466833291141
Basketball,NBA,2025_11_24,NBA_2025_11_24_Memphis_Grizzlies_Denver_Nuggets,2026_04_17,09:10 PM,Memphis Grizzlies,Denver Nuggets,8.5,-8.5,234.0,234,-285,-110,-110,-110,-110,3.34,1.350877,1.909091,1.909091,1.909091,1.909091,0.249,0.751,115.2,123.4,238.6,1,2025_NBA,,,,,,,,,,,,,,,,,,,,,,,,,over,234.0,-110.0,0.1393718241433941,0.1533089912268344,0.5968137842268357,9.681378422683572,0.0383272478067086,total,nba,,,,,,,,,,,,,,,,,,,,,,,0.5968137842268357,0.40318621577316427,1.6755645168207478,2.4802435224189505,1.6755645168207478,2.4802435224189505,0.5238094988662143,0.5238094988662143,0.5,0.5,0.1393718241433941,0.09681378422683573,0.1533089912268344,13.93718241433941,9.681378422683572,-0.23028082414339401,-0.09681378422683573,0.0,-23.0280824143394,-9.681378422683572
Basketball,NBA,2025_11_24,NBA_2025_11_24_Miami_Heat_Dallas_Mavericks,2026_04_17,08:40 PM,Miami Heat,Dallas Mavericks,-8.0,8.0,238.0,-300,245,-110,-110,-110,-110,1.333333,3.45,1.909091,1.909091,1.909091,1.909091,0.804,0.196,120.6,111.8,232.4,1,2025_NBA,,,,,,,,,,,,,,,,,,,,,,,,,under,238.0,-110.0,0.17847874704148103,0.1963266021129688,0.6172983619122823,11.729836191228227,0.0490816505282422,total,nba,,,,,,,,,,,,,,,,,,,,,,,0.38270163808771773,0.6172983619122823,2.613001619216465,1.6199621798803663,2.613001619216465,1.6199621798803663,0.5238094988662143,0.5238094988662143,0.5,0.5,-0.26938774704148083,-0.11729836191228227,0.0,-26.938774704148084,-11.729836191228227,0.17847874704148103,0.11729836191228227,0.1963266021129688,17.847874704148104,11.729836191228227
Basketball,NBA,2025_11_24,NBA_2025_11_24_Milwaukee_Bucks_Portland_Trail_Blazers,2026_04_17,09:10 PM,Milwaukee Bucks,Portland Trail Blazers,-2.5,2.5,235.5,-140,120,-110,-110,-110,-110,1.714286,2.2,1.909091,1.909091,1.909091,1.909091,0.555,0.445,117.7,116.0,233.7,1,2025_NBA,,,,,,,,,,,,,,,,,,,,,,,,,under,235.5,-110.0,0.027481891510435785,0.030230077638471537,0.5382047746861913,3.8204774686191323,0.007557519409617884,total,nba,,,,,,,,,,,,,,,,,,,,,,,0.4617952253138087,0.5382047746861913,2.165461973584632,1.8580288526482611,2.165461973584632,1.8580288526482611,0.5238094988662143,0.5238094988662143,0.5,0.5,-0.11839089151043558,-0.03820477468619132,0.0,-11.839089151043558,-3.8204774686191323,0.027481891510435785,0.03820477468619132,0.030230077638471537,2.7481891510435785,3.8204774686191323
Basketball,NBA,2025_11_24,NBA_2025_11_24_New_Orleans_Pelicans_Chicago_Bulls,2026_04_17,09:10 PM,New Orleans Pelicans,Chicago Bulls,5.0,-5.0,241.5,174,-200,-110,-110,-110,-110,2.74,1.5,1.909091,1.909091,1.909091,1.909091,0.266,0.734,114.3,121.9,236.2,1,2025_NBA,,,,,,,,,,,,,,,,,,,,,,,,,under,241.5,-110.0,0.16680684311211658,0.1834875090745772,0.6111845077642273,11.118450776422728,0.0458718772686443,total,nba,,,,,,,,,,,,,,,,,,,,,,,0.3888154922357727,0.6111845077642273,2.57191397968683,1.6361671267782913,2.57191397968683,1.6361671267782913,0.5238094988662143,0.5238094988662143,0.5,0.5,-0.25771584311211637,-0.11118450776422728,0.0,-25.771584311211637,-11.118450776422728,0.16680684311211658,0.11118450776422728,0.1834875090745772,16.680684311211657,11.118450776422728
Basketball,NBA,2025_11_24,NBA_2025_11_24_Phoenix_Suns_Houston_Rockets,2026_04_17,10:40 PM,Phoenix Suns,Houston Rockets,7.5,-7.5,232.5,183,-215,-110,-110,-110,-110,2.83,1.465116,1.909091,1.909091,1.909091,1.909091,0.289,0.711,111.6,118.2,229.8,1,2025_NBA,,,,,,,,,,,,,,,,,,,,,,,,,under,232.5,-110.0,0.06374103289533517,0.07011512917335576,0.5571976573643347,5.719765736433469,0.01752878229333894,total,nba,,,,,,,,,,,,,,,,,,,,,,,0.4428023426356653,0.5571976573643347,2.2583439691121803,1.794695269772339,2.2583439691121803,1.794695269772339,0.5238094988662143,0.5238094988662143,0.5,0.5,-0.15465003289533508,-0.057197657364334686,0.0,-15.465003289533508,-5.719765736433469,0.06374103289533517,0.057197657364334686,0.07011512917335576,6.374103289533517,5.719765736433469
Basketball,NBA,2025_11_24,NBA_2025_11_24_Sacramento_Kings_Minnesota_Timberwolves,2026_04_17,11:10 PM,Sacramento Kings,Minnesota Timberwolves,9.0,-9.0,236.5,306,-385,-110,-110,-110,-110,4.06,1.25974,1.909091,1.909091,1.909091,1.909091,0.232,0.768,112.1,120.7,232.8,1,2025_NBA,,,,,,,,,,,,,,,,,,,,,,,,,under,236.5,-110.0,0.10373311805063357,0.11410641844505506,0.5781458914481465,7.814589144814654,0.028526604611263766,total,nba,,,,,,,,,,,,,,,,,,,,,,,0.42185410855185346,0.5781458914481465,2.3704877580375205,1.7296672255080605,2.3704877580375205,1.7296672255080605,0.5238094988662143,0.5238094988662143,0.5,0.5,-0.19464211805063347,-0.07814589144814654,0.0,-19.464211805063346,-7.814589144814654,0.10373311805063357,0.07814589144814654,0.11410641844505506,10.373311805063356,7.814589144814654
Basketball,NBA,2025_11_24,NBA_2025_11_24_Toronto_Raptors_Cleveland_Cavaliers,2026_04_17,08:10 PM,Toronto Raptors,Cleveland Cavaliers,2.0,-2.0,239.0,110,-130,-110,-110,-110,-110,2.1,1.769231,1.909091,1.909091,1.909091,1.909091,0.532,0.468,117.9,117.5,235.4,1,2025_NBA,,,,,,,,,,,,,,,,,,,,,,,,,under,239.0,-110.0,0.09975091888479937,0.1097259998006792,0.5760599776987054,7.605997769870543,0.0274314999501698,total,nba,,,,,,,,,,,,,,,,,,,,,,,0.4239400223012946,0.5760599776987054,2.3588242378524455,1.7359303522436798,2.3588242378524455,1.7359303522436798,0.5238094988662143,0.5238094988662143,0.5,0.5,-0.19065991888479916,-0.07605997769870543,0.0,-19.065991888479918,-7.605997769870543,0.09975091888479937,0.07605997769870543,0.1097259998006792,9.975091888479938,7.605997769870543
Basketball,NBA,2025_11_25,NBA_2025_11_25_Philadelphia_76ers_Orlando_Magic,2026_04_17,09:10 PM,Philadelphia 76ers,Orlando Magic,1.0,-1.0,228.5,-105,-115,-110,-110,-110,-110,1.952381,1.869565,1.909091,1.909091,1.909091,1.909091,0.521,0.479,115.2,114.7,229.9,1,2025_NBA,,,,,,,,,,,,,,,,,,,,,,,,,over,228.5,-110.0,0.011308141594687182,0.012438954510260386,0.5297328108480356,2.9732810848035585,0.0031097386275650966,total,nba,,,,,,,,,,,,,,,,,,,,,,,0.5297328108480356,0.4702671891519644,1.8877441221719413,2.126450713695986,1.8877441221719413,2.126450713695986,0.5238094988662143,0.5238094988662143,0.5,0.5,0.011308141594687182,0.029732810848035585,0.012438954510260386,1.1308141594687182,2.9732810848035585,-0.10221714159468709,-0.029732810848035585,0.0,-10.221714159468709,-2.9732810848035585
Basketball,NBA,2025_11_25,NBA_2025_11_25_Washington_Wizards_Atlanta_Hawks,2026_04_17,08:10 PM,Washington Wizards,Atlanta Hawks,10.0,-10.0,236.5,337,-430,-110,-110,-110,-110,4.37,1.232558,1.909091,1.909091,1.909091,1.909091,0.229,0.771,112.6,121.3,233.9,1,2025_NBA,,,,,,,,,,,,,,,,,,,,,,,,,under,236.5,-110.0,0.059723058942541485,0.06569535826725968,0.5550930044416643,5.509300444166431,0.01642383956681492,total,nba,,,,,,,,,,,,,,,,,,,,,,,0.4449069955583357,0.5550930044416643,2.2476607695166733,1.8014999144257666,2.2476607695166733,1.8014999144257666,0.5238094988662143,0.5238094988662143,0.5,0.5,-0.15063205894254128,-0.05509300444166432,0.0,-15.063205894254128,-5.509300444166431,0.059723058942541485,0.05509300444166432,0.06569535826725968,5.9723058942541485,5.509300444166431
Basketball,NBA,2025_11_26,NBA_2025_11_26_Boston_Celtics_Detroit_Pistons,2026_04_17,06:12 PM,Boston Celtics,Detroit Pistons,3.0,-3.0,231.0,130,-150,-110,-110,-110,-110,2.3,1.666667,1.909091,1.909091,1.909091,1.909091,0.547,0.453,115.0,113.6,228.6,1,2025_NBA,,,,,,,,,,,,,,,,,,,,,,,,,under,231.0,-110.0,0.05167832161588626,0.05684614809285995,0.5508790946140787,5.087909461407869,0.014211537023214987,total,nba,,,,,,,,,,,,,,,,,,,,,,,0.4491209053859213,0.5508790946140787,2.2265719275318934,1.8152803578443204,2.2265719275318934,1.8152803578443204,0.5238094988662143,0.5238094988662143,0.5,0.5,-0.14258732161588605,-0.05087909461407869,0.0,-14.258732161588606,-5.087909461407869,0.05167832161588626,0.05087909461407869,0.05684614809285995,5.167832161588626,5.087909461407869
Basketball,NBA,2025_11_26,NBA_2025_11_26_Charlotte_Hornets_New_York_Knicks,2026_04_17,08:10 PM,Charlotte Hornets,New York Knicks,6.5,-6.5,236.5,215,-260,-105,-115,-110,-110,3.15,1.384615,1.952381,1.869565,1.909091,1.909091,0.299,0.701,113.6,120.0,233.6,1,2025_NBA,,,,,,,,,,,,,,,,,,,,,,,,,under,236.5,-110.0,0.07176763236904926,0.07894438771151553,0.5614020664122608,6.140206641226076,0.019736096927878883,total,nba,,,,,,,,,,,,,,,,,,,,,,,0.43859793358773924,0.5614020664122608,2.279992502062154,1.7812545764048875,2.279992502062154,1.7812545764048875,0.5238094988662143,0.5238094988662143,0.5,0.5,-0.16267663236904928,-0.06140206641226076,0.0,-16.267663236904927,-6.140206641226076,0.07176763236904926,0.06140206641226076,0.07894438771151553,7.176763236904926,6.140206641226076
Basketball,NBA,2025_11_26,NBA_2025_11_26_Golden_State_Warriors_Houston_Rockets,2026_04_17,11:10 PM,Golden State Warriors,Houston Rockets,1.0,-1.0,225.0,-120,100,-105,-115,-110,-110,1.833333,2.0,1.952381,1.869565,1.909091,1.909091,0.492,0.508,113.6,114.3,227.9,1,2025_NBA,,,,,,,,,,,,,,,,,,,,,,,,,over,225.0,-110.0,0.07176763236904926,0.07894438771151553,0.5614020664122608,6.140206641226076,0.019736096927878883,total,nba,,,,,,,,,,,,,,,,,,,,,,,0.5614020664122608,0.4385979335877392,1.7812545764048875,2.279992502062154,1.7812545764048875,2.279992502062154,0.5238094988662143,0.5238094988662143,0.5,0.5,0.07176763236904926,0.06140206641226076,0.07894438771151553,7.176763236904926,6.140206641226076,-0.1626766323690494,-0.061402066412260814,0.0,-16.267663236904937,-6.140206641226081
Basketball,NBA,2025_11_26,NBA_2025_11_26_Miami_Heat_Milwaukee_Bucks,2026_04_17,08:40 PM,Miami Heat,Milwaukee Bucks,-8.0,8.0,231.5,-275,226,-115,-105,-110,-110,1.363636,3.26,1.869565,1.952381,1.909091,1.909091,0.752,0.248,121.3,113.8,235.1,1,2025_NBA,,,,,,,,,,,,,,,,,,,,,,,,,over,231.5,-110.0,0.09975091888479937,0.1097259998006792,0.5760599776987054,7.605997769870543,0.0274314999501698,total,nba,,,,,,,,,,,,,,,,,,,,,,,0.5760599776987054,0.4239400223012946,1.7359303522436798,2.3588242378524455,1.7359303522436798,2.3588242378524455,0.5238094988662143,0.5238094988662143,0.5,0.5,0.09975091888479937,0.07605997769870543,0.1097259998006792,9.975091888479938,7.605997769870543,-0.19065991888479916,-0.07605997769870543,0.0,-19.065991888479918,-7.605997769870543
Basketball,NBA,2025_11_26,NBA_2025_11_26_Portland_Trail_Blazers_San_Antonio_Spurs,2026_04_17,11:10 PM,Portland Trail Blazers,San Antonio Spurs,-2.5,2.5,238.0,-135,115,-110,-110,-110,-110,1.740741,2.15,1.909091,1.909091,1.909091,1.909091,0.492,0.508,115.9,116.8,232.7,1,2025_NBA,,,,,,,,,,,,,,,,,,,,,,,,,under,238.0,-110.0,0.16680684311211658,0.1834875090745772,0.6111845077642273,11.118450776422728,0.0458718772686443,total,nba,,,,,,,,,,,,,,,,,,,,,,,0.3888154922357727,0.6111845077642273,2.57191397968683,1.6361671267782913,2.57191397968683,1.6361671267782913,0.5238094988662143,0.5238094988662143,0.5,0.5,-0.25771584311211637,-0.11118450776422728,0.0,-25.771584311211637,-11.118450776422728,0.16680684311211658,0.11118450776422728,0.1834875090745772,16.680684311211657,11.118450776422728
Basketball,NBA,2025_11_26,NBA_2025_11_26_Sacramento_Kings_Phoenix_Suns,2026_04_17,11:10 PM,Sacramento Kings,Phoenix Suns,3.5,-3.5,235.0,149,-170,-105,-115,-110,-110,2.49,1.588235,1.952381,1.869565,1.909091,1.909091,0.38,0.62,113.7,118.0,231.7,1,2025_NBA,,,,,,,,,,,,,,,,,,,,,,,,,under,235.0,-110.0,0.08778032400350066,0.09655834674801604,0.5697896663928019,6.978966639280193,0.02413958668700401,total,nba,,,,,,,,,,,,,,,,,,,,,,,0.43021033360719807,0.5697896663928019,2.3244443981976644,1.755033583411145,2.3244443981976644,1.755033583411145,0.5238094988662143,0.5238094988662143,0.5,0.5,-0.17868932400350057,-0.06978966639280193,0.0,-17.868932400350058,-6.978966639280193,0.08778032400350066,0.06978966639280193,0.09655834674801604,8.778032400350067,6.978966639280193
Basketball,NBA,2025_11_26,NBA_2025_11_26_Toronto_Raptors_Indiana_Pacers,2026_04_17,08:40 PM,Toronto Raptors,Indiana Pacers,-9.5,9.5,234.5,-400,316,-115,-105,-110,-110,1.25,4.16,1.869565,1.952381,1.909091,1.909091,0.861,0.139,121.9,111.2,233.1,1,2025_NBA,,,,,,,,,,,,,,,,,,,,,,,,,under,234.5,-110.0,0.011308141594687182,0.012438954510260386,0.5297328108480356,2.9732810848035585,0.0031097386275650966,total,nba,,,,,,,,,,,,,,,,,,,,,,,0.4702671891519644,0.5297328108480356,2.126450713695986,1.8877441221719413,2.126450713695986,1.8877441221719413,0.5238094988662143,0.5238094988662143,0.5,0.5,-0.10221714159468709,-0.029732810848035585,0.0,-10.221714159468709,-2.9732810848035585,0.011308141594687182,0.029732810848035585,0.012438954510260386,1.1308141594687182,2.9732810848035585
Basketball,NBA,2025_11_28,NBA_2025_11_28_Atlanta_Hawks_Cleveland_Cavaliers,2026_04_17,08:40 PM,Atlanta Hawks,Cleveland Cavaliers,5.5,-5.5,239.5,153,-175,-110,-110,-110,-110,2.53,1.571429,1.909091,1.909091,1.909091,1.909091,0.463,0.537,115.7,117.7,233.4,1,2025_NBA,,,,,,,,,,,,,,,,,,,,,,,,,under,239.5,-110.0,0.19780716769234097,0.21758786270278865,0.6274227722472846,12.74227722472846,0.05,total,nba,,,,,,,,,,,,,,,,,,,,,,,0.3725772277527154,0.6274227722472846,2.6840073024101025,1.5938216530111413,2.6840073024101025,1.5938216530111413,0.5238094988662143,0.5238094988662143,0.5,0.5,-0.28871616769234076,-0.1274227722472846,0.0,-28.871616769234077,-12.74227722472846,0.19780716769234097,0.1274227722472846,0.21758786270278865,19.780716769234097,12.74227722472846
Basketball,NBA,2025_11_28,NBA_2025_11_28_Charlotte_Hornets_Chicago_Bulls,2026_04_17,08:40 PM,Charlotte Hornets,Chicago Bulls,3.5,-3.5,247.5,135,-155,-110,-110,-110,-110,2.35,1.645161,1.909091,1.909091,1.909091,1.909091,0.367,0.633,116.6,121.4,238.0,1,2025_NBA,,,,,,,,,,,,,,,,,,,,,,,,,under,247.5,-110.0,0.32422700404994975,0.35664966878997795,0.6936426833765126,19.364268337651257,0.05,total,nba,,,,,,,,,,,,,,,,,,,,,,,0.3063573166234874,0.6936426833765126,3.26416228938641,1.4416644534217558,3.26416228938641,1.4416644534217558,0.5238094988662143,0.5238094988662143,0.5,0.5,-0.41513600404994977,-0.19364268337651258,0.0,-41.513600404994975,-19.364268337651257,0.32422700404994975,0.19364268337651258,0.35664966878997795,32.42270040499498,19.364268337651257
Basketball,NBA,2025_11_28,NBA_2025_11_28_Denver_Nuggets_San_Antonio_Spurs,2026_04_17,10:40 PM,Denver Nuggets,San Antonio Spurs,-10.5,10.5,237.0,-410,324,-110,-110,-110,-110,1.243902,4.24,1.909091,1.909091,1.909091,1.909091,0.752,0.248,121.0,113.5,234.5,1,2025_NBA,,,,,,,,,,,,,,,,,,,,,,,,,under,237.0,-110.0,0.05570211783101153,0.061272323486880456,0.5529867972930633,5.298679729306333,0.015318080871720114,total,nba,,,,,,,,,,,,,,,,,,,,,,,0.4470132027069367,0.5529867972930633,2.2370703906381113,1.8083614380942183,2.2370703906381113,1.8083614380942183,0.5238094988662143,0.5238094988662143,0.5,0.5,-0.14661111783101155,-0.052986797293063326,0.0,-14.661111783101155,-5.298679729306333,0.05570211783101153,0.052986797293063326,0.061272323486880456,5.570211783101153,5.298679729306333
Basketball,NBA,2025_11_28,NBA_2025_11_28_Detroit_Pistons_Orlando_Magic,2026_04_17,08:40 PM,Detroit Pistons,Orlando Magic,-5.5,5.5,234.5,-197,172,-110,-110,-110,-110,1.507614,2.72,1.909091,1.909091,1.909091,1.909091,0.597,0.403,115.5,112.7,228.2,1,2025_NBA,,,,,,,,,,,,,,,,,,,,,,,,,under,234.5,-110.0,0.20549255755932094,0.22604179071107394,0.6314484524620989,13.14484524620989,0.05,total,nba,,,,,,,,,,,,,,,,,,,,,,,0.3685515475379011,0.6314484524620989,2.7133246534452877,1.583660544421118,2.7133246534452877,1.583660544421118,0.5238094988662143,0.5238094988662143,0.5,0.5,-0.29640155755932085,-0.1314484524620989,0.0,-29.640155755932085,-13.14484524620989,0.20549255755932094,0.1314484524620989,0.22604179071107394,20.549255755932094,13.14484524620989
Basketball,NBA,2025_11_28,NBA_2025_11_28_Indiana_Pacers_Washington_Wizards,2026_04_17,08:40 PM,Indiana Pacers,Washington Wizards,-6.5,6.5,240.0,-255,211,-110,-110,-110,-110,1.392157,3.11,1.909091,1.909091,1.909091,1.909091,0.569,0.431,118.5,116.3,234.8,1,2025_NBA,,,,,,,,,,,,,,,,,,,,,,,,,under,240.0,-110.0,0.16290433703856344,0.17919475282294448,0.6091403380135171,10.914033801351708,0.04479868820573612,total,nba,,,,,,,,,,,,,,,,,,,,,,,0.3908596619864829,0.6091403380135171,2.5584630425090604,1.6416578210222053,2.5584630425090604,1.6416578210222053,0.5238094988662143,0.5238094988662143,0.5,0.5,-0.25381333703856335,-0.10914033801351708,0.0,-25.381333703856335,-10.914033801351708,0.16290433703856344,0.10914033801351708,0.17919475282294448,16.290433703856344,10.914033801351708
Basketball,NBA,2025_11_28,NBA_2025_11_28_Los_Angeles_Clippers_Memphis_Grizzlies,2026_04_17,11:10 PM,Los Angeles Clippers,Memphis Grizzlies,-7.0,7.0,227.5,-255,211,-110,-110,-110,-110,1.392157,3.11,1.909091,1.909091,1.909091,1.909091,0.556,0.444,113.7,111.9,225.6,1,2025_NBA,,,,,,,,,,,,,,,,,,,,,,,,,under,227.5,-110.0,0.0315204523111825,0.03467249407505134,0.5403202111953712,4.032021119537122,0.008668123518762835,total,nba,,,,,,,,,,,,,,,,,,,,,,,0.4596797888046288,0.5403202111953712,2.1754273830494992,1.8507543846780439,2.1754273830494992,1.8507543846780439,0.5238094988662143,0.5238094988662143,0.5,0.5,-0.12242945231118241,-0.040320211195371214,0.0,-12.242945231118242,-4.032021119537122,0.0315204523111825,0.040320211195371214,0.03467249407505134,3.15204523111825,4.032021119537122
Basketball,NBA,2025_11_28,NBA_2025_11_28_Los_Angeles_Lakers_Dallas_Mavericks,2026_04_17,11:10 PM,Los Angeles Lakers,Dallas Mavericks,-11.0,11.0,230.5,-520,396,-110,-110,-110,-110,1.192308,4.96,1.909091,1.909091,1.909091,1.909091,0.849,0.151,118.6,108.3,226.9,1,2025_NBA,,,,,,,,,,,,,,,,,,,,,,,,,under,230.5,-110.0,0.09975091888479937,0.1097259998006792,0.5760599776987054,7.605997769870543,0.0274314999501698,total,nba,,,,,,,,,,,,,,,,,,,,,,,0.4239400223012946,0.5760599776987054,2.3588242378524455,1.7359303522436798,2.3588242378524455,1.7359303522436798,0.5238094988662143,0.5238094988662143,0.5,0.5,-0.19065991888479916,-0.07605997769870543,0.0,-19.065991888479918,-7.605997769870543,0.09975091888479937,0.07605997769870543,0.1097259998006792,9.975091888479938,7.605997769870543
Basketball,NBA,2025_11_28,NBA_2025_11_28_New_York_Knicks_Milwaukee_Bucks,2026_04_17,08:40 PM,New York Knicks,Milwaukee Bucks,-7.5,7.5,235.0,-300,245,-113,-107,-110,-110,1.333333,3.45,1.884956,1.934579,1.909091,1.909091,0.795,0.205,120.4,111.8,232.2,1,2025_NBA,,,,,,,,,,,,,,,,,,,,,,,,,under,235.0,-110.0,0.06775592788536677,0.07453151322075224,0.5593006974970637,5.930069749706368,0.01863287830518806,total,nba,,,,,,,,,,,,,,,,,,,,,,,0.4406993025029363,0.5593006974970637,2.2691209047088,1.787946992512467,2.2691209047088,1.787946992512467,0.5238094988662143,0.5238094988662143,0.5,0.5,-0.1586649278853668,-0.05930069749706368,0.0,-15.866492788536679,-5.930069749706368,0.06775592788536677,0.05930069749706368,0.07453151322075224,6.775592788536677,5.930069749706368
Basketball,NBA,2025_11_28,NBA_2025_11_28_Utah_Jazz_Sacramento_Kings,2026_04_17,10:40 PM,Utah Jazz,Sacramento Kings,-1.0,1.0,240.5,-115,-105,-114,-106,-110,-110,1.869565,1.952381,1.877193,1.943396,1.909091,1.909091,0.596,0.404,119.0,116.2,235.2,1,2025_NBA,,,,,,,,,,,,,,,,,,,,,,,,,under,240.5,-110.0,0.16680684311211658,0.1834875090745772,0.6111845077642273,11.118450776422728,0.0458718772686443,total,nba,,,,,,,,,,,,,,,,,,,,,,,0.3888154922357727,0.6111845077642273,2.57191397968683,1.6361671267782913,2.57191397968683,1.6361671267782913,0.5238094988662143,0.5238094988662143,0.5,0.5,-0.25771584311211637,-0.11118450776422728,0.0,-25.771584311211637,-11.118450776422728,0.16680684311211658,0.11118450776422728,0.1834875090745772,16.680684311211657,11.118450776422728
Basketball,NBA,2025_11_29,NBA_2025_11_29_Charlotte_Hornets_Toronto_Raptors,2026_04_17,07:10 PM,Charlotte Hornets,Toronto Raptors,6.5,-6.5,237.0,274,-340,-110,-110,-110,-110,3.74,1.294118,1.909091,1.909091,1.909091,1.909091,0.204,0.796,110.1,119.4,229.5,1,2025_NBA,,,,,,,,,,,,,,,,,,,,,,,,,under,237.0,-110.0,0.25100198906025173,0.27610216035606094,0.6552867249702878,15.528672497028783,0.05,total,nba,,,,,,,,,,,,,,,,,,,,,,,0.34471327502971216,0.6552867249702878,2.9009616757979693,1.5260495320507863,2.9009616757979693,1.5260495320507863,0.5238094988662143,0.5238094988662143,0.5,0.5,-0.34191098906025175,-0.15528672497028784,0.0,-34.191098906025175,-15.528672497028783,0.25100198906025173,0.15528672497028784,0.27610216035606094,25.100198906025174,15.528672497028783
Basketball,NBA,2025_11_29,NBA_2025_11_29_Golden_State_Warriors_New_Orleans_Pelicans,2026_04_17,09:40 PM,Golden State Warriors,New Orleans Pelicans,-9.0,9.0,225.0,-315,256,-110,-110,-110,-110,1.31746,3.56,1.909091,1.909091,1.909091,1.909091,0.847,0.153,119.3,109.2,228.5,1,2025_NBA,,,,,,,,,,,,,,,,,,,,,,,,,over,225.0,-110.0,0.0957646473468452,0.10534110154741944,0.573971930802065,7.397193080206499,0.02633527538685486,total,nba,,,,,,,,,,,,,,,,,,,,,,,0.573971930802065,0.426028069197935,1.7422454763643336,2.3472631788855076,1.7422454763643336,2.3472631788855076,0.5238094988662143,0.5238094988662143,0.5,0.5,0.0957646473468452,0.07397193080206499,0.10534110154741944,9.57646473468452,7.397193080206499,-0.186673647346845,-0.07397193080206499,0.0,-18.6673647346845,-7.397193080206499
Basketball,NBA,2025_11_29,NBA_2025_11_29_Indiana_Pacers_Chicago_Bulls,2026_04_17,08:40 PM,Indiana Pacers,Chicago Bulls,3.0,-3.0,247.5,157,-180,-110,-110,-110,-110,2.57,1.555556,1.909091,1.909091,1.909091,1.909091,0.333,0.667,117.9,123.6,241.5,1,2025_NBA,,,,,,,,,,,,,,,,,,,,,,,,,under,247.5,-110.0,0.19395442367234628,0.21334984470459642,0.6254046683329114,12.540466833291141,0.05,total,nba,,,,,,,,,,,,,,,,,,,,,,,0.3745953316670886,0.6254046683329114,2.669547416807433,1.5989647193801988,2.669547416807433,1.5989647193801988,0.5238094988662143,0.5238094988662143,0.5,0.5,-0.2848634236723462,-0.12540466833291142,0.0,-28.48634236723462,-12.540466833291141,0.19395442367234628,0.12540466833291142,0.21334984470459642,19.39544236723463,12.540466833291141
Basketball,NBA,2025_11_30,NBA_2025_11_30_Los_Angeles_Lakers_New_Orleans_Pelicans,2026_04_17,10:40 PM,Los Angeles Lakers,New Orleans Pelicans,-14.5,14.5,233.5,-925,624,-110,-110,-110,-110,1.108108,7.24,1.909091,1.909091,1.909091,1.909091,0.9,0.1,120.8,108.3,229.1,1,2025_NBA,,,,,,,,,,,,,,,,,,,,,,,,,under,233.5,-110.0,0.13148539315400187,0.14463391800601025,0.5926827967624392,9.268279676243917,0.03615847950150256,total,nba,,,,,,,,,,,,,,,,,,,,,,,0.4073172032375608,0.5926827967624392,2.455089036386138,1.6872431686267129,2.455089036386138,1.6872431686267129,0.5238094988662143,0.5238094988662143,0.5,0.5,-0.22239439315400178,-0.09268279676243918,0.0,-22.239439315400176,-9.268279676243917,0.13148539315400187,0.09268279676243918,0.14463391800601025,13.148539315400187,9.268279676243917
Basketball,NBA,2025_11_30,NBA_2025_11_30_Minnesota_Timberwolves_San_Antonio_Spurs,2026_04_17,08:10 PM,Minnesota Timberwolves,San Antonio Spurs,-4.0,4.0,233.0,-165,145,-110,-110,-110,-110,1.606061,2.45,1.909091,1.909091,1.909091,1.909091,0.598,0.402,116.9,113.9,230.8,1,2025_NBA,,,,,,,,,,,,,,,,,,,,,,,,,under,233.0,-110.0,0.0436226132947406,0.04798486982572779,0.5466594380753671,4.66594380753671,0.011996217456431948,total,nba,,,,,,,,,,,,,,,,,,,,,,,0.4533405619246329,0.5466594380753671,2.205847179777062,1.8292924814775293,2.205847179777062,1.8292924814775293,0.5238094988662143,0.5238094988662143,0.5,0.5,-0.13453161329474062,-0.0466594380753671,0.0,-13.453161329474062,-4.66594380753671,0.0436226132947406,0.0466594380753671,0.04798486982572779,4.36226132947406,4.66594380753671
Basketball,NBA,2025_11_30,NBA_2025_11_30_New_York_Knicks_Toronto_Raptors,2026_04_17,07:10 PM,New York Knicks,Toronto Raptors,-6.0,6.0,231.5,-300,245,-110,-110,-110,-110,1.333333,3.45,1.909091,1.909091,1.909091,1.909091,0.689,0.311,119.4,114.2,233.6,1,2025_NBA,,,,,,,,,,,,,,,,,,,,,,,,,over,231.5,-110.0,0.039590926470102206,0.04355001476211107,0.5445476022201677,4.454760222016773,0.010887503690527767,total,nba,,,,,,,,,,,,,,,,,,,,,,,0.5445476022201677,0.45545239777983226,1.836386747316329,2.195619135774985,1.836386747316329,2.195619135774985,0.5238094988662143,0.5238094988662143,0.5,0.5,0.039590926470102206,0.04454760222016774,0.04355001476211107,3.9590926470102206,4.454760222016773,-0.13049992647010222,-0.04454760222016774,0.0,-13.049992647010223,-4.454760222016773
Basketball,NBA,2025_11_30,NBA_2025_11_30_Philadelphia_76ers_Atlanta_Hawks,2026_04_17,07:10 PM,Philadelphia 76ers,Atlanta Hawks,-1.0,1.0,232.5,-115,-105,-110,-110,-110,-110,1.869565,1.952381,1.909091,1.909091,1.909091,1.909091,0.533,0.467,116.0,115.0,231.0,1,2025_NBA,,,,,,,,,,,,,,,,,,,,,,,,,under,232.5,-110.0,0.015354277306573128,0.016889703348260104,0.5318522151676233,3.1852215167623266,0.004222425837065026,total,nba,,,,,,,,,,,,,,,,,,,,,,,0.46814778483237673,0.5318522151676233,2.1360776071130108,1.8802215568188074,2.1360776071130108,1.8802215568188074,0.5238094988662143,0.5238094988662143,0.5,0.5,-0.10626327730657303,-0.031852215167623266,0.0,-10.626327730657303,-3.1852215167623266,0.015354277306573128,0.031852215167623266,0.016889703348260104,1.5354277306573128,3.1852215167623266
Basketball,NBA,2025_11_30,NBA_2025_11_30_Portland_Trail_Blazers_Oklahoma_City_Thunder,2026_04_17,07:10 PM,Portland Trail Blazers,Oklahoma City Thunder,12.0,-12.0,233.0,505,-700,-110,-110,-110,-110,6.05,1.142857,1.909091,1.909091,1.909091,1.909091,0.159,0.841,109.7,120.6,230.3,1,2025_NBA,,,,,,,,,,,,,,,,,,,,,,,,,under,233.0,-110.0,0.06374103289533517,0.07011512917335576,0.5571976573643347,5.719765736433469,0.01752878229333894,total,nba,,,,,,,,,,,,,,,,,,,,,,,0.4428023426356653,0.5571976573643347,2.2583439691121803,1.794695269772339,2.2583439691121803,1.794695269772339,0.5238094988662143,0.5238094988662143,0.5,0.5,-0.15465003289533508,-0.057197657364334686,0.0,-15.465003289533508,-5.719765736433469,0.06374103289533517,0.057197657364334686,0.07011512917335576,6.374103289533517,5.719765736433469
Basketball,NBA,2025_11_30,NBA_2025_11_30_Sacramento_Kings_Memphis_Grizzlies,2026_04_17,10:10 PM,Sacramento Kings,Memphis Grizzlies,2.5,-2.5,235.0,130,-150,-110,-110,-110,-110,2.3,1.666667,1.909091,1.909091,1.909091,1.909091,0.464,0.536,119.7,121.7,241.4,1,2025_NBA,,,,,,,,,,,,,,,,,,,,,,,,,over,235.0,-110.0,0.20932500901805273,0.2302574868941093,0.6334559269401263,13.34559269401263,0.05,total,nba,,,,,,,,,,,,,,,,,,,,,,,0.6334559269401263,0.3665440730598737,1.5786417925402396,2.728184885523039,1.5786417925402396,2.728184885523039,0.5238094988662143,0.5238094988662143,0.5,0.5,0.20932500901805273,0.1334559269401263,0.2302574868941093,20.932500901805273,13.34559269401263,-0.30023400901805264,-0.1334559269401263,0.0,-30.023400901805264,-13.34559269401263
Basketball,NBA,2025_11_30,NBA_2025_11_30_Utah_Jazz_Houston_Rockets,2026_04_17,04:10 PM,Utah Jazz,Houston Rockets,9.5,-9.5,238.0,431,-575,-110,-110,-110,-110,5.31,1.173913,1.909091,1.909091,1.909091,1.909091,0.175,0.825,111.5,121.8,233.3,1,2025_NBA,,,,,,,,,,,,,,,,,,,,,,,,,under,238.0,-110.0,0.14330737724629872,0.15763809920711866,0.5988752643254296,9.887526432542959,0.039409524801779665,total,nba,,,,,,,,,,,,,,,,,,,,,,,0.4011247356745704,0.5988752643254296,2.4929901127097103,1.6697968000505006,2.4929901127097103,1.6697968000505006,0.5238094988662143,0.5238094988662143,0.5,0.5,-0.23421637724629862,-0.09887526432542959,0.0,-23.42163772462986,-9.887526432542959,0.14330737724629872,0.09887526432542959,0.15763809920711866,14.330737724629872,9.887526432542959
Basketball,NBA,2025_12_01,NBA_2025_12_01_Brooklyn_Nets_Charlotte_Hornets,2026_04_17,08:40 PM,Brooklyn Nets,Charlotte Hornets,4.0,-4.0,228.0,157,-180,-110,-110,-110,-110,2.57,1.555556,1.909091,1.909091,1.909091,1.909091,0.339,0.661,112.2,117.7,229.9,1,2025_NBA,,,,,,,,,,,,,,,,,,,,,,,,,over,228.0,-110.0,0.03152045231118228,0.034672494075051095,0.5403202111953711,4.03202111953711,0.008668123518762774,total,nba,,,,,,,,,,,,,,,,,,,,,,,0.5403202111953711,0.45967978880462884,1.8507543846780443,2.175427383049499,1.8507543846780443,2.175427383049499,0.5238094988662143,0.5238094988662143,0.5,0.5,0.03152045231118228,0.0403202111953711,0.034672494075051095,3.152045231118228,4.03202111953711,-0.1224294523111823,-0.04032021119537116,0.0,-12.24294523111823,-4.032021119537116
Basketball,NBA,2025_12_01,NBA_2025_12_01_Denver_Nuggets_Dallas_Mavericks,2026_04_17,10:10 PM,Denver Nuggets,Dallas Mavericks,-11.0,11.0,235.0,-500,383,-110,-110,-110,-110,1.2,4.83,1.909091,1.909091,1.909091,1.909091,0.858,0.142,120.6,110.0,230.6,1,2025_NBA,,,,,,,,,,,,,,,,,,,,,,,,,under,235.0,-110.0,0.13148539315400187,0.14463391800601025,0.5926827967624392,9.268279676243917,0.03615847950150256,total,nba,,,,,,,,,,,,,,,,,,,,,,,0.4073172032375608,0.5926827967624392,2.455089036386138,1.6872431686267129,2.455089036386138,1.6872431686267129,0.5238094988662143,0.5238094988662143,0.5,0.5,-0.22239439315400178,-0.09268279676243918,0.0,-22.239439315400176,-9.268279676243917,0.13148539315400187,0.09268279676243918,0.14463391800601025,13.148539315400187,9.268279676243917
Basketball,NBA,2025_12_01,NBA_2025_12_01_Detroit_Pistons_Atlanta_Hawks,2026_04_17,08:10 PM,Detroit Pistons,Atlanta Hawks,-8.0,8.0,233.5,-380,303,-115,-105,-110,-110,1.263158,4.03,1.869565,1.952381,1.909091,1.909091,0.771,0.229,118.5,110.8,229.3,1,2025_NBA,,,,,,,,,,,,,,,,,,,,,,,,,under,233.5,-110.0,0.1235792332696537,0.13593714300290474,0.5885414751154626,8.854147511546262,0.033984285750726186,total,nba,,,,,,,,,,,,,,,,,,,,,,,0.4114585248845374,0.5885414751154626,2.4303786153917164,1.6991155972547485,2.4303786153917164,1.6991155972547485,0.5238094988662143,0.5238094988662143,0.5,0.5,-0.2144882332696536,-0.08854147511546262,0.0,-21.44882332696536,-8.854147511546262,0.1235792332696537,0.08854147511546262,0.13593714300290474,12.35792332696537,8.854147511546262
Basketball,NBA,2025_12_01,NBA_2025_12_01_Miami_Heat_Los_Angeles_Clippers,2026_04_17,08:40 PM,Miami Heat,Los Angeles Clippers,-5.0,5.0,237.5,-225,189,-110,-110,-115,-105,1.444444,2.89,1.909091,1.909091,1.869565,1.952381,0.735,0.265,120.3,113.5,233.8,1,2025_NBA,,,,,,,,,,,,,,,,,,,,,,,,,under,237.5,-105.0,0.12876105369142365,0.13519909961603999,0.5781458914481465,8.898016278531356,0.033799774904009997,total,nba,,,,,,,,,,,,,,,,,,,,,,,0.42185410855185346,0.5781458914481465,2.3704877580375205,1.7296672255080605,2.3704877580375205,1.7296672255080605,0.5348837831260214,0.5121951094586559,0.510834271337167,0.489165728662833,-0.2113163235452541,-0.08898016278531351,0.0,-21.131632354525408,-8.898016278531351,0.12876105369142365,0.08898016278531357,0.13519909961603999,12.876105369142365,8.898016278531356
Basketball,NBA,2025_12_01,NBA_2025_12_01_Orlando_Magic_Chicago_Bulls,2026_04_17,08:40 PM,Orlando Magic,Chicago Bulls,-6.0,6.0,237.5,-340,274,-110,-110,-115,-105,1.294118,3.74,1.909091,1.909091,1.869565,1.952381,0.74,0.26,121.0,113.9,234.9,1,2025_NBA,,,,,,,,,,,,,,,,,,,,,,,,,under,237.5,-105.0,0.08375303510482102,0.08794068246302796,0.5550930044416643,6.592727577883134,0.02198517061575699,total,nba,,,,,,,,,,,,,,,,,,,,,,,0.4449069955583357,0.5550930044416643,2.2476607695166733,1.8014999144257666,2.2476607695166733,1.8014999144257666,0.5348837831260214,0.5121951094586559,0.510834271337167,0.489165728662833,-0.16821745284898015,-0.06592727577883128,0.0,-16.821745284898014,-6.592727577883128,0.08375303510482102,0.06592727577883134,0.08794068246302796,8.375303510482102,6.592727577883134
Basketball,NBA,2025_12_01,NBA_2025_12_01_Washington_Wizards_Milwaukee_Bucks,2026_04_17,08:10 PM,Washington Wizards,Milwaukee Bucks,10.0,-10.0,237.0,334,-425,-110,-110,-110,-110,4.34,1.235294,1.909091,1.909091,1.909091,1.909091,0.262,0.738,113.4,121.1,234.5,1,2025_NBA,,,,,,,,,,,,,,,,,,,,,,,,,under,237.0,-110.0,0.05570211783101153,0.061272323486880456,0.5529867972930633,5.298679729306333,0.015318080871720114,total,nba,,,,,,,,,,,,,,,,,,,,,,,0.4470132027069367,0.5529867972930633,2.2370703906381113,1.8083614380942183,2.2370703906381113,1.8083614380942183,0.5238094988662143,0.5238094988662143,0.5,0.5,-0.14661111783101155,-0.052986797293063326,0.0,-14.661111783101155,-5.298679729306333,0.05570211783101153,0.052986797293063326,0.061272323486880456,5.570211783101153,5.298679729306333
Basketball,NBA,2025_12_02,NBA_2025_12_02_Boston_Celtics_New_York_Knicks,2026_04_17,09:10 PM,Boston Celtics,New York Knicks,1.0,-1.0,228.0,-105,-115,-110,-110,-110,-110,1.952381,1.869565,1.909091,1.909091,1.909091,1.909091,0.515,0.485,115.6,115.3,230.9,1,2025_NBA,,,,,,,,,,,,,,,,,,,,,,,,,over,228.0,-110.0,0.07176763236904926,0.07894438771151553,0.5614020664122608,6.140206641226076,0.019736096927878883,total,nba,,,,,,,,,,,,,,,,,,,,,,,0.5614020664122608,0.4385979335877392,1.7812545764048875,2.279992502062154,1.7812545764048875,2.279992502062154,0.5238094988662143,0.5238094988662143,0.5,0.5,0.07176763236904926,0.06140206641226076,0.07894438771151553,7.176763236904926,6.140206641226076,-0.1626766323690494,-0.061402066412260814,0.0,-16.267663236904937,-6.140206641226081
Basketball,NBA,2025_12_02,NBA_2025_12_02_Philadelphia_76ers_Washington_Wizards,2026_04_17,08:10 PM,Philadelphia 76ers,Washington Wizards,-13.5,13.5,236.5,-800,561,-110,-110,-110,-110,1.125,6.61,1.909091,1.909091,1.909091,1.909091,0.869,0.131,122.4,111.5,233.9,1,2025_NBA,,,,,,,,,,,,,,,,,,,,,,,,,under,236.5,-110.0,0.059723058942541485,0.06569535826725968,0.5550930044416643,5.509300444166431,0.01642383956681492,total,nba,,,,,,,,,,,,,,,,,,,,,,,0.4449069955583357,0.5550930044416643,2.2476607695166733,1.8014999144257666,2.2476607695166733,1.8014999144257666,0.5238094988662143,0.5238094988662143,0.5,0.5,-0.15063205894254128,-0.05509300444166432,0.0,-15.063205894254128,-5.509300444166431,0.059723058942541485,0.05509300444166432,0.06569535826725968,5.9723058942541485,5.509300444166431
Basketball,NBA,2025_12_02,NBA_2025_12_02_San_Antonio_Spurs_Memphis_Grizzlies,2026_04_17,09:10 PM,San Antonio Spurs,Memphis Grizzlies,-5.0,5.0,232.0,-200,174,-110,-110,-110,-110,1.5,2.74,1.909091,1.909091,1.909091,1.909091,0.662,0.338,119.2,114.3,233.5,1,2025_NBA,,,,,,,,,,,,,,,,,,,,,,,,,over,232.0,-110.0,0.015354277306573128,0.016889703348260104,0.5318522151676233,3.1852215167623266,0.004222425837065026,total,nba,,,,,,,,,,,,,,,,,,,,,,,0.5318522151676233,0.46814778483237673,1.8802215568188074,2.1360776071130108,1.8802215568188074,2.1360776071130108,0.5238094988662143,0.5238094988662143,0.5,0.5,0.015354277306573128,0.031852215167623266,0.016889703348260104,1.5354277306573128,3.1852215167623266,-0.10626327730657303,-0.031852215167623266,0.0,-10.626327730657303,-3.1852215167623266
Basketball,NBA,2025_12_03,NBA_2025_12_03_Chicago_Bulls_Brooklyn_Nets,2026_04_17,09:10 PM,Chicago Bulls,Brooklyn Nets,-9.5,9.5,232.0,-340,274,-110,-110,-110,-110,1.294118,3.74,1.909091,1.909091,1.909091,1.909091,0.682,0.318,119.9,114.7,234.6,1,2025_NBA,,,,,,,,,,,,,,,,,,,,,,,,,over,232.0,-110.0,0.059723058942541485,0.06569535826725968,0.5550930044416643,5.509300444166431,0.01642383956681492,total,nba,,,,,,,,,,,,,,,,,,,,,,,0.5550930044416643,0.4449069955583357,1.8014999144257666,2.2476607695166733,1.8014999144257666,2.2476607695166733,0.5238094988662143,0.5238094988662143,0.5,0.5,0.059723058942541485,0.05509300444166432,0.06569535826725968,5.9723058942541485,5.509300444166431,-0.15063205894254128,-0.05509300444166432,0.0,-15.063205894254128,-5.509300444166431
Basketball,NBA,2025_12_03,NBA_2025_12_03_Cleveland_Cavaliers_Portland_Trail_Blazers,2026_04_17,08:10 PM,Cleveland Cavaliers,Portland Trail Blazers,-9.5,9.5,236.0,-425,334,-110,-110,-110,-110,1.235294,4.34,1.909091,1.909091,1.909091,1.909091,0.748,0.252,124.3,117.0,241.3,1,2025_NBA,,,,,,,,,,,,,,,,,,,,,,,,,over,236.0,-110.0,0.16680684311211658,0.1834875090745772,0.6111845077642273,11.118450776422728,0.0458718772686443,total,nba,,,,,,,,,,,,,,,,,,,,,,,0.6111845077642273,0.38881549223577266,1.6361671267782913,2.5719139796868307,1.6361671267782913,2.5719139796868307,0.5238094988662143,0.5238094988662143,0.5,0.5,0.16680684311211658,0.11118450776422728,0.1834875090745772,16.680684311211657,11.118450776422728,-0.2577158431121165,-0.11118450776422734,0.0,-25.771584311211647,-11.118450776422733
Basketball,NBA,2025_12_03,NBA_2025_12_03_Dallas_Mavericks_Miami_Heat,2026_04_17,09:40 PM,Dallas Mavericks,Miami Heat,2.5,-2.5,240.5,149,-170,-110,-110,-110,-110,2.49,1.588235,1.909091,1.909091,1.909091,1.909091,0.423,0.577,118.0,121.1,239.1,1,2025_NBA,,,,,,,,,,,,,,,,,,,,,,,,,under,240.5,-110.0,0.011308141594687182,0.012438954510260386,0.5297328108480356,2.9732810848035585,0.0031097386275650966,total,nba,,,,,,,,,,,,,,,,,,,,,,,0.4702671891519644,0.5297328108480356,2.126450713695986,1.8877441221719413,2.126450713695986,1.8877441221719413,0.5238094988662143,0.5238094988662143,0.5,0.5,-0.10221714159468709,-0.029732810848035585,0.0,-10.221714159468709,-2.9732810848035585,0.011308141594687182,0.029732810848035585,0.012438954510260386,1.1308141594687182,2.9732810848035585
Basketball,NBA,2025_12_03,NBA_2025_12_03_Houston_Rockets_Sacramento_Kings,2026_04_17,09:10 PM,Houston Rockets,Sacramento Kings,-15.0,15.0,236.0,-1200,754,-110,-110,-110,-110,1.083333,8.54,1.909091,1.909091,1.909091,1.909091,0.894,0.106,121.7,109.5,231.2,1,2025_NBA,,,,,,,,,,,,,,,,,,,,,,,,,under,236.0,-110.0,0.14723768210656063,0.1619614341210734,0.6009339953446748,10.093399534467483,0.04049035853026835,total,nba,,,,,,,,,,,,,,,,,,,,,,,0.39906600465532516,0.6009339953446748,2.5058511332322175,1.664076267521585,2.5058511332322175,1.664076267521585,0.5238094988662143,0.5238094988662143,0.5,0.5,-0.23814668210656065,-0.10093399534467484,0.0,-23.814668210656066,-10.093399534467483,0.14723768210656063,0.10093399534467484,0.1619614341210734,14.723768210656063,10.093399534467483
Basketball,NBA,2025_12_03,NBA_2025_12_03_Indiana_Pacers_Denver_Nuggets,2026_04_17,08:10 PM,Indiana Pacers,Denver Nuggets,7.5,-7.5,236.0,249,-305,-110,-110,-110,-110,3.49,1.327869,1.909091,1.909091,1.909091,1.909091,0.396,0.604,115.3,119.2,234.5,1,2025_NBA,,,,,,,,,,,,,,,,,,,,,,,,,under,236.0,-110.0,0.015354277306573128,0.016889703348260104,0.5318522151676233,3.1852215167623266,0.004222425837065026,total,nba,,,,,,,,,,,,,,,,,,,,,,,0.46814778483237673,0.5318522151676233,2.1360776071130108,1.8802215568188074,2.1360776071130108,1.8802215568188074,0.5238094988662143,0.5238094988662143,0.5,0.5,-0.10626327730657303,-0.031852215167623266,0.0,-10.626327730657303,-3.1852215167623266,0.015354277306573128,0.031852215167623266,0.016889703348260104,1.5354277306573128,3.1852215167623266
Basketball,NBA,2025_12_03,NBA_2025_12_03_Milwaukee_Bucks_Detroit_Pistons,2026_04_17,09:10 PM,Milwaukee Bucks,Detroit Pistons,3.0,-3.0,233.0,130,-150,-110,-110,-110,-110,2.3,1.666667,1.909091,1.909091,1.909091,1.909091,0.402,0.598,112.8,116.6,229.4,1,2025_NBA,,,,,,,,,,,,,,,,,,,,,,,,,under,233.0,-110.0,0.09975091888479937,0.1097259998006792,0.5760599776987054,7.605997769870543,0.0274314999501698,total,nba,,,,,,,,,,,,,,,,,,,,,,,0.4239400223012946,0.5760599776987054,2.3588242378524455,1.7359303522436798,2.3588242378524455,1.7359303522436798,0.5238094988662143,0.5238094988662143,0.5,0.5,-0.19065991888479916,-0.07605997769870543,0.0,-19.065991888479918,-7.605997769870543,0.09975091888479937,0.07605997769870543,0.1097259998006792,9.975091888479938,7.605997769870543
Basketball,NBA,2025_12_03,NBA_2025_12_03_New_York_Knicks_Charlotte_Hornets,2026_04_17,08:40 PM,New York Knicks,Charlotte Hornets,-8.0,8.0,237.0,-430,337,-110,-110,-110,-110,1.232558,4.37,1.909091,1.909091,1.909091,1.909091,0.783,0.217,120.9,112.7,233.6,1,2025_NBA,,,,,,,,,,,,,,,,,,,,,,,,,under,237.0,-110.0,0.0917744125655875,0.10095184372696187,0.5718818079209359,7.18818079209359,0.025237960931740466,total,nba,,,,,,,,,,,,,,,,,,,,,,,0.4281181920790641,0.5718818079209359,2.3358035666359207,1.7486130633101946,2.3358035666359207,1.7486130633101946,0.5238094988662143,0.5238094988662143,0.5,0.5,-0.1826834125655874,-0.0718818079209359,0.0,-18.26834125655874,-7.18818079209359,0.0917744125655875,0.0718818079209359,0.10095184372696187,9.17744125655875,7.18818079209359
Basketball,NBA,2025_12_04,NBA_2025_12_04_New_Orleans_Pelicans_Minnesota_Timberwolves,2026_04_17,09:10 PM,New Orleans Pelicans,Minnesota Timberwolves,11.5,-11.5,234.5,415,-550,-110,-110,-115,-105,5.15,1.181818,1.909091,1.909091,1.869565,1.952381,0.208,0.792,112.1,121.4,233.5,1,2025_NBA,,,,,,,,,,,,,,,,,,,,,,,,,under,234.5,-105.0,0.01767345491605421,0.01855712673400064,0.5212473666338969,3.208163797106395,0.00463928168350016,total,nba,,,,,,,,,,,,,,,,,,,,,,,0.4787526333661031,0.5212473666338969,2.0887613567136203,1.9184749199939068,2.0887613567136203,1.9184749199939068,0.5348837831260214,0.5121951094586559,0.510834271337167,0.489165728662833,-0.10494083300090151,-0.03208163797106389,0.0,-10.494083300090152,-3.208163797106389,0.01767345491605421,0.03208163797106395,0.01855712673400064,1.767345491605421,3.208163797106395
Basketball,NBA,2025_12_04,NBA_2025_12_04_Philadelphia_76ers_Golden_State_Warriors,2026_04_17,08:10 PM,Philadelphia 76ers,Golden State Warriors,-3.5,3.5,221.5,-165,145,-110,-110,-110,-110,1.606061,2.45,1.909091,1.909091,1.909091,1.909091,0.587,0.413,113.8,111.2,225.0,1,2025_NBA,,,,,,,,,,,,,,,,,,,,,,,,,over,221.5,-110.0,0.0957646473468452,0.10534110154741944,0.573971930802065,7.397193080206499,0.02633527538685486,total,nba,,,,,,,,,,,,,,,,,,,,,,,0.573971930802065,0.426028069197935,1.7422454763643336,2.3472631788855076,1.7422454763643336,2.3472631788855076,0.5238094988662143,0.5238094988662143,0.5,0.5,0.0957646473468452,0.07397193080206499,0.10534110154741944,9.57646473468452,7.397193080206499,-0.186673647346845,-0.07397193080206499,0.0,-18.6673647346845,-7.397193080206499
Basketball,NBA,2025_12_04,NBA_2025_12_04_Toronto_Raptors_Los_Angeles_Lakers,2026_04_17,08:40 PM,Toronto Raptors,Los Angeles Lakers,3.0,-3.0,234.5,-130,110,-110,-110,-110,-110,1.769231,2.1,1.909091,1.909091,1.909091,1.909091,0.522,0.478,114.7,114.0,228.7,1,2025_NBA,,,,,,,,,,,,,,,,,,,,,,,,,under,234.5,-110.0,0.186229327549861,0.20485223981962322,0.6213581896042991,12.135818960429912,0.05,total,nba,,,,,,,,,,,,,,,,,,,,,,,0.3786418103957009,0.6213581896042991,2.6410184309940488,1.6093776773696862,2.6410184309940488,1.6093776773696862,0.5238094988662143,0.5238094988662143,0.5,0.5,-0.277138327549861,-0.12135818960429912,0.0,-27.7138327549861,-12.135818960429912,0.186229327549861,0.12135818960429912,0.20485223981962322,18.6229327549861,12.135818960429912
Basketball,NBA,2025_12_04,NBA_2025_12_04_Washington_Wizards_Boston_Celtics,2026_04_17,08:10 PM,Washington Wizards,Boston Celtics,10.5,-10.5,234.0,327,-415,-110,-110,-110,-110,4.27,1.240964,1.909091,1.909091,1.909091,1.909091,0.233,0.767,111.5,120.1,231.6,1,2025_NBA,,,,,,,,,,,,,,,,,,,,,,,,,under,234.0,-110.0,0.05167832161588626,0.05684614809285995,0.5508790946140787,5.087909461407869,0.014211537023214987,total,nba,,,,,,,,,,,,,,,,,,,,,,,0.4491209053859213,0.5508790946140787,2.2265719275318934,1.8152803578443204,2.2265719275318934,1.8152803578443204,0.5238094988662143,0.5238094988662143,0.5,0.5,-0.14258732161588605,-0.05087909461407869,0.0,-14.258732161588606,-5.087909461407869,0.05167832161588626,0.05087909461407869,0.05684614809285995,5.167832161588626,5.087909461407869
Basketball,NBA,2025_12_05,NBA_2025_12_05_Boston_Celtics_Los_Angeles_Lakers,2026_04_17,08:10 PM,Boston Celtics,Los Angeles Lakers,-7.0,7.0,224.0,-265,219,-110,-110,-110,-110,1.377358,3.19,1.909091,1.909091,1.909091,1.909091,0.773,0.227,116.9,109.0,225.9,1,2025_NBA,,,,,,,,,,,,,,,,,,,,,,,,,over,224.0,-110.0,0.03152045231118228,0.034672494075051095,0.5403202111953711,4.03202111953711,0.008668123518762774,total,nba,,,,,,,,,,,,,,,,,,,,,,,0.5403202111953711,0.45967978880462884,1.8507543846780443,2.175427383049499,1.8507543846780443,2.175427383049499,0.5238094988662143,0.5238094988662143,0.5,0.5,0.03152045231118228,0.0403202111953711,0.034672494075051095,3.152045231118228,4.03202111953711,-0.1224294523111823,-0.04032021119537116,0.0,-12.24294523111823,-4.032021119537116
Basketball,NBA,2025_12_05,NBA_2025_12_05_Cleveland_Cavaliers_San_Antonio_Spurs,2026_04_17,08:40 PM,Cleveland Cavaliers,San Antonio Spurs,-5.0,5.0,238.5,-195,170,-110,-110,-110,-110,1.512821,2.7,1.909091,1.909091,1.909091,1.909091,0.62,0.38,119.8,116.3,236.1,1,2025_NBA,,,,,,,,,,,,,,,,,,,,,,,,,under,238.5,-110.0,0.05167832161588626,0.05684614809285995,0.5508790946140787,5.087909461407869,0.014211537023214987,total,nba,,,,,,,,,,,,,,,,,,,,,,,0.4491209053859213,0.5508790946140787,2.2265719275318934,1.8152803578443204,2.2265719275318934,1.8152803578443204,0.5238094988662143,0.5238094988662143,0.5,0.5,-0.14258732161588605,-0.05087909461407869,0.0,-14.258732161588606,-5.087909461407869,0.05167832161588626,0.05087909461407869,0.05684614809285995,5.167832161588626,5.087909461407869
Basketball,NBA,2025_12_05,NBA_2025_12_05_Detroit_Pistons_Portland_Trail_Blazers,2026_04_17,08:40 PM,Detroit Pistons,Portland Trail Blazers,-7.0,7.0,237.5,-250,207,-110,-110,-110,-110,1.4,3.07,1.909091,1.909091,1.909091,1.909091,0.698,0.302,120.4,115.0,235.4,1,2025_NBA,,,,,,,,,,,,,,,,,,,,,,,,,under,237.5,-110.0,0.039590926470102206,0.04355001476211107,0.5445476022201677,4.454760222016773,0.010887503690527767,total,nba,,,,,,,,,,,,,,,,,,,,,,,0.45545239777983226,0.5445476022201677,2.195619135774985,1.836386747316329,2.195619135774985,1.836386747316329,0.5238094988662143,0.5238094988662143,0.5,0.5,-0.13049992647010222,-0.04454760222016774,0.0,-13.049992647010223,-4.454760222016773,0.039590926470102206,0.04454760222016774,0.04355001476211107,3.9590926470102206,4.454760222016773
Basketball,NBA,2025_12_05,NBA_2025_12_05_Houston_Rockets_Phoenix_Suns,2026_04_17,09:10 PM,Houston Rockets,Phoenix Suns,-11.0,11.0,222.0,-525,400,-110,-110,-110,-110,1.190476,5.0,1.909091,1.909091,1.909091,1.909091,0.79,0.21,115.8,107.6,223.4,1,2025_NBA,,,,,,,,,,,,,,,,,,,,,,,,,over,222.0,-110.0,0.011308141594687182,0.012438954510260386,0.5297328108480356,2.9732810848035585,0.0031097386275650966,total,nba,,,,,,,,,,,,,,,,,,,,,,,0.5297328108480356,0.4702671891519644,1.8877441221719413,2.126450713695986,1.8877441221719413,2.126450713695986,0.5238094988662143,0.5238094988662143,0.5,0.5,0.011308141594687182,0.029732810848035585,0.012438954510260386,1.1308141594687182,2.9732810848035585,-0.10221714159468709,-0.029732810848035585,0.0,-10.221714159468709,-2.9732810848035585
Basketball,NBA,2025_12_05,NBA_2025_12_05_Memphis_Grizzlies_Los_Angeles_Clippers,2026_04_17,09:10 PM,Memphis Grizzlies,Los Angeles Clippers,2.0,-2.0,225.0,105,-125,-112,-108,-110,-110,2.05,1.8,1.892857,1.925926,1.909091,1.909091,0.481,0.519,113.1,114.3,227.4,1,2025_NBA,,,,,,,,,,,,,,,,,,,,,,,,,over,225.0,-110.0,0.05167832161588626,0.05684614809285995,0.5508790946140787,5.087909461407869,0.014211537023214987,total,nba,,,,,,,,,,,,,,,,,,,,,,,0.5508790946140787,0.44912090538592125,1.8152803578443204,2.226571927531894,1.8152803578443204,2.226571927531894,0.5238094988662143,0.5238094988662143,0.5,0.5,0.05167832161588626,0.05087909461407869,0.05684614809285995,5.167832161588626,5.087909461407869,-0.14258732161588616,-0.050879094614078746,0.0,-14.258732161588616,-5.087909461407874
Basketball,NBA,2025_12_05,NBA_2025_12_05_Milwaukee_Bucks_Philadelphia_76ers,2026_04_17,09:10 PM,Milwaukee Bucks,Philadelphia 76ers,1.5,-1.5,224.0,102,-122,-110,-110,-110,-110,2.02,1.819672,1.909091,1.909091,1.909091,1.909091,0.493,0.507,112.5,113.2,225.7,1,2025_NBA,,,,,,,,,,,,,,,,,,,,,,,,,over,224.0,-110.0,0.023441266232355318,0.02578539027705176,0.5360882567841738,3.608825678417382,0.00644634756926294,total,nba,,,,,,,,,,,,,,,,,,,,,,,0.5360882567841738,0.4639117432158262,1.8653644942694474,2.1555824240792476,1.8653644942694474,2.1555824240792476,0.5238094988662143,0.5238094988662143,0.5,0.5,0.023441266232355318,0.03608825678417382,0.02578539027705176,2.344126623235532,3.608825678417382,-0.11435026623235511,-0.03608825678417382,0.0,-11.435026623235512,-3.608825678417382
Basketball,NBA,2025_12_05,NBA_2025_12_05_New_York_Knicks_Utah_Jazz,2026_04_17,08:40 PM,New York Knicks,Utah Jazz,-14.0,14.0,236.5,-1100,709,-110,-110,-110,-110,1.090909,8.09,1.909091,1.909091,1.909091,1.909091,0.839,0.161,124.9,114.9,239.8,1,2025_NBA,,,,,,,,,,,,,,,,,,,,,,,,,over,236.5,-110.0,0.08778032400350066,0.09655834674801604,0.5697896663928019,6.978966639280193,0.02413958668700401,total,nba,,,,,,,,,,,,,,,,,,,,,,,0.5697896663928019,0.43021033360719807,1.755033583411145,2.3244443981976644,1.755033583411145,2.3244443981976644,0.5238094988662143,0.5238094988662143,0.5,0.5,0.08778032400350066,0.06978966639280193,0.09655834674801604,8.778032400350067,6.978966639280193,-0.17868932400350057,-0.06978966639280193,0.0,-17.868932400350058,-6.978966639280193
Basketball,NBA,2025_12_05,NBA_2025_12_05_Oklahoma_City_Thunder_Dallas_Mavericks,2026_04_17,10:42 PM,Oklahoma City Thunder,Dallas Mavericks,-15.0,15.0,225.5,-1050,686,-110,-110,-110,-110,1.095238,7.86,1.909091,1.909091,1.909091,1.909091,0.876,0.124,119.6,108.4,228.0,1,2025_NBA,,,,,,,,,,,,,,,,,,,,,,,,,over,225.5,-110.0,0.05570211783101153,0.061272323486880456,0.5529867972930633,5.298679729306333,0.015318080871720114,total,nba,,,,,,,,,,,,,,,,,,,,,,,0.5529867972930633,0.4470132027069366,1.8083614380942183,2.2370703906381113,1.8083614380942183,2.2370703906381113,0.5238094988662143,0.5238094988662143,0.5,0.5,0.05570211783101153,0.052986797293063326,0.061272323486880456,5.570211783101153,5.298679729306333,-0.14661111783101166,-0.05298679729306338,0.0,-14.661111783101166,-5.298679729306338
Basketball,NBA,2025_12_05,NBA_2025_12_05_Orlando_Magic_Miami_Heat,2026_04_17,08:10 PM,Orlando Magic,Miami Heat,-6.0,6.0,240.5,-210,180,-110,-110,-110,-110,1.47619,2.8,1.909091,1.909091,1.909091,1.909091,0.678,0.322,121.9,116.7,238.6,1,2025_NBA,,,,,,,,,,,,,,,,,,,,,,,,,under,240.5,-110.0,0.0315204523111825,0.03467249407505134,0.5403202111953712,4.032021119537122,0.008668123518762835,total,nba,,,,,,,,,,,,,,,,,,,,,,,0.4596797888046288,0.5403202111953712,2.1754273830494992,1.8507543846780439,2.1754273830494992,1.8507543846780439,0.5238094988662143,0.5238094988662143,0.5,0.5,-0.12242945231118241,-0.040320211195371214,0.0,-12.242945231118242,-4.032021119537122,0.0315204523111825,0.040320211195371214,0.03467249407505134,3.15204523111825,4.032021119537122
Basketball,NBA,2025_12_05,NBA_2025_12_05_Toronto_Raptors_Charlotte_Hornets,2026_04_17,08:40 PM,Toronto Raptors,Charlotte Hornets,-8.0,8.0,233.5,-345,278,-110,-110,-110,-110,1.289855,3.78,1.909091,1.909091,1.909091,1.909091,0.757,0.243,119.6,112.2,231.8,1,2025_NBA,,,,,,,,,,,,,,,,,,,,,,,,,under,233.5,-110.0,0.023441266232355318,0.02578539027705176,0.5360882567841738,3.608825678417382,0.00644634756926294,total,nba,,,,,,,,,,,,,,,,,,,,,,,0.4639117432158262,0.5360882567841738,2.1555824240792476,1.8653644942694474,2.1555824240792476,1.8653644942694474,0.5238094988662143,0.5238094988662143,0.5,0.5,-0.11435026623235511,-0.03608825678417382,0.0,-11.435026623235512,-3.608825678417382,0.023441266232355318,0.03608825678417382,0.02578539027705176,2.344126623235532,3.608825678417382
Basketball,NBA,2025_12_06,NBA_2025_12_06_Cleveland_Cavaliers_Golden_State_Warriors,2026_04_17,08:40 PM,Cleveland Cavaliers,Golden State Warriors,-7.5,7.5,227.0,-285,234,-110,-110,-110,-110,1.350877,3.34,1.909091,1.909091,1.909091,1.909091,0.686,0.314,117.8,112.6,230.4,1,2025_NBA,,,,,,,,,,,,,,,,,,,,,,,,,over,227.0,-110.0,0.0917744125655875,0.10095184372696187,0.5718818079209359,7.18818079209359,0.025237960931740466,total,nba,,,,,,,,,,,,,,,,,,,,,,,0.5718818079209359,0.4281181920790641,1.7486130633101946,2.3358035666359207,1.7486130633101946,2.3358035666359207,0.5238094988662143,0.5238094988662143,0.5,0.5,0.0917744125655875,0.0718818079209359,0.10095184372696187,9.17744125655875,7.18818079209359,-0.1826834125655874,-0.0718818079209359,0.0,-18.26834125655874,-7.18818079209359
Basketball,NBA,2025_12_06,NBA_2025_12_06_Dallas_Mavericks_Houston_Rockets,2026_04_17,09:40 PM,Dallas Mavericks,Houston Rockets,10.0,-10.0,222.0,350,-450,-105,-115,-105,-115,4.5,1.222222,1.952381,1.869565,1.952381,1.869565,0.212,0.788,107.8,117.0,224.8,1,2025_NBA,,,,,,,,,,,,,,,,,,,,,,,,,over,222.0,-105.0,0.0919680550800146,0.09656645300569269,0.5593006974970637,7.013496883423071,0.024141613251423173,total,nba,,,,,,,,,,,,,,,,,,,,,,,0.5593006974970637,0.4406993025029363,1.787946992512467,2.2691209047088,1.787946992512467,2.2691209047088,0.5121951094586559,0.5348837831260214,0.489165728662833,0.510834271337167,0.0919680550800146,0.0701349688342307,0.09656645300569269,9.19680550800146,7.013496883423071,-0.17608400851609785,-0.07013496883423065,0.0,-17.608400851609783,-7.013496883423064
Basketball,NBA,2025_12_06,NBA_2025_12_06_Detroit_Pistons_Milwaukee_Bucks,2026_04_17,08:40 PM,Detroit Pistons,Milwaukee Bucks,-12.0,12.0,226.5,-650,476,-110,-110,-110,-110,1.153846,5.76,1.909091,1.909091,1.909091,1.909091,0.798,0.202,116.0,107.4,223.4,1,2025_NBA,,,,,,,,,,,,,,,,,,,,,,,,,under,226.5,-110.0,0.07978102500097384,0.08775911872515935,0.5655995575910073,6.559955759100733,0.021939779681289837,total,nba,,,,,,,,,,,,,,,,,,,,,,,0.43440044240899267,0.5655995575910073,2.3020234382231344,1.7680353291986015,2.3020234382231344,1.7680353291986015,0.5238094988662143,0.5238094988662143,0.5,0.5,-0.17069002500097374,-0.06559955759100733,0.0,-17.069002500097376,-6.559955759100733,0.07978102500097384,0.06559955759100733,0.08775911872515935,7.978102500097384,6.559955759100733
Basketball,NBA,2025_12_06,NBA_2025_12_06_Miami_Heat_Sacramento_Kings,2026_04_17,09:10 PM,Miami Heat,Sacramento Kings,-7.0,7.0,242.0,-320,260,-110,-110,-110,-110,1.3125,3.6,1.909091,1.909091,1.909091,1.909091,0.771,0.229,122.9,115.1,238.0,1,2025_NBA,,,,,,,,,,,,,,,,,,,,,,,,,under,242.0,-110.0,0.11565419521982712,0.1272196020198496,0.5843902649060873,8.439026490608725,0.0318049005049624,total,nba,,,,,,,,,,,,,,,,,,,,,,,0.41560973509391275,0.5843902649060873,2.406103407982097,1.7111852473461413,2.406103407982097,1.7111852473461413,0.5238094988662143,0.5238094988662143,0.5,0.5,-0.20656319521982702,-0.08439026490608725,0.0,-20.656319521982702,-8.439026490608725,0.11565419521982712,0.08439026490608725,0.1272196020198496,11.565419521982712,8.439026490608725
Basketball,NBA,2025_12_06,NBA_2025_12_06_Minnesota_Timberwolves_Los_Angeles_Clippers,2026_04_17,09:10 PM,Minnesota Timberwolves,Los Angeles Clippers,-10.5,10.5,225.5,-485,374,-110,-110,-110,-110,1.206186,4.74,1.909091,1.909091,1.909091,1.909091,0.786,0.214,118.0,109.9,227.9,1,2025_NBA,,,,,,,,,,,,,,,,,,,,,,,,,over,225.5,-110.0,0.05167832161588626,0.05684614809285995,0.5508790946140787,5.087909461407869,0.014211537023214987,total,nba,,,,,,,,,,,,,,,,,,,,,,,0.5508790946140787,0.44912090538592125,1.8152803578443204,2.226571927531894,1.8152803578443204,2.226571927531894,0.5238094988662143,0.5238094988662143,0.5,0.5,0.05167832161588626,0.05087909461407869,0.05684614809285995,5.167832161588626,5.087909461407869,-0.14258732161588616,-0.050879094614078746,0.0,-14.258732161588616,-5.087909461407874
Basketball,NBA,2025_12_07,NBA_2025_12_07_Charlotte_Hornets_Denver_Nuggets,2026_04_17,07:10 PM,Charlotte Hornets,Denver Nuggets,10.5,-10.5,234.0,377,-490,-110,-110,-110,-110,4.77,1.204082,1.909091,1.909091,1.909091,1.909091,0.209,0.791,114.1,123.3,237.4,1,2025_NBA,,,,,,,,,,,,,,,,,,,,,,,,,over,234.0,-110.0,0.0917744125655875,0.10095184372696187,0.5718818079209359,7.18818079209359,0.025237960931740466,total,nba,,,,,,,,,,,,,,,,,,,,,,,0.5718818079209359,0.4281181920790641,1.7486130633101946,2.3358035666359207,1.7486130633101946,2.3358035666359207,0.5238094988662143,0.5238094988662143,0.5,0.5,0.0917744125655875,0.0718818079209359,0.10095184372696187,9.17744125655875,7.18818079209359,-0.1826834125655874,-0.0718818079209359,0.0,-18.26834125655874,-7.18818079209359
Basketball,NBA,2025_12_07,NBA_2025_12_07_Chicago_Bulls_Golden_State_Warriors,2026_04_17,08:10 PM,Chicago Bulls,Golden State Warriors,1.0,-1.0,227.5,-105,-115,-110,-110,-110,-110,1.952381,1.869565,1.909091,1.909091,1.909091,1.909091,0.493,0.507,117.3,117.9,235.2,1,2025_NBA,,,,,,,,,,,,,,,,,,,,,,,,,over,227.5,-110.0,0.2584794581317824,0.2843273755122231,0.6592034942974339,15.920349429743386,0.05,total,nba,,,,,,,,,,,,,,,,,,,,,,,0.6592034942974339,0.3407965057025662,1.5169822500194425,2.9343023865178965,1.5169822500194425,2.9343023865178965,0.5238094988662143,0.5238094988662143,0.5,0.5,0.2584794581317824,0.15920349429743386,0.2843273755122231,25.847945813178242,15.920349429743386,-0.3493884581317822,-0.1592034942974338,0.0,-34.93884581317822,-15.92034942974338
Basketball,NBA,2025_12_07,NBA_2025_12_07_New_York_Knicks_Orlando_Magic,2026_04_17,01:10 PM,New York Knicks,Orlando Magic,-3.0,3.0,233.5,-155,135,-110,-110,-110,-110,1.645161,2.35,1.909091,1.909091,1.909091,1.909091,0.535,0.465,115.5,114.4,229.9,1,2025_NBA,,,,,,,,,,,,,,,,,,,,,,,,,under,233.5,-110.0,0.09975091888479937,0.1097259998006792,0.5760599776987054,7.605997769870543,0.0274314999501698,total,nba,,,,,,,,,,,,,,,,,,,,,,,0.4239400223012946,0.5760599776987054,2.3588242378524455,1.7359303522436798,2.3588242378524455,1.7359303522436798,0.5238094988662143,0.5238094988662143,0.5,0.5,-0.19065991888479916,-0.07605997769870543,0.0,-19.065991888479918,-7.605997769870543,0.09975091888479937,0.07605997769870543,0.1097259998006792,9.975091888479938,7.605997769870543
Basketball,NBA,2025_12_07,NBA_2025_12_07_Philadelphia_76ers_Los_Angeles_Lakers,2026_04_17,08:40 PM,Philadelphia 76ers,Los Angeles Lakers,4.0,-4.0,235.5,149,-170,-110,-110,-110,-110,2.49,1.588235,1.909091,1.909091,1.909091,1.909091,0.428,0.572,113.0,116.1,229.1,1,2025_NBA,,,,,,,,,,,,,,,,,,,,,,,,,under,235.5,-110.0,0.20932500901805273,0.2302574868941093,0.6334559269401263,13.34559269401263,0.05,total,nba,,,,,,,,,,,,,,,,,,,,,,,0.3665440730598737,0.6334559269401263,2.728184885523039,1.5786417925402396,2.728184885523039,1.5786417925402396,0.5238094988662143,0.5238094988662143,0.5,0.5,-0.30023400901805264,-0.1334559269401263,0.0,-30.023400901805264,-13.34559269401263,0.20932500901805273,0.1334559269401263,0.2302574868941093,20.932500901805273,13.34559269401263
Basketball,NBA,2025_12_07,NBA_2025_12_07_Toronto_Raptors_Boston_Celtics,2026_04_17,04:40 PM,Toronto Raptors,Boston Celtics,3.5,-3.5,228.5,110,-130,-110,-110,-110,-110,2.1,1.769231,1.909091,1.909091,1.909091,1.909091,0.41,0.59,111.6,115.2,226.8,1,2025_NBA,,,,,,,,,,,,,,,,,,,,,,,,,under,228.5,-110.0,0.023441266232355318,0.02578539027705176,0.5360882567841738,3.608825678417382,0.00644634756926294,total,nba,,,,,,,,,,,,,,,,,,,,,,,0.4639117432158262,0.5360882567841738,2.1555824240792476,1.8653644942694474,2.1555824240792476,1.8653644942694474,0.5238094988662143,0.5238094988662143,0.5,0.5,-0.11435026623235511,-0.03608825678417382,0.0,-11.435026623235512,-3.608825678417382,0.023441266232355318,0.03608825678417382,0.02578539027705176,2.344126623235532,3.608825678417382
Basketball,NBA,2025_12_07,NBA_2025_12_07_Utah_Jazz_Oklahoma_City_Thunder,2026_04_17,09:10 PM,Utah Jazz,Oklahoma City Thunder,16.5,-16.5,239.0,421,-560,-110,-110,-110,-110,5.21,1.178571,1.909091,1.909091,1.909091,1.909091,0.252,0.748,112.4,120.5,232.9,1,2025_NBA,,,,,,,,,,,,,,,,,,,,,,,,,under,239.0,-110.0,0.19780716769234097,0.21758786270278865,0.6274227722472846,12.74227722472846,0.05,total,nba,,,,,,,,,,,,,,,,,,,,,,,0.3725772277527154,0.6274227722472846,2.6840073024101025,1.5938216530111413,2.6840073024101025,1.5938216530111413,0.5238094988662143,0.5238094988662143,0.5,0.5,-0.28871616769234076,-0.1274227722472846,0.0,-28.871616769234077,-12.74227722472846,0.19780716769234097,0.1274227722472846,0.21758786270278865,19.780716769234097,12.74227722472846
Basketball,NBA,2025_12_08,NBA_2025_12_08_Indiana_Pacers_Sacramento_Kings,2026_04_17,08:10 PM,Indiana Pacers,Sacramento Kings,-3.5,3.5,235.0,-160,140,-110,-110,-110,-110,1.625,2.4,1.909091,1.909091,1.909091,1.909091,0.585,0.415,118.2,115.5,233.7,1,2025_NBA,,,,,,,,,,,,,,,,,,,,,,,,,under,235.0,-110.0,0.007260397257830009,0.00798643618496939,0.5276125639154079,2.7612563915407895,0.0019966090462423475,total,nba,,,,,,,,,,,,,,,,,,,,,,,0.4723874360845921,0.5276125639154079,2.116906428097564,1.895330150174987,2.116906428097564,1.895330150174987,0.5238094988662143,0.5238094988662143,0.5,0.5,-0.09816939725782992,-0.027612563915407895,0.0,-9.81693972578299,-2.7612563915407895,0.007260397257830009,0.027612563915407895,0.00798643618496939,0.7260397257830009,2.7612563915407895
Basketball,NBA,2025_12_08,NBA_2025_12_08_Minnesota_Timberwolves_Phoenix_Suns,2026_04_17,08:40 PM,Minnesota Timberwolves,Phoenix Suns,-9.0,9.0,226.0,-425,334,-110,-110,-110,-110,1.235294,4.34,1.909091,1.909091,1.909091,1.909091,0.783,0.217,116.4,108.2,224.6,1,2025_NBA,,,,,,,,,,,,,,,,,,,,,,,,,under,226.0,-110.0,0.011308141594687182,0.012438954510260386,0.5297328108480356,2.9732810848035585,0.0031097386275650966,total,nba,,,,,,,,,,,,,,,,,,,,,,,0.4702671891519644,0.5297328108480356,2.126450713695986,1.8877441221719413,2.126450713695986,1.8877441221719413,0.5238094988662143,0.5238094988662143,0.5,0.5,-0.10221714159468709,-0.029732810848035585,0.0,-10.221714159468709,-2.9732810848035585,0.011308141594687182,0.029732810848035585,0.012438954510260386,1.1308141594687182,2.9732810848035585
Basketball,NBA,2025_12_08,NBA_2025_12_08_New_Orleans_Pelicans_San_Antonio_Spurs,2026_04_17,09:10 PM,New Orleans Pelicans,San Antonio Spurs,10.0,-10.0,237.0,306,-385,-110,-110,-110,-110,4.06,1.25974,1.909091,1.909091,1.909091,1.909091,0.213,0.787,112.5,121.6,234.1,1,2025_NBA,,,,,,,,,,,,,,,,,,,,,,,,,under,237.0,-110.0,0.07176763236904926,0.07894438771151553,0.5614020664122608,6.140206641226076,0.019736096927878883,total,nba,,,,,,,,,,,,,,,,,,,,,,,0.43859793358773924,0.5614020664122608,2.279992502062154,1.7812545764048875,2.279992502062154,1.7812545764048875,0.5238094988662143,0.5238094988662143,0.5,0.5,-0.16267663236904928,-0.06140206641226076,0.0,-16.267663236904927,-6.140206641226076,0.07176763236904926,0.06140206641226076,0.07894438771151553,7.176763236904926,6.140206641226076
Basketball,NBA,2025_12_09,NBA_2025_12_09_Orlando_Magic_Miami_Heat,2026_04_17,07:10 PM,Orlando Magic,Miami Heat,2.0,-2.0,237.5,-105,-115,-110,-110,-110,-110,1.952381,1.869565,1.909091,1.909091,1.909091,1.909091,0.491,0.509,115.6,116.4,232.0,1,2025_NBA,,,,,,,,,,,,,,,,,,,,,,,,,under,237.5,-110.0,0.17459414950928198,0.19205354525485577,0.6152635728256443,11.526357282564426,0.04801338631371394,total,nba,,,,,,,,,,,,,,,,,,,,,,,0.38473642717435574,0.6152635728256443,2.599182009731607,1.6253196908886134,2.599182009731607,1.6253196908886134,0.5238094988662143,0.5238094988662143,0.5,0.5,-0.265503149509282,-0.11526357282564426,0.0,-26.5503149509282,-11.526357282564426,0.17459414950928198,0.11526357282564426,0.19205354525485577,17.4594149509282,11.526357282564426
Basketball,NBA,2025_12_09,NBA_2025_12_09_Toronto_Raptors_New_York_Knicks,2026_04_17,09:47 PM,Toronto Raptors,New York Knicks,3.5,-3.5,230.0,157,-180,-105,-115,-112,-108,2.57,1.555556,1.952381,1.869565,1.892857,1.925926,0.382,0.618,112.0,116.3,228.3,1,2025_NBA,,,,,,,,,,,,,,,,,,,,,,,,,under,230.0,-108.0,0.0324663120353168,0.03506361419305295,0.5360882567841738,4.04180393353164,0.008765903548263237,total,nba,,,,,,,,,,,,,,,,,,,,,,,0.4639117432158262,0.5360882567841738,2.1555824240792476,1.8653644942694474,2.1555824240792476,1.8653644942694474,0.5283019266642963,0.5192307492603558,0.5043297825511426,0.4956702174488574,-0.12188140947172088,-0.0404180393353164,0.0,-12.188140947172087,-4.04180393353164,0.0324663120353168,0.0404180393353164,0.03506361419305295,3.24663120353168,4.04180393353164
Basketball,NBA,2025_12_10,NBA_2025_12_10_Oklahoma_City_Thunder_Phoenix_Suns,2026_04_17,08:40 PM,Oklahoma City Thunder,Phoenix Suns,-15.5,15.5,224.5,-1000,661,-110,-110,-110,-110,1.1,7.61,1.909091,1.909091,1.909091,1.909091,0.894,0.106,117.7,105.5,223.2,1,2025_NBA,,,,,,,,,,,,,,,,,,,,,,,,,under,224.5,-110.0,0.007260397257830009,0.00798643618496939,0.5276125639154079,2.7612563915407895,0.0019966090462423475,total,nba,,,,,,,,,,,,,,,,,,,,,,,0.4723874360845921,0.5276125639154079,2.116906428097564,1.895330150174987,2.116906428097564,1.895330150174987,0.5238094988662143,0.5238094988662143,0.5,0.5,-0.09816939725782992,-0.027612563915407895,0.0,-9.81693972578299,-2.7612563915407895,0.007260397257830009,0.027612563915407895,0.00798643618496939,0.7260397257830009,2.7612563915407895
Basketball,NBA,2025_12_11,NBA_2025_12_11_New_Orleans_Pelicans_Portland_Trail_Blazers,2026_04_17,09:10 PM,New Orleans Pelicans,Portland Trail Blazers,5.5,-5.5,237.5,186,-220,-110,-110,-110,-110,2.86,1.454545,1.909091,1.909091,1.909091,1.909091,0.332,0.668,115.3,121.0,236.3,1,2025_NBA,,,,,,,,,,,,,,,,,,,,,,,,,under,237.5,-110.0,0.0032111586251384328,0.003532274134424923,0.525491534256428,2.549153425642803,0.0008830685336062308,total,nba,,,,,,,,,,,,,,,,,,,,,,,0.47450846574357197,0.525491534256428,2.1074439597889234,1.9029802286253816,2.1074439597889234,1.9029802286253816,0.5238094988662143,0.5238094988662143,0.5,0.5,-0.09412015862513845,-0.025491534256428028,0.0,-9.412015862513845,-2.549153425642803,0.0032111586251384328,0.025491534256428028,0.003532274134424923,0.3211158625138433,2.549153425642803
Basketball,NBA,2025_12_12,NBA_2025_12_12_Charlotte_Hornets_Chicago_Bulls,2026_04_17,08:10 PM,Charlotte Hornets,Chicago Bulls,3.5,-3.5,235.5,128,-148,-110,-110,-110,-110,2.28,1.675676,1.909091,1.909091,1.909091,1.909091,0.445,0.555,115.3,117.9,233.2,1,2025_NBA,,,,,,,,,,,,,,,,,,,,,,,,,under,235.5,-110.0,0.047651782594051895,0.05241695561176152,0.5487699552268864,4.8769955226886434,0.01310423890294038,total,nba,,,,,,,,,,,,,,,,,,,,,,,0.45123004477311357,0.5487699552268864,2.216164485462881,1.8222571962536736,2.216164485462881,1.8222571962536736,0.5238094988662143,0.5238094988662143,0.5,0.5,-0.1385607825940518,-0.04876995522688643,0.0,-13.85607825940518,-4.8769955226886434,0.047651782594051895,0.04876995522688643,0.05241695561176152,4.7651782594051895,4.8769955226886434
Basketball,NBA,2025_12_12,NBA_2025_12_12_Memphis_Grizzlies_Utah_Jazz,2026_04_17,09:10 PM,Memphis Grizzlies,Utah Jazz,-6.5,6.5,238.5,-250,207,-105,-115,-110,-110,1.4,3.07,1.952381,1.869565,1.909091,1.909091,0.69,0.31,121.1,115.8,236.9,1,2025_NBA,,,,,,,,,,,,,,,,,,,,,,,,,under,238.5,-110.0,0.0193986902011114,0.02133855708736695,0.5339707170591195,3.397071705911947,0.005334639271841738,total,nba,,,,,,,,,,,,,,,,,,,,,,,0.46602928294088053,0.5339707170591195,2.145787907767285,1.8727618726127322,2.145787907767285,1.8727618726127322,0.5238094988662143,0.5238094988662143,0.5,0.5,-0.11030769020111142,-0.03397071705911947,0.0,-11.030769020111142,-3.397071705911947,0.0193986902011114,0.03397071705911947,0.02133855708736695,1.9398690201111402,3.397071705911947
Basketball,NBA,2025_12_12,NBA_2025_12_12_Washington_Wizards_Cleveland_Cavaliers,2026_04_17,08:10 PM,Washington Wizards,Cleveland Cavaliers,14.5,-14.5,239.0,637,-950,-110,-110,-110,-110,7.37,1.105263,1.909091,1.909091,1.909091,1.909091,0.172,0.828,115.2,125.5,240.7,1,2025_NBA,,,,,,,,,,,,,,,,,,,,,,,,,over,239.0,-110.0,0.023441266232355318,0.02578539027705176,0.5360882567841738,3.608825678417382,0.00644634756926294,total,nba,,,,,,,,,,,,,,,,,,,,,,,0.5360882567841738,0.4639117432158262,1.8653644942694474,2.1555824240792476,1.8653644942694474,2.1555824240792476,0.5238094988662143,0.5238094988662143,0.5,0.5,0.023441266232355318,0.03608825678417382,0.02578539027705176,2.344126623235532,3.608825678417382,-0.11435026623235511,-0.03608825678417382,0.0,-11.435026623235512,-3.608825678417382
Basketball,NBA,2025_12_13,NBA_2025_12_13_Orlando_Magic_New_York_Knicks,2026_04_17,06:40 PM,Orlando Magic,New York Knicks,4.5,-4.5,223.5,174,-200,-110,-110,-110,-110,2.74,1.5,1.909091,1.909091,1.909091,1.909091,0.41,0.59,111.2,114.8,226.0,1,2025_NBA,,,,,,,,,,,,,,,,,,,,,,,,,over,223.5,-110.0,0.05570211783101153,0.061272323486880456,0.5529867972930633,5.298679729306333,0.015318080871720114,total,nba,,,,,,,,,,,,,,,,,,,,,,,0.5529867972930633,0.4470132027069366,1.8083614380942183,2.2370703906381113,1.8083614380942183,2.2370703906381113,0.5238094988662143,0.5238094988662143,0.5,0.5,0.05570211783101153,0.052986797293063326,0.061272323486880456,5.570211783101153,5.298679729306333,-0.14661111783101166,-0.05298679729306338,0.0,-14.661111783101166,-5.298679729306338
Basketball,NBA,2025_12_14,NBA_2025_12_14_Atlanta_Hawks_Philadelphia_76ers,2026_04_17,07:10 PM,Atlanta Hawks,Philadelphia 76ers,-5.0,5.0,226.5,-200,174,-110,-110,-110,-110,1.5,2.74,1.909091,1.909091,1.909091,1.909091,0.568,0.432,115.5,113.2,228.7,1,2025_NBA,,,,,,,,,,,,,,,,,,,,,,,,,over,226.5,-110.0,0.0436226132947406,0.04798486982572779,0.5466594380753671,4.66594380753671,0.011996217456431948,total,nba,,,,,,,,,,,,,,,,,,,,,,,0.5466594380753671,0.4533405619246329,1.8292924814775293,2.205847179777062,1.8292924814775293,2.205847179777062,0.5238094988662143,0.5238094988662143,0.5,0.5,0.0436226132947406,0.0466594380753671,0.04798486982572779,4.36226132947406,4.66594380753671,-0.13453161329474062,-0.0466594380753671,0.0,-13.453161329474062,-4.66594380753671
Basketball,NBA,2025_12_14,NBA_2025_12_14_Brooklyn_Nets_Milwaukee_Bucks,2026_04_17,07:10 PM,Brooklyn Nets,Milwaukee Bucks,1.5,-1.5,217.5,105,-125,-110,-110,-110,-110,2.05,1.8,1.909091,1.909091,1.909091,1.909091,0.489,0.511,109.9,110.7,220.6,1,2025_NBA,,,,,,,,,,,,,,,,,,,,,,,,,over,217.5,-110.0,0.07978102500097384,0.08775911872515935,0.5655995575910073,6.559955759100733,0.021939779681289837,total,nba,,,,,,,,,,,,,,,,,,,,,,,0.5655995575910073,0.43440044240899267,1.7680353291986015,2.3020234382231344,1.7680353291986015,2.3020234382231344,0.5238094988662143,0.5238094988662143,0.5,0.5,0.07978102500097384,0.06559955759100733,0.08775911872515935,7.978102500097384,6.559955759100733,-0.17069002500097374,-0.06559955759100733,0.0,-17.069002500097376,-6.559955759100733
Basketball,NBA,2025_12_14,NBA_2025_12_14_Chicago_Bulls_New_Orleans_Pelicans,2026_04_17,08:10 PM,Chicago Bulls,New Orleans Pelicans,-6.0,6.0,243.5,-205,177,-110,-110,-110,-110,1.487805,2.77,1.909091,1.909091,1.909091,1.909091,0.64,0.36,123.0,118.9,241.9,1,2025_NBA,,,,,,,,,,,,,,,,,,,,,,,,,under,243.5,-110.0,0.0193986902011114,0.02133855708736695,0.5339707170591195,3.397071705911947,0.005334639271841738,total,nba,,,,,,,,,,,,,,,,,,,,,,,0.46602928294088053,0.5339707170591195,2.145787907767285,1.8727618726127322,2.145787907767285,1.8727618726127322,0.5238094988662143,0.5238094988662143,0.5,0.5,-0.11030769020111142,-0.03397071705911947,0.0,-11.030769020111142,-3.397071705911947,0.0193986902011114,0.03397071705911947,0.02133855708736695,1.9398690201111402,3.397071705911947
Basketball,NBA,2025_12_14,NBA_2025_12_14_Cleveland_Cavaliers_Charlotte_Hornets,2026_04_17,04:40 PM,Cleveland Cavaliers,Charlotte Hornets,-10.5,10.5,236.0,-500,383,-110,-110,-110,-110,1.2,4.83,1.909091,1.909091,1.909091,1.909091,0.788,0.212,120.9,112.5,233.4,1,2025_NBA,,,,,,,,,,,,,,,,,,,,,,,,,under,236.0,-110.0,0.059723058942541485,0.06569535826725968,0.5550930044416643,5.509300444166431,0.01642383956681492,total,nba,,,,,,,,,,,,,,,,,,,,,,,0.4449069955583357,0.5550930044416643,2.2476607695166733,1.8014999144257666,2.2476607695166733,1.8014999144257666,0.5238094988662143,0.5238094988662143,0.5,0.5,-0.15063205894254128,-0.05509300444166432,0.0,-15.063205894254128,-5.509300444166431,0.059723058942541485,0.05509300444166432,0.06569535826725968,5.9723058942541485,5.509300444166431
Basketball,NBA,2025_12_14,NBA_2025_12_14_Indiana_Pacers_Washington_Wizards,2026_04_17,04:10 PM,Indiana Pacers,Washington Wizards,-9.5,9.5,235.5,-350,280,-110,-110,-110,-110,1.285714,3.8,1.909091,1.909091,1.909091,1.909091,0.755,0.245,122.2,114.6,236.8,1,2025_NBA,,,,,,,,,,,,,,,,,,,,,,,,,over,235.5,-110.0,0.007260397257830009,0.00798643618496939,0.5276125639154079,2.7612563915407895,0.0019966090462423475,total,nba,,,,,,,,,,,,,,,,,,,,,,,0.5276125639154079,0.4723874360845921,1.895330150174987,2.116906428097564,1.895330150174987,2.116906428097564,0.5238094988662143,0.5238094988662143,0.5,0.5,0.007260397257830009,0.027612563915407895,0.00798643618496939,0.7260397257830009,2.7612563915407895,-0.09816939725782992,-0.027612563915407895,0.0,-9.81693972578299,-2.7612563915407895
Basketball,NBA,2025_12_14,NBA_2025_12_14_Minnesota_Timberwolves_Sacramento_Kings,2026_04_17,08:10 PM,Minnesota Timberwolves,Sacramento Kings,-11.5,11.5,229.5,-540,409,-110,-110,-110,-110,1.185185,5.09,1.909091,1.909091,1.909091,1.909091,0.802,0.198,121.0,112.3,233.3,1,2025_NBA,,,,,,,,,,,,,,,,,,,,,,,,,over,229.5,-110.0,0.10771113605814531,0.11848223781573593,0.580229615067142,8.0229615067142,0.029620559453933982,total,nba,,,,,,,,,,,,,,,,,,,,,,,0.580229615067142,0.41977038493285806,1.7234556355491848,2.382254765685648,1.7234556355491848,2.382254765685648,0.5238094988662143,0.5238094988662143,0.5,0.5,0.10771113605814531,0.08022961506714199,0.11848223781573593,10.77111360581453,8.0229615067142,-0.198620136058145,-0.08022961506714194,0.0,-19.8620136058145,-8.022961506714193
Basketball,NBA,2025_12_14,NBA_2025_12_14_Portland_Trail_Blazers_Golden_State_Warriors,2026_04_17,10:10 PM,Portland Trail Blazers,Golden State Warriors,4.5,-4.5,236.0,157,-180,-110,-110,-110,-110,2.57,1.555556,1.909091,1.909091,1.909091,1.909091,0.371,0.629,113.8,118.2,232.0,1,2025_NBA,,,,,,,,,,,,,,,,,,,,,,,,,under,236.0,-110.0,0.11565419521982712,0.1272196020198496,0.5843902649060873,8.439026490608725,0.0318049005049624,total,nba,,,,,,,,,,,,,,,,,,,,,,,0.41560973509391275,0.5843902649060873,2.406103407982097,1.7111852473461413,2.406103407982097,1.7111852473461413,0.5238094988662143,0.5238094988662143,0.5,0.5,-0.20656319521982702,-0.08439026490608725,0.0,-20.656319521982702,-8.439026490608725,0.11565419521982712,0.08439026490608725,0.1272196020198496,11.565419521982712,8.439026490608725
Basketball,NBA,2025_12_15,NBA_2025_12_15_Boston_Celtics_Detroit_Pistons,2026_04_17,08:10 PM,Boston Celtics,Detroit Pistons,-2.0,2.0,231.0,-130,110,-110,-110,-110,-110,1.769231,2.1,1.909091,1.909091,1.909091,1.909091,0.519,0.481,114.0,113.6,227.6,1,2025_NBA,,,,,,,,,,,,,,,,,,,,,,,,,under,231.0,-110.0,0.0917744125655875,0.10095184372696187,0.5718818079209359,7.18818079209359,0.025237960931740466,total,nba,,,,,,,,,,,,,,,,,,,,,,,0.4281181920790641,0.5718818079209359,2.3358035666359207,1.7486130633101946,2.3358035666359207,1.7486130633101946,0.5238094988662143,0.5238094988662143,0.5,0.5,-0.1826834125655874,-0.0718818079209359,0.0,-18.26834125655874,-7.18818079209359,0.0917744125655875,0.0718818079209359,0.10095184372696187,9.17744125655875,7.18818079209359
Basketball,NBA,2025_12_15,NBA_2025_12_15_Denver_Nuggets_Houston_Rockets,2026_04_17,10:40 PM,Denver Nuggets,Houston Rockets,-2.0,2.0,233.0,-120,100,-110,-113,-110,-110,1.833333,2.0,1.909091,1.884956,1.909091,1.909091,0.537,0.463,118.2,117.1,235.3,1,2025_NBA,,,,,,,,,,,,,,,,,,,,,,,,,over,233.0,-110.0,0.04765178259405167,0.052416955611761275,0.5487699552268863,4.876995522688632,0.013104238902940319,total,nba,,,,,,,,,,,,,,,,,,,,,,,0.5487699552268863,0.4512300447731136,1.8222571962536738,2.2161644854628806,1.8222571962536738,2.2161644854628806,0.5238094988662143,0.5238094988662143,0.5,0.5,0.04765178259405167,0.04876995522688632,0.052416955611761275,4.765178259405167,4.876995522688632,-0.1385607825940517,-0.048769955226886375,0.0,-13.85607825940517,-4.876995522688637
Basketball,NBA,2025_12_15,NBA_2025_12_15_Miami_Heat_Toronto_Raptors,2026_04_17,08:40 PM,Miami Heat,Toronto Raptors,-5.5,5.5,238.5,-230,192,-110,-110,-110,-110,1.434783,2.92,1.909091,1.909091,1.909091,1.909091,0.596,0.404,118.9,116.0,234.9,1,2025_NBA,,,,,,,,,,,,,,,,,,,,,,,,,under,238.5,-110.0,0.09975091888479937,0.1097259998006792,0.5760599776987054,7.605997769870543,0.0274314999501698,total,nba,,,,,,,,,,,,,,,,,,,,,,,0.4239400223012946,0.5760599776987054,2.3588242378524455,1.7359303522436798,2.3588242378524455,1.7359303522436798,0.5238094988662143,0.5238094988662143,0.5,0.5,-0.19065991888479916,-0.07605997769870543,0.0,-19.065991888479918,-7.605997769870543,0.09975091888479937,0.07605997769870543,0.1097259998006792,9.975091888479938,7.605997769870543
Basketball,NBA,2025_12_15,NBA_2025_12_15_Utah_Jazz_Dallas_Mavericks,2026_04_17,10:10 PM,Utah Jazz,Dallas Mavericks,2.5,-2.5,237.5,105,-125,-110,-110,-110,-110,2.05,1.8,1.909091,1.909091,1.909091,1.909091,0.533,0.467,118.6,117.6,236.2,1,2025_NBA,,,,,,,,,,,,,,,,,,,,,,,,,under,237.5,-110.0,0.007260397257830009,0.00798643618496939,0.5276125639154079,2.7612563915407895,0.0019966090462423475,total,nba,,,,,,,,,,,,,,,,,,,,,,,0.4723874360845921,0.5276125639154079,2.116906428097564,1.895330150174987,2.116906428097564,1.895330150174987,0.5238094988662143,0.5238094988662143,0.5,0.5,-0.09816939725782992,-0.027612563915407895,0.0,-9.81693972578299,-2.7612563915407895,0.007260397257830009,0.027612563915407895,0.00798643618496939,0.7260397257830009,2.7612563915407895
Basketball,NBA,2025_12_17,NBA_2025_12_17_Chicago_Bulls_Cleveland_Cavaliers,2026_04_17,09:10 PM,Chicago Bulls,Cleveland Cavaliers,5.0,-5.0,242.0,183,-215,-110,-110,-110,-110,2.83,1.465116,1.909091,1.909091,1.909091,1.909091,0.365,0.635,117.7,122.5,240.2,1,2025_NBA,,,,,,,,,,,,,,,,,,,,,,,,,under,242.0,-110.0,0.027481891510435785,0.030230077638471537,0.5382047746861913,3.8204774686191323,0.007557519409617884,total,nba,,,,,,,,,,,,,,,,,,,,,,,0.4617952253138087,0.5382047746861913,2.165461973584632,1.8580288526482611,2.165461973584632,1.8580288526482611,0.5238094988662143,0.5238094988662143,0.5,0.5,-0.11839089151043558,-0.03820477468619132,0.0,-11.839089151043558,-3.8204774686191323,0.027481891510435785,0.03820477468619132,0.030230077638471537,2.7481891510435785,3.8204774686191323
Basketball,NBA,2025_12_17,NBA_2025_12_17_Minnesota_Timberwolves_Memphis_Grizzlies,2026_04_17,09:10 PM,Minnesota Timberwolves,Memphis Grizzlies,-8.0,8.0,233.5,-290,237,-110,-110,-110,-110,1.344828,3.37,1.909091,1.909091,1.909091,1.909091,0.68,0.32,118.4,113.3,231.7,1,2025_NBA,,,,,,,,,,,,,,,,,,,,,,,,,under,233.5,-110.0,0.027481891510435785,0.030230077638471537,0.5382047746861913,3.8204774686191323,0.007557519409617884,total,nba,,,,,,,,,,,,,,,,,,,,,,,0.4617952253138087,0.5382047746861913,2.165461973584632,1.8580288526482611,2.165461973584632,1.8580288526482611,0.5238094988662143,0.5238094988662143,0.5,0.5,-0.11839089151043558,-0.03820477468619132,0.0,-11.839089151043558,-3.8204774686191323,0.027481891510435785,0.03820477468619132,0.030230077638471537,2.7481891510435785,3.8204774686191323
Basketball,NBA,2025_12_18,NBA_2025_12_18_Charlotte_Hornets_Atlanta_Hawks,2026_04_17,08:10 PM,Charlotte Hornets,Atlanta Hawks,6.0,-6.0,237.5,170,-195,-110,-110,-110,-110,2.7,1.512821,1.909091,1.909091,1.909091,1.909091,0.383,0.617,115.9,120.2,236.1,1,2025_NBA,,,,,,,,,,,,,,,,,,,,,,,,,under,237.5,-110.0,0.011308141594687182,0.012438954510260386,0.5297328108480356,2.9732810848035585,0.0031097386275650966,total,nba,,,,,,,,,,,,,,,,,,,,,,,0.4702671891519644,0.5297328108480356,2.126450713695986,1.8877441221719413,2.126450713695986,1.8877441221719413,0.5238094988662143,0.5238094988662143,0.5,0.5,-0.10221714159468709,-0.029732810848035585,0.0,-10.221714159468709,-2.9732810848035585,0.011308141594687182,0.029732810848035585,0.012438954510260386,1.1308141594687182,2.9732810848035585
Basketball,NBA,2025_12_18,NBA_2025_12_18_Dallas_Mavericks_Detroit_Pistons,2026_04_17,09:40 PM,Dallas Mavericks,Detroit Pistons,6.0,-6.0,231.5,180,-210,-110,-110,-110,-110,2.8,1.47619,1.909091,1.909091,1.909091,1.909091,0.295,0.705,111.4,117.8,229.2,1,2025_NBA,,,,,,,,,,,,,,,,,,,,,,,,,under,231.5,-110.0,0.047651782594051895,0.05241695561176152,0.5487699552268864,4.8769955226886434,0.01310423890294038,total,nba,,,,,,,,,,,,,,,,,,,,,,,0.45123004477311357,0.5487699552268864,2.216164485462881,1.8222571962536736,2.216164485462881,1.8222571962536736,0.5238094988662143,0.5238094988662143,0.5,0.5,-0.1385607825940518,-0.04876995522688643,0.0,-13.85607825940518,-4.8769955226886434,0.047651782594051895,0.04876995522688643,0.05241695561176152,4.7651782594051895,4.8769955226886434
Basketball,NBA,2025_12_18,NBA_2025_12_18_Denver_Nuggets_Orlando_Magic,2026_04_17,10:10 PM,Denver Nuggets,Orlando Magic,-8.0,8.0,233.5,-290,237,-110,-110,-110,-110,1.344828,3.37,1.909091,1.909091,1.909091,1.909091,0.692,0.308,120.4,115.0,235.4,1,2025_NBA,,,,,,,,,,,,,,,,,,,,,,,,,over,233.5,-110.0,0.03152045231118228,0.034672494075051095,0.5403202111953711,4.03202111953711,0.008668123518762774,total,nba,,,,,,,,,,,,,,,,,,,,,,,0.5403202111953711,0.45967978880462884,1.8507543846780443,2.175427383049499,1.8507543846780443,2.175427383049499,0.5238094988662143,0.5238094988662143,0.5,0.5,0.03152045231118228,0.0403202111953711,0.034672494075051095,3.152045231118228,4.03202111953711,-0.1224294523111823,-0.04032021119537116,0.0,-12.24294523111823,-4.032021119537116
Basketball,NBA,2025_12_18,NBA_2025_12_18_Indiana_Pacers_New_York_Knicks,2026_04_17,08:10 PM,Indiana Pacers,New York Knicks,4.5,-4.5,225.0,156,-178,-110,-110,-110,-110,2.56,1.561798,1.909091,1.909091,1.909091,1.909091,0.365,0.635,111.6,116.4,228.0,1,2025_NBA,,,,,,,,,,,,,,,,,,,,,,,,,over,225.0,-110.0,0.07577603507253672,0.08335363024442735,0.5635017058236285,6.350170582362846,0.020838407561106838,total,nba,,,,,,,,,,,,,,,,,,,,,,,0.5635017058236285,0.43649829417637154,1.7746175205244046,2.2909596975330673,1.7746175205244046,2.2909596975330673,0.5238094988662143,0.5238094988662143,0.5,0.5,0.07577603507253672,0.06350170582362846,0.08335363024442735,7.577603507253672,6.350170582362846,-0.16668503507253662,-0.06350170582362846,0.0,-16.66850350725366,-6.350170582362846
Basketball,NBA,2025_12_18,NBA_2025_12_18_Milwaukee_Bucks_Toronto_Raptors,2026_04_17,09:10 PM,Milwaukee Bucks,Toronto Raptors,4.0,-4.0,220.5,180,-210,-110,-110,-110,-110,2.8,1.47619,1.909091,1.909091,1.909091,1.909091,0.372,0.628,109.5,113.9,223.4,1,2025_NBA,,,,,,,,,,,,,,,,,,,,,,,,,over,220.5,-110.0,0.07176763236904926,0.07894438771151553,0.5614020664122608,6.140206641226076,0.019736096927878883,total,nba,,,,,,,,,,,,,,,,,,,,,,,0.5614020664122608,0.4385979335877392,1.7812545764048875,2.279992502062154,1.7812545764048875,2.279992502062154,0.5238094988662143,0.5238094988662143,0.5,0.5,0.07176763236904926,0.06140206641226076,0.07894438771151553,7.176763236904926,6.140206641226076,-0.1626766323690494,-0.061402066412260814,0.0,-16.267663236904937,-6.140206641226081
Basketball,NBA,2025_12_18,NBA_2025_12_18_New_Orleans_Pelicans_Houston_Rockets,2026_04_17,09:10 PM,New Orleans Pelicans,Houston Rockets,10.0,-10.0,235.5,337,-430,-110,-110,-110,-110,4.37,1.232558,1.909091,1.909091,1.909091,1.909091,0.193,0.807,111.7,121.4,233.1,1,2025_NBA,,,,,,,,,,,,,,,,,,,,,,,,,under,235.5,-110.0,0.05167832161588626,0.05684614809285995,0.5508790946140787,5.087909461407869,0.014211537023214987,total,nba,,,,,,,,,,,,,,,,,,,,,,,0.4491209053859213,0.5508790946140787,2.2265719275318934,1.8152803578443204,2.2265719275318934,1.8152803578443204,0.5238094988662143,0.5238094988662143,0.5,0.5,-0.14258732161588605,-0.05087909461407869,0.0,-14.258732161588606,-5.087909461407869,0.05167832161588626,0.05087909461407869,0.05684614809285995,5.167832161588626,5.087909461407869
Basketball,NBA,2025_12_18,NBA_2025_12_18_Oklahoma_City_Thunder_Los_Angeles_Clippers,2026_04_17,09:10 PM,Oklahoma City Thunder,Los Angeles Clippers,-15.0,15.0,223.5,-1500,874,-110,-110,-110,-110,1.066667,9.74,1.909091,1.909091,1.909091,1.909091,0.87,0.13,116.0,104.9,220.9,1,2025_NBA,,,,,,,,,,,,,,,,,,,,,,,,,under,223.5,-110.0,0.059723058942541485,0.06569535826725968,0.5550930044416643,5.509300444166431,0.01642383956681492,total,nba,,,,,,,,,,,,,,,,,,,,,,,0.4449069955583357,0.5550930044416643,2.2476607695166733,1.8014999144257666,2.2476607695166733,1.8014999144257666,0.5238094988662143,0.5238094988662143,0.5,0.5,-0.15063205894254128,-0.05509300444166432,0.0,-15.063205894254128,-5.509300444166431,0.059723058942541485,0.05509300444166432,0.06569535826725968,5.9723058942541485,5.509300444166431
Basketball,NBA,2025_12_18,NBA_2025_12_18_San_Antonio_Spurs_Washington_Wizards,2026_04_17,09:10 PM,San Antonio Spurs,Washington Wizards,-14.5,14.5,242.0,-950,637,-110,-110,-110,-110,1.105263,7.37,1.909091,1.909091,1.909091,1.909091,0.861,0.139,124.4,113.8,238.2,1,2025_NBA,,,,,,,,,,,,,,,,,,,,,,,,,under,242.0,-110.0,0.10771113605814531,0.11848223781573593,0.580229615067142,8.0229615067142,0.029620559453933982,total,nba,,,,,,,,,,,,,,,,,,,,,,,0.419770384932858,0.580229615067142,2.3822547656856483,1.7234556355491848,2.3822547656856483,1.7234556355491848,0.5238094988662143,0.5238094988662143,0.5,0.5,-0.1986201360581451,-0.08022961506714199,0.0,-19.86201360581451,-8.0229615067142,0.10771113605814531,0.08022961506714199,0.11848223781573593,10.77111360581453,8.0229615067142
Basketball,NBA,2025_12_18,NBA_2025_12_18_Utah_Jazz_Los_Angeles_Lakers,2026_04_17,10:10 PM,Utah Jazz,Los Angeles Lakers,7.0,-7.0,244.0,237,-290,-110,-110,-110,-110,3.37,1.344828,1.909091,1.909091,1.909091,1.909091,0.335,0.665,117.5,123.2,240.7,1,2025_NBA,,,,,,,,,,,,,,,,,,,,,,,,,under,244.0,-110.0,0.08778032400350066,0.09655834674801604,0.5697896663928019,6.978966639280193,0.02413958668700401,total,nba,,,,,,,,,,,,,,,,,,,,,,,0.43021033360719807,0.5697896663928019,2.3244443981976644,1.755033583411145,2.3244443981976644,1.755033583411145,0.5238094988662143,0.5238094988662143,0.5,0.5,-0.17868932400350057,-0.06978966639280193,0.0,-17.868932400350058,-6.978966639280193,0.08778032400350066,0.06978966639280193,0.09655834674801604,8.778032400350067,6.978966639280193
Basketball,NBA,2025_12_19,NBA_2025_12_19_Atlanta_Hawks_San_Antonio_Spurs,2026_04_17,08:40 PM,Atlanta Hawks,San Antonio Spurs,2.0,-2.0,242.0,110,-130,-110,-110,-110,-110,2.1,1.769231,1.909091,1.909091,1.909091,1.909091,0.346,0.654,116.0,121.2,237.2,1,2025_NBA,,,,,,,,,,,,,,,,,,,,,,,,,under,242.0,-110.0,0.14723768210656063,0.1619614341210734,0.6009339953446748,10.093399534467483,0.04049035853026835,total,nba,,,,,,,,,,,,,,,,,,,,,,,0.39906600465532516,0.6009339953446748,2.5058511332322175,1.664076267521585,2.5058511332322175,1.664076267521585,0.5238094988662143,0.5238094988662143,0.5,0.5,-0.23814668210656065,-0.10093399534467484,0.0,-23.814668210656066,-10.093399534467483,0.14723768210656063,0.10093399534467484,0.1619614341210734,14.723768210656063,10.093399534467483
Basketball,NBA,2025_12_19,NBA_2025_12_19_Cleveland_Cavaliers_Chicago_Bulls,2026_04_17,08:40 PM,Cleveland Cavaliers,Chicago Bulls,-7.5,7.5,242.0,-260,215,-110,-110,-110,-110,1.384615,3.15,1.909091,1.909091,1.909091,1.909091,0.668,0.332,122.7,117.8,240.5,1,2025_NBA,,,,,,,,,,,,,,,,,,,,,,,,,under,242.0,-110.0,0.015354277306573128,0.016889703348260104,0.5318522151676233,3.1852215167623266,0.004222425837065026,total,nba,,,,,,,,,,,,,,,,,,,,,,,0.46814778483237673,0.5318522151676233,2.1360776071130108,1.8802215568188074,2.1360776071130108,1.8802215568188074,0.5238094988662143,0.5238094988662143,0.5,0.5,-0.10626327730657303,-0.031852215167623266,0.0,-10.626327730657303,-3.1852215167623266,0.015354277306573128,0.031852215167623266,0.016889703348260104,1.5354277306573128,3.1852215167623266
Basketball,NBA,2025_12_19,NBA_2025_12_19_Minnesota_Timberwolves_Oklahoma_City_Thunder,2026_04_17,10:40 PM,Minnesota Timberwolves,Oklahoma City Thunder,7.5,-7.5,226.0,260,-320,-110,-110,-110,-110,3.6,1.3125,1.909091,1.909091,1.909091,1.909091,0.298,0.702,111.6,117.8,229.4,1,2025_NBA,,,,,,,,,,,,,,,,,,,,,,,,,over,226.0,-110.0,0.0917744125655875,0.10095184372696187,0.5718818079209359,7.18818079209359,0.025237960931740466,total,nba,,,,,,,,,,,,,,,,,,,,,,,0.5718818079209359,0.4281181920790641,1.7486130633101946,2.3358035666359207,1.7486130633101946,2.3358035666359207,0.5238094988662143,0.5238094988662143,0.5,0.5,0.0917744125655875,0.0718818079209359,0.10095184372696187,9.17744125655875,7.18818079209359,-0.1826834125655874,-0.0718818079209359,0.0,-18.26834125655874,-7.18818079209359
Basketball,NBA,2025_12_20,NBA_2025_12_20_Denver_Nuggets_Houston_Rockets,2026_04_17,06:10 PM,Denver Nuggets,Houston Rockets,-1.5,1.5,237.0,-115,-105,-110,-110,-110,-110,1.869565,1.952381,1.909091,1.909091,1.909091,1.909091,0.543,0.457,118.4,117.0,235.4,1,2025_NBA,,,,,,,,,,,,,,,,,,,,,,,,,under,237.0,-110.0,0.0193986902011114,0.02133855708736695,0.5339707170591195,3.397071705911947,0.005334639271841738,total,nba,,,,,,,,,,,,,,,,,,,,,,,0.46602928294088053,0.5339707170591195,2.145787907767285,1.8727618726127322,2.145787907767285,1.8727618726127322,0.5238094988662143,0.5238094988662143,0.5,0.5,-0.11030769020111142,-0.03397071705911947,0.0,-11.030769020111142,-3.397071705911947,0.0193986902011114,0.03397071705911947,0.02133855708736695,1.9398690201111402,3.397071705911947
Basketball,NBA,2025_12_20,NBA_2025_12_20_Detroit_Pistons_Charlotte_Hornets,2026_04_17,08:40 PM,Detroit Pistons,Charlotte Hornets,-9.5,9.5,237.0,-440,344,-110,-110,-110,-110,1.227273,4.44,1.909091,1.909091,1.909091,1.909091,0.8,0.2,119.9,111.3,231.2,1,2025_NBA,,,,,,,,,,,,,,,,,,,,,,,,,under,237.0,-110.0,0.186229327549861,0.20485223981962322,0.6213581896042991,12.135818960429912,0.05,total,nba,,,,,,,,,,,,,,,,,,,,,,,0.3786418103957009,0.6213581896042991,2.6410184309940488,1.6093776773696862,2.6410184309940488,1.6093776773696862,0.5238094988662143,0.5238094988662143,0.5,0.5,-0.277138327549861,-0.12135818960429912,0.0,-27.7138327549861,-12.135818960429912,0.186229327549861,0.12135818960429912,0.20485223981962322,18.6229327549861,12.135818960429912
Basketball,NBA,2025_12_20,NBA_2025_12_20_Los_Angeles_Clippers_Los_Angeles_Lakers,2026_04_17,11:40 PM,Los Angeles Clippers,Los Angeles Lakers,4.0,-4.0,230.5,125,-145,-110,-110,-110,-110,2.25,1.689655,1.909091,1.909091,1.909091,1.909091,0.468,0.532,113.0,114.8,227.8,1,2025_NBA,,,,,,,,,,,,,,,,,,,,,,,,,under,230.5,-110.0,0.06374103289533517,0.07011512917335576,0.5571976573643347,5.719765736433469,0.01752878229333894,total,nba,,,,,,,,,,,,,,,,,,,,,,,0.4428023426356653,0.5571976573643347,2.2583439691121803,1.794695269772339,2.2583439691121803,1.794695269772339,0.5238094988662143,0.5238094988662143,0.5,0.5,-0.15465003289533508,-0.057197657364334686,0.0,-15.465003289533508,-5.719765736433469,0.06374103289533517,0.057197657364334686,0.07011512917335576,6.374103289533517,5.719765736433469
Basketball,NBA,2025_12_20,NBA_2025_12_20_Memphis_Grizzlies_Washington_Wizards,2026_04_17,09:10 PM,Memphis Grizzlies,Washington Wizards,-10.0,10.0,235.5,-540,409,-110,-110,-110,-110,1.185185,5.09,1.909091,1.909091,1.909091,1.909091,0.826,0.174,121.1,111.5,232.6,1,2025_NBA,,,,,,,,,,,,,,,,,,,,,,,,,under,235.5,-110.0,0.07176763236904926,0.07894438771151553,0.5614020664122608,6.140206641226076,0.019736096927878883,total,nba,,,,,,,,,,,,,,,,,,,,,,,0.43859793358773924,0.5614020664122608,2.279992502062154,1.7812545764048875,2.279992502062154,1.7812545764048875,0.5238094988662143,0.5238094988662143,0.5,0.5,-0.16267663236904928,-0.06140206641226076,0.0,-16.267663236904927,-6.140206641226076,0.07176763236904926,0.06140206641226076,0.07894438771151553,7.176763236904926,6.140206641226076
Basketball,NBA,2025_12_20,NBA_2025_12_20_New_Orleans_Pelicans_Indiana_Pacers,2026_04_17,08:10 PM,New Orleans Pelicans,Indiana Pacers,-3.5,3.5,234.0,-160,140,-110,-110,-115,-105,1.625,2.4,1.909091,1.909091,1.869565,1.952381,0.523,0.477,117.0,116.4,233.4,1,2025_NBA,,,,,,,,,,,,,,,,,,,,,,,,,under,234.0,-105.0,0.0010878100559428283,0.0011422005016299447,0.5127522804493297,2.358655178649677,0.0002855501254074862,total,nba,,,,,,,,,,,,,,,,,,,,,,,0.48724771955067026,0.5127522804493297,2.052344136001661,1.9502594881171282,2.052344136001661,1.9502594881171282,0.5348837831260214,0.5121951094586559,0.510834271337167,0.489165728662833,-0.0890587171982512,-0.023586551786496712,0.0,-8.90587171982512,-2.3586551786496712,0.0010878100559428283,0.023586551786496768,0.0011422005016299447,0.10878100559428283,2.358655178649677
Basketball,NBA,2025_12_20,NBA_2025_12_20_Philadelphia_76ers_Dallas_Mavericks,2026_04_17,08:10 PM,Philadelphia 76ers,Dallas Mavericks,-2.5,2.5,228.5,-120,100,-110,-110,-110,-110,1.833333,2.0,1.909091,1.909091,1.909091,1.909091,0.542,0.458,113.9,112.5,226.4,1,2025_NBA,,,,,,,,,,,,,,,,,,,,,,,,,under,228.5,-110.0,0.039590926470102206,0.04355001476211107,0.5445476022201677,4.454760222016773,0.010887503690527767,total,nba,,,,,,,,,,,,,,,,,,,,,,,0.45545239777983226,0.5445476022201677,2.195619135774985,1.836386747316329,2.195619135774985,1.836386747316329,0.5238094988662143,0.5238094988662143,0.5,0.5,-0.13049992647010222,-0.04454760222016774,0.0,-13.049992647010223,-4.454760222016773,0.039590926470102206,0.04454760222016774,0.04355001476211107,3.9590926470102206,4.454760222016773
Basketball,NBA,2025_12_20,NBA_2025_12_20_Sacramento_Kings_Portland_Trail_Blazers,2026_04_17,11:10 PM,Sacramento Kings,Portland Trail Blazers,4.0,-4.0,238.0,153,-175,-110,-110,-110,-110,2.53,1.571429,1.909091,1.909091,1.909091,1.909091,0.445,0.555,116.7,119.3,236.0,1,2025_NBA,,,,,,,,,,,,,,,,,,,,,,,,,under,238.0,-110.0,0.035556835085732263,0.03911251468305408,0.5424345068337404,4.243450683374039,0.00977812867076352,total,nba,,,,,,,,,,,,,,,,,,,,,,,0.4575654931662596,0.5424345068337404,2.185479488586879,1.8435405332841523,2.185479488586879,1.8435405332841523,0.5238094988662143,0.5238094988662143,0.5,0.5,-0.12646583508573228,-0.04243450683374039,0.0,-12.646583508573228,-4.243450683374039,0.035556835085732263,0.04243450683374039,0.03911251468305408,3.5556835085732263,4.243450683374039
Basketball,NBA,2025_12_20,NBA_2025_12_20_Toronto_Raptors_Boston_Celtics,2026_04_17,08:10 PM,Toronto Raptors,Boston Celtics,2.5,-2.5,223.5,100,-120,-110,-110,-110,-110,2.0,1.833333,1.909091,1.909091,1.909091,1.909091,0.545,0.455,113.2,111.7,224.9,1,2025_NBA,,,,,,,,,,,,,,,,,,,,,,,,,over,223.5,-110.0,0.011308141594687182,0.012438954510260386,0.5297328108480356,2.9732810848035585,0.0031097386275650966,total,nba,,,,,,,,,,,,,,,,,,,,,,,0.5297328108480356,0.4702671891519644,1.8877441221719413,2.126450713695986,1.8877441221719413,2.126450713695986,0.5238094988662143,0.5238094988662143,0.5,0.5,0.011308141594687182,0.029732810848035585,0.012438954510260386,1.1308141594687182,2.9732810848035585,-0.10221714159468709,-0.029732810848035585,0.0,-10.221714159468709,-2.9732810848035585
Basketball,NBA,2025_12_20,NBA_2025_12_20_Utah_Jazz_Orlando_Magic,2026_04_17,10:40 PM,Utah Jazz,Orlando Magic,7.5,-7.5,240.5,230,-280,-110,-110,-110,-110,3.3,1.357143,1.909091,1.909091,1.909091,1.909091,0.346,0.654,115.8,121.2,237.0,1,2025_NBA,,,,,,,,,,,,,,,,,,,,,,,,,under,240.5,-110.0,0.0957646473468452,0.10534110154741944,0.573971930802065,7.397193080206499,0.02633527538685486,total,nba,,,,,,,,,,,,,,,,,,,,,,,0.426028069197935,0.573971930802065,2.3472631788855076,1.7422454763643336,2.3472631788855076,1.7422454763643336,0.5238094988662143,0.5238094988662143,0.5,0.5,-0.186673647346845,-0.07397193080206499,0.0,-18.6673647346845,-7.397193080206499,0.0957646473468452,0.07397193080206499,0.10534110154741944,9.57646473468452,7.397193080206499
Basketball,NBA,2025_12_21,NBA_2025_12_21_Atlanta_Hawks_Chicago_Bulls,2026_04_17,04:40 PM,Atlanta Hawks,Chicago Bulls,-4.0,4.0,245.0,-180,157,-110,-110,-110,-110,1.555556,2.57,1.909091,1.909091,1.909091,1.909091,0.605,0.395,122.6,119.5,242.1,1,2025_NBA,,,,,,,,,,,,,,,,,,,,,,,,,under,245.0,-110.0,0.07176763236904926,0.07894438771151553,0.5614020664122608,6.140206641226076,0.019736096927878883,total,nba,,,,,,,,,,,,,,,,,,,,,,,0.43859793358773924,0.5614020664122608,2.279992502062154,1.7812545764048875,2.279992502062154,1.7812545764048875,0.5238094988662143,0.5238094988662143,0.5,0.5,-0.16267663236904928,-0.06140206641226076,0.0,-16.267663236904927,-6.140206641226076,0.07176763236904926,0.06140206641226076,0.07894438771151553,7.176763236904926,6.140206641226076
Basketball,NBA,2025_12_21,NBA_2025_12_21_Brooklyn_Nets_Toronto_Raptors,2026_04_17,07:10 PM,Brooklyn Nets,Toronto Raptors,6.5,-6.5,222.5,140,-160,-115,-105,-110,-110,2.4,1.625,1.869565,1.952381,1.909091,1.909091,0.429,0.571,109.1,112.2,221.3,1,2025_NBA,,,,,,,,,,,,,,,,,,,,,,,,,under,222.5,-110.0,0.0032111586251384328,0.003532274134424923,0.525491534256428,2.549153425642803,0.0008830685336062308,total,nba,,,,,,,,,,,,,,,,,,,,,,,0.47450846574357197,0.525491534256428,2.1074439597889234,1.9029802286253816,2.1074439597889234,1.9029802286253816,0.5238094988662143,0.5238094988662143,0.5,0.5,-0.09412015862513845,-0.025491534256428028,0.0,-9.412015862513845,-2.549153425642803,0.0032111586251384328,0.025491534256428028,0.003532274134424923,0.3211158625138433,2.549153425642803
Basketball,NBA,2025_12_21,NBA_2025_12_21_Minnesota_Timberwolves_Milwaukee_Bucks,2026_04_17,08:10 PM,Minnesota Timberwolves,Milwaukee Bucks,-12.0,12.0,222.5,-650,476,-110,-110,-110,-110,1.153846,5.76,1.909091,1.909091,1.909091,1.909091,0.829,0.171,118.6,109.0,227.6,1,2025_NBA,,,,,,,,,,,,,,,,,,,,,,,,,over,222.5,-110.0,0.15899606505879338,0.17489565407510718,0.6070931480263608,10.709314802636083,0.043723913518776795,total,nba,,,,,,,,,,,,,,,,,,,,,,,0.6070931480263608,0.3929068519736391,1.6471936855999214,2.545132503993827,1.6471936855999214,2.545132503993827,0.5238094988662143,0.5238094988662143,0.5,0.5,0.15899606505879338,0.10709314802636083,0.17489565407510718,15.899606505879337,10.709314802636083,-0.24990506505879329,-0.10709314802636088,0.0,-24.990506505879328,-10.709314802636088
Basketball,NBA,2025_12_21,NBA_2025_12_21_New_York_Knicks_Miami_Heat,2026_04_17,07:10 PM,New York Knicks,Miami Heat,-8.0,8.0,235.5,-335,270,-110,-110,-110,-110,1.298507,3.7,1.909091,1.909091,1.909091,1.909091,0.699,0.301,121.8,116.3,238.1,1,2025_NBA,,,,,,,,,,,,,,,,,,,,,,,,,over,235.5,-110.0,0.059723058942541485,0.06569535826725968,0.5550930044416643,5.509300444166431,0.01642383956681492,total,nba,,,,,,,,,,,,,,,,,,,,,,,0.5550930044416643,0.4449069955583357,1.8014999144257666,2.2476607695166733,1.8014999144257666,2.2476607695166733,0.5238094988662143,0.5238094988662143,0.5,0.5,0.059723058942541485,0.05509300444166432,0.06569535826725968,5.9723058942541485,5.509300444166431,-0.15063205894254128,-0.05509300444166432,0.0,-15.063205894254128,-5.509300444166431
Basketball,NBA,2025_12_21,NBA_2025_12_21_Sacramento_Kings_Houston_Rockets,2026_04_17,11:10 PM,Sacramento Kings,Houston Rockets,11.0,-11.0,232.0,476,-650,-110,-110,-110,-110,5.76,1.153846,1.909091,1.909091,1.909091,1.909091,0.178,0.822,108.3,118.5,226.8,1,2025_NBA,,,,,,,,,,,,,,,,,,,,,,,,,under,232.0,-110.0,0.16290433703856344,0.17919475282294448,0.6091403380135171,10.914033801351708,0.04479868820573612,total,nba,,,,,,,,,,,,,,,,,,,,,,,0.3908596619864829,0.6091403380135171,2.5584630425090604,1.6416578210222053,2.5584630425090604,1.6416578210222053,0.5238094988662143,0.5238094988662143,0.5,0.5,-0.25381333703856335,-0.10914033801351708,0.0,-25.381333703856335,-10.914033801351708,0.16290433703856344,0.10914033801351708,0.17919475282294448,16.290433703856344,10.914033801351708
Basketball,NBA,2025_12_21,NBA_2025_12_21_Washington_Wizards_San_Antonio_Spurs,2026_04_17,08:10 PM,Washington Wizards,San Antonio Spurs,14.5,-14.5,240.0,817,-1350,-110,-110,-110,-110,9.17,1.074074,1.909091,1.909091,1.909091,1.909091,0.126,0.874,113.1,124.9,238.0,1,2025_NBA,,,,,,,,,,,,,,,,,,,,,,,,,under,240.0,-110.0,0.035556835085732263,0.03911251468305408,0.5424345068337404,4.243450683374039,0.00977812867076352,total,nba,,,,,,,,,,,,,,,,,,,,,,,0.4575654931662596,0.5424345068337404,2.185479488586879,1.8435405332841523,2.185479488586879,1.8435405332841523,0.5238094988662143,0.5238094988662143,0.5,0.5,-0.12646583508573228,-0.04243450683374039,0.0,-12.646583508573228,-4.243450683374039,0.035556835085732263,0.04243450683374039,0.03911251468305408,3.5556835085732263,4.243450683374039
Basketball,NBA,2025_12_22,NBA_2025_12_22_Cleveland_Cavaliers_Charlotte_Hornets,2026_04_17,08:10 PM,Cleveland Cavaliers,Charlotte Hornets,-9.0,9.0,237.0,-380,303,-110,-110,-110,-110,1.263158,4.03,1.909091,1.909091,1.909091,1.909091,0.752,0.248,121.3,114.0,235.3,1,2025_NBA,,,,,,,,,,,,,,,,,,,,,,,,,under,237.0,-110.0,0.023441266232355318,0.02578539027705176,0.5360882567841738,3.608825678417382,0.00644634756926294,total,nba,,,,,,,,,,,,,,,,,,,,,,,0.4639117432158262,0.5360882567841738,2.1555824240792476,1.8653644942694474,2.1555824240792476,1.8653644942694474,0.5238094988662143,0.5238094988662143,0.5,0.5,-0.11435026623235511,-0.03608825678417382,0.0,-11.435026623235512,-3.608825678417382,0.023441266232355318,0.03608825678417382,0.02578539027705176,2.344126623235532,3.608825678417382
Basketball,NBA,2025_12_22,NBA_2025_12_22_Denver_Nuggets_Utah_Jazz,2026_04_17,10:10 PM,Denver Nuggets,Utah Jazz,-14.5,14.5,246.5,-1000,661,-110,-110,-110,-110,1.1,7.61,1.909091,1.909091,1.909091,1.909091,0.849,0.151,127.8,117.5,245.3,1,2025_NBA,,,,,,,,,,,,,,,,,,,,,,,,,under,246.5,-110.0,0.0032111586251384328,0.003532274134424923,0.525491534256428,2.549153425642803,0.0008830685336062308,total,nba,,,,,,,,,,,,,,,,,,,,,,,0.47450846574357197,0.525491534256428,2.1074439597889234,1.9029802286253816,2.1074439597889234,1.9029802286253816,0.5238094988662143,0.5238094988662143,0.5,0.5,-0.09412015862513845,-0.025491534256428028,0.0,-9.412015862513845,-2.549153425642803,0.0032111586251384328,0.025491534256428028,0.003532274134424923,0.3211158625138433,2.549153425642803
Basketball,NBA,2025_12_22,NBA_2025_12_22_Golden_State_Warriors_Orlando_Magic,2026_04_17,11:10 PM,Golden State Warriors,Orlando Magic,-4.5,4.5,229.5,-195,170,-115,-105,-110,-110,1.512821,2.7,1.869565,1.952381,1.909091,1.909091,0.6,0.4,114.3,111.4,225.7,1,2025_NBA,,,,,,,,,,,,,,,,,,,,,,,,,under,229.5,-110.0,0.10771113605814531,0.11848223781573593,0.580229615067142,8.0229615067142,0.029620559453933982,total,nba,,,,,,,,,,,,,,,,,,,,,,,0.419770384932858,0.580229615067142,2.3822547656856483,1.7234556355491848,2.3822547656856483,1.7234556355491848,0.5238094988662143,0.5238094988662143,0.5,0.5,-0.1986201360581451,-0.08022961506714199,0.0,-19.86201360581451,-8.0229615067142,0.10771113605814531,0.08022961506714199,0.11848223781573593,10.77111360581453,8.0229615067142
Basketball,NBA,2025_12_22,NBA_2025_12_22_New_Orleans_Pelicans_Dallas_Mavericks,2026_04_17,09:10 PM,New Orleans Pelicans,Dallas Mavericks,1.0,-1.0,238.0,-120,100,-105,-115,-115,-105,1.833333,2.0,1.952381,1.869565,1.869565,1.952381,0.503,0.497,117.6,117.9,235.5,1,2025_NBA,,,,,,,,,,,,,,,,,,,,,,,,,under,238.0,-105.0,0.07964091628582826,0.08362295791897179,0.5529867972930633,6.382106863023035,0.020905739479742946,total,nba,,,,,,,,,,,,,,,,,,,,,,,0.4470132027069367,0.5529867972930633,2.2370703906381113,1.8083614380942183,2.2370703906381113,1.8083614380942183,0.5348837831260214,0.5121951094586559,0.510834271337167,0.489165728662833,-0.16427976168120595,-0.0638210686302303,0.0,-16.427976168120594,-6.382106863023029,0.07964091628582826,0.06382106863023035,0.08362295791897179,7.964091628582826,6.382106863023035
Basketball,NBA,2025_12_22,NBA_2025_12_22_Oklahoma_City_Thunder_Memphis_Grizzlies,2026_04_17,10:40 PM,Oklahoma City Thunder,Memphis Grizzlies,-16.5,16.5,227.5,-1200,754,-110,-110,-110,-110,1.083333,8.54,1.909091,1.909091,1.909091,1.909091,0.826,0.174,120.1,110.4,230.5,1,2025_NBA,,,,,,,,,,,,,,,,,,,,,,,,,over,227.5,-110.0,0.07577603507253672,0.08335363024442735,0.5635017058236285,6.350170582362846,0.020838407561106838,total,nba,,,,,,,,,,,,,,,,,,,,,,,0.5635017058236285,0.43649829417637154,1.7746175205244046,2.2909596975330673,1.7746175205244046,2.2909596975330673,0.5238094988662143,0.5238094988662143,0.5,0.5,0.07577603507253672,0.06350170582362846,0.08335363024442735,7.577603507253672,6.350170582362846,-0.16668503507253662,-0.06350170582362846,0.0,-16.66850350725366,-6.350170582362846
Basketball,NBA,2025_12_22,NBA_2025_12_22_Portland_Trail_Blazers_Detroit_Pistons,2026_04_17,11:10 PM,Portland Trail Blazers,Detroit Pistons,5.5,-5.5,237.0,200,-240,-105,-115,-105,-115,3.0,1.416667,1.952381,1.869565,1.952381,1.869565,0.359,0.641,114.5,119.6,234.1,1,2025_NBA,,,,,,,,,,,,,,,,,,,,,,,,,under,237.0,-115.0,0.04957765429203831,0.05701431668942317,0.5614020664122608,5.056779507509379,0.014253579172355792,total,nba,,,,,,,,,,,,,,,,,,,,,,,0.43859793358773924,0.5614020664122608,2.279992502062154,1.7812545764048875,2.279992502062154,1.7812545764048875,0.5121951094586559,0.5348837831260214,0.489165728662833,0.510834271337167,-0.1436897278240361,-0.050567795075093736,0.0,-14.36897278240361,-5.056779507509374,0.04957765429203831,0.05056779507509379,0.05701431668942317,4.957765429203831,5.056779507509379
Basketball,NBA,2025_12_23,NBA_2025_12_23_Atlanta_Hawks_Chicago_Bulls,2026_04_17,08:40 PM,Atlanta Hawks,Chicago Bulls,-4.0,4.0,252.5,-170,149,-110,-110,-115,-105,1.588235,2.49,1.909091,1.909091,1.869565,1.952381,0.594,0.406,125.5,122.5,248.0,1,2025_NBA,,,,,,,,,,,,,,,,,,,,,,,,,under,252.5,-105.0,0.16117783829287102,0.1692367217456785,0.5947496099853825,10.558388132254953,0.042309180436419624,total,nba,,,,,,,,,,,,,,,,,,,,,,,0.4052503900146175,0.5947496099853825,2.4676102099838317,1.6813798331445355,2.4676102099838317,1.6813798331445355,0.5348837831260214,0.5121951094586559,0.510834271337167,0.489165728662833,-0.24235805459232174,-0.10558388132254948,0.0,-24.235805459232175,-10.558388132254947,0.16117783829287102,0.10558388132254953,0.1692367217456785,16.117783829287102,10.558388132254953
Basketball,NBA,2025_12_23,NBA_2025_12_23_Charlotte_Hornets_Washington_Wizards,2026_04_17,08:10 PM,Charlotte Hornets,Washington Wizards,-6.0,6.0,235.0,-225,189,-110,-110,-110,-110,1.444444,2.89,1.909091,1.909091,1.909091,1.909091,0.673,0.327,121.2,116.0,237.2,1,2025_NBA,,,,,,,,,,,,,,,,,,,,,,,,,over,235.0,-110.0,0.0436226132947406,0.04798486982572779,0.5466594380753671,4.66594380753671,0.011996217456431948,total,nba,,,,,,,,,,,,,,,,,,,,,,,0.5466594380753671,0.4533405619246329,1.8292924814775293,2.205847179777062,1.8292924814775293,2.205847179777062,0.5238094988662143,0.5238094988662143,0.5,0.5,0.0436226132947406,0.0466594380753671,0.04798486982572779,4.36226132947406,4.66594380753671,-0.13453161329474062,-0.0466594380753671,0.0,-13.453161329474062,-4.66594380753671
Basketball,NBA,2025_12_23,NBA_2025_12_23_Cleveland_Cavaliers_New_Orleans_Pelicans,2026_04_17,08:40 PM,Cleveland Cavaliers,New Orleans Pelicans,-9.5,9.5,237.5,-415,327,-110,-110,-115,-105,1.240964,4.27,1.909091,1.909091,1.869565,1.952381,0.719,0.281,124.0,117.7,241.7,1,2025_NBA,,,,,,,,,,,,,,,,,,,,,,,,,over,237.5,-115.0,0.10031654292423986,0.11536405320388915,0.5885414751154626,7.770720377829566,0.028841013300972287,total,nba,,,,,,,,,,,,,,,,,,,,,,,0.5885414751154626,0.4114585248845374,1.6991155972547485,2.4303786153917164,1.6991155972547485,2.4303786153917164,0.5348837831260214,0.5121951094586559,0.510834271337167,0.489165728662833,0.10031654292423986,0.07770720377829565,0.11536405320388915,10.031654292423987,7.770720377829566,-0.19667619372740208,-0.0777072037782956,0.0,-19.66761937274021,-7.7707203778295595
Basketball,NBA,2025_12_23,NBA_2025_12_23_Indiana_Pacers_Milwaukee_Bucks,2026_04_17,08:40 PM,Indiana Pacers,Milwaukee Bucks,1.0,-1.0,222.0,-105,-115,-110,-110,-110,-110,1.952381,1.869565,1.909091,1.909091,1.909091,1.909091,0.493,0.507,109.8,110.6,220.4,1,2025_NBA,,,,,,,,,,,,,,,,,,,,,,,,,under,222.0,-110.0,0.0193986902011114,0.02133855708736695,0.5339707170591195,3.397071705911947,0.005334639271841738,total,nba,,,,,,,,,,,,,,,,,,,,,,,0.46602928294088053,0.5339707170591195,2.145787907767285,1.8727618726127322,2.145787907767285,1.8727618726127322,0.5238094988662143,0.5238094988662143,0.5,0.5,-0.11030769020111142,-0.03397071705911947,0.0,-11.030769020111142,-3.397071705911947,0.0193986902011114,0.03397071705911947,0.02133855708736695,1.9398690201111402,3.397071705911947
Basketball,NBA,2025_12_23,NBA_2025_12_23_Miami_Heat_Toronto_Raptors,2026_04_17,08:40 PM,Miami Heat,Toronto Raptors,-4.5,4.5,229.0,-180,157,-110,-110,-110,-110,1.555556,2.57,1.909091,1.909091,1.909091,1.909091,0.633,0.367,115.5,111.7,227.2,1,2025_NBA,,,,,,,,,,,,,,,,,,,,,,,,,under,229.0,-110.0,0.027481891510435785,0.030230077638471537,0.5382047746861913,3.8204774686191323,0.007557519409617884,total,nba,,,,,,,,,,,,,,,,,,,,,,,0.4617952253138087,0.5382047746861913,2.165461973584632,1.8580288526482611,2.165461973584632,1.8580288526482611,0.5238094988662143,0.5238094988662143,0.5,0.5,-0.11839089151043558,-0.03820477468619132,0.0,-11.839089151043558,-3.8204774686191323,0.027481891510435785,0.03820477468619132,0.030230077638471537,2.7481891510435785,3.8204774686191323
Basketball,NBA,2025_12_23,NBA_2025_12_23_Minnesota_Timberwolves_New_York_Knicks,2026_04_17,09:10 PM,Minnesota Timberwolves,New York Knicks,-7.0,7.0,233.0,-270,222,-108,-112,-110,-110,1.37037,3.22,1.925926,1.892857,1.909091,1.909091,0.651,0.349,115.9,111.4,227.3,1,2025_NBA,,,,,,,,,,,,,,,,,,,,,,,,,under,233.0,-110.0,0.18235717310038924,0.20059287035114098,0.6193299183225887,11.932991832258866,0.05,total,nba,,,,,,,,,,,,,,,,,,,,,,,0.38067008167741134,0.6193299183225887,2.6269466609866736,1.614648300389604,2.6269466609866736,1.614648300389604,0.5238094988662143,0.5238094988662143,0.5,0.5,-0.27326617310038903,-0.11932991832258866,0.0,-27.326617310038902,-11.932991832258866,0.18235717310038924,0.11932991832258866,0.20059287035114098,18.235717310038922,11.932991832258866
Basketball,NBA,2025_12_23,NBA_2025_12_23_Phoenix_Suns_Los_Angeles_Lakers,2026_04_17,10:10 PM,Phoenix Suns,Los Angeles Lakers,-5.0,5.0,225.0,-210,180,-110,-110,-110,-110,1.47619,2.8,1.909091,1.909091,1.909091,1.909091,0.641,0.359,115.8,111.7,227.5,1,2025_NBA,,,,,,,,,,,,,,,,,,,,,,,,,over,225.0,-110.0,0.05570211783101153,0.061272323486880456,0.5529867972930633,5.298679729306333,0.015318080871720114,total,nba,,,,,,,,,,,,,,,,,,,,,,,0.5529867972930633,0.4470132027069366,1.8083614380942183,2.2370703906381113,1.8083614380942183,2.2370703906381113,0.5238094988662143,0.5238094988662143,0.5,0.5,0.05570211783101153,0.052986797293063326,0.061272323486880456,5.570211783101153,5.298679729306333,-0.14661111783101166,-0.05298679729306338,0.0,-14.661111783101166,-5.298679729306338
Basketball,NBA,2025_12_23,NBA_2025_12_23_San_Antonio_Spurs_Oklahoma_City_Thunder,2026_04_17,09:40 PM,San Antonio Spurs,Oklahoma City Thunder,6.5,-6.5,234.5,215,-260,-110,-110,-110,-110,3.15,1.384615,1.909091,1.909091,1.909091,1.909091,0.337,0.663,113.2,118.7,231.9,1,2025_NBA,,,,,,,,,,,,,,,,,,,,,,,,,under,234.5,-110.0,0.059723058942541485,0.06569535826725968,0.5550930044416643,5.509300444166431,0.01642383956681492,total,nba,,,,,,,,,,,,,,,,,,,,,,,0.4449069955583357,0.5550930044416643,2.2476607695166733,1.8014999144257666,2.2476607695166733,1.8014999144257666,0.5238094988662143,0.5238094988662143,0.5,0.5,-0.15063205894254128,-0.05509300444166432,0.0,-15.063205894254128,-5.509300444166431,0.059723058942541485,0.05509300444166432,0.06569535826725968,5.9723058942541485,5.509300444166431
Basketball,NBA,2025_12_25,NBA_2025_12_25_Denver_Nuggets_Minnesota_Timberwolves,2026_04_17,11:43 PM,Denver Nuggets,Minnesota Timberwolves,-4.5,4.5,230.0,-155,135,-115,-105,-110,-110,1.645161,2.35,1.869565,1.952381,1.909091,1.909091,0.574,0.426,119.9,117.5,237.4,1,2025_NBA,,,,,,,,,,,,,,,,,,,,,,,,,over,230.0,-110.0,0.24725124236670837,0.2719763394057451,0.6533220482243687,15.332204822436868,0.05,total,nba,,,,,,,,,,,,,,,,,,,,,,,0.6533220482243687,0.34667795177563127,1.5306386838127535,2.884521484213673,1.5306386838127535,2.884521484213673,0.5238094988662143,0.5238094988662143,0.5,0.5,0.24725124236670837,0.15332204822436868,0.2719763394057451,24.725124236670837,15.332204822436868,-0.3381602423667083,-0.15332204822436873,0.0,-33.81602423667083,-15.332204822436873
Basketball,NBA,2025_12_25,NBA_2025_12_25_Los_Angeles_Lakers_Houston_Rockets,2026_04_17,09:12 PM,Los Angeles Lakers,Houston Rockets,-1.5,1.5,226.5,135,-155,-105,-115,-110,-110,2.35,1.645161,1.952381,1.869565,1.909091,1.909091,0.457,0.543,114.2,116.3,230.5,1,2025_NBA,,,,,,,,,,,,,,,,,,,,,,,,,over,226.5,-110.0,0.11565419521982712,0.1272196020198496,0.5843902649060873,8.439026490608725,0.0318049005049624,total,nba,,,,,,,,,,,,,,,,,,,,,,,0.5843902649060873,0.4156097350939128,1.7111852473461413,2.406103407982097,1.7111852473461413,2.406103407982097,0.5238094988662143,0.5238094988662143,0.5,0.5,0.11565419521982712,0.08439026490608725,0.1272196020198496,11.565419521982712,8.439026490608725,-0.2065631952198269,-0.0843902649060872,0.0,-20.65631952198269,-8.43902649060872
Basketball,NBA,2025_12_25,NBA_2025_12_25_New_York_Knicks_Cleveland_Cavaliers,2026_04_17,01:08 PM,New York Knicks,Cleveland Cavaliers,-3.0,3.0,229.5,-250,207,-110,-110,-110,-110,1.4,3.07,1.909091,1.909091,1.909091,1.909091,0.662,0.338,120.1,115.4,235.5,1,2025_NBA,,,,,,,,,,,,,,,,,,,,,,,,,over,229.5,-110.0,0.19395442367234628,0.21334984470459642,0.6254046683329114,12.540466833291141,0.05,total,nba,,,,,,,,,,,,,,,,,,,,,,,0.6254046683329114,0.3745953316670886,1.5989647193801988,2.669547416807433,1.5989647193801988,2.669547416807433,0.5238094988662143,0.5238094988662143,0.5,0.5,0.19395442367234628,0.12540466833291142,0.21334984470459642,19.39544236723463,12.540466833291141,-0.2848634236723462,-0.12540466833291142,0.0,-28.48634236723462,-12.540466833291141
Basketball,NBA,2025_12_25,NBA_2025_12_25_Oklahoma_City_Thunder_San_Antonio_Spurs,2026_04_17,03:40 PM,Oklahoma City Thunder,San Antonio Spurs,-9.5,9.5,228.0,-355,285,-110,-110,-110,-110,1.28169,3.85,1.909091,1.909091,1.909091,1.909091,0.765,0.235,119.9,112.2,232.1,1,2025_NBA,,,,,,,,,,,,,,,,,,,,,,,,,over,228.0,-110.0,0.1196190205945602,0.13158090949592513,0.5864670780987182,8.646707809871824,0.03289522737398128,total,nba,,,,,,,,,,,,,,,,,,,,,,,0.5864670780987182,0.4135329219012818,1.7051255515346644,2.4181871552144982,1.7051255515346644,2.4181871552144982,0.5238094988662143,0.5238094988662143,0.5,0.5,0.1196190205945602,0.08646707809871823,0.13158090949592513,11.961902059456019,8.646707809871824,-0.21052802059456,-0.08646707809871818,0.0,-21.052802059456,-8.646707809871817
Basketball,NBA,2025_12_26,NBA_2025_12_26_Chicago_Bulls_Philadelphia_76ers,2026_04_17,08:40 PM,Chicago Bulls,Philadelphia 76ers,-1.5,1.5,239.5,-120,100,-110,-114,-110,-110,1.833333,2.0,1.909091,1.877193,1.909091,1.909091,0.481,0.519,118.0,119.3,237.3,1,2025_NBA,,,,,,,,,,,,,,,,,,,,,,,,,under,239.5,-110.0,0.0436226132947406,0.04798486982572779,0.5466594380753671,4.66594380753671,0.011996217456431948,total,nba,,,,,,,,,,,,,,,,,,,,,,,0.4533405619246329,0.5466594380753671,2.205847179777062,1.8292924814775293,2.205847179777062,1.8292924814775293,0.5238094988662143,0.5238094988662143,0.5,0.5,-0.13453161329474062,-0.0466594380753671,0.0,-13.453161329474062,-4.66594380753671,0.0436226132947406,0.0466594380753671,0.04798486982572779,4.36226132947406,4.66594380753671
Basketball,NBA,2025_12_26,NBA_2025_12_26_Indiana_Pacers_Boston_Celtics,2026_04_17,08:10 PM,Indiana Pacers,Boston Celtics,8.0,-8.0,220.0,280,-350,-110,-110,-110,-110,3.8,1.285714,1.909091,1.909091,1.909091,1.909091,0.245,0.755,106.9,115.2,222.1,1,2025_NBA,,,,,,,,,,,,,,,,,,,,,,,,,over,220.0,-110.0,0.039590926470102206,0.04355001476211107,0.5445476022201677,4.454760222016773,0.010887503690527767,total,nba,,,,,,,,,,,,,,,,,,,,,,,0.5445476022201677,0.45545239777983226,1.836386747316329,2.195619135774985,1.836386747316329,2.195619135774985,0.5238094988662143,0.5238094988662143,0.5,0.5,0.039590926470102206,0.04454760222016774,0.04355001476211107,3.9590926470102206,4.454760222016773,-0.13049992647010222,-0.04454760222016774,0.0,-13.049992647010223,-4.454760222016773
Basketball,NBA,2025_12_26,NBA_2025_12_26_Memphis_Grizzlies_Milwaukee_Bucks,2026_04_17,09:10 PM,Memphis Grizzlies,Milwaukee Bucks,-5.0,5.0,226.0,-200,174,-110,-110,-110,-110,1.5,2.74,1.909091,1.909091,1.909091,1.909091,0.663,0.337,116.5,111.6,228.1,1,2025_NBA,,,,,,,,,,,,,,,,,,,,,,,,,over,226.0,-110.0,0.039590926470102206,0.04355001476211107,0.5445476022201677,4.454760222016773,0.010887503690527767,total,nba,,,,,,,,,,,,,,,,,,,,,,,0.5445476022201677,0.45545239777983226,1.836386747316329,2.195619135774985,1.836386747316329,2.195619135774985,0.5238094988662143,0.5238094988662143,0.5,0.5,0.039590926470102206,0.04454760222016774,0.04355001476211107,3.9590926470102206,4.454760222016773,-0.13049992647010222,-0.04454760222016774,0.0,-13.049992647010223,-4.454760222016773
Basketball,NBA,2025_12_26,NBA_2025_12_26_Orlando_Magic_Charlotte_Hornets,2026_04_17,08:10 PM,Orlando Magic,Charlotte Hornets,-8.0,8.0,234.5,-270,222,-110,-110,-110,-110,1.37037,3.22,1.909091,1.909091,1.909091,1.909091,0.685,0.315,118.0,112.7,230.7,1,2025_NBA,,,,,,,,,,,,,,,,,,,,,,,,,under,234.5,-110.0,0.10771113605814531,0.11848223781573593,0.580229615067142,8.0229615067142,0.029620559453933982,total,nba,,,,,,,,,,,,,,,,,,,,,,,0.419770384932858,0.580229615067142,2.3822547656856483,1.7234556355491848,2.3822547656856483,1.7234556355491848,0.5238094988662143,0.5238094988662143,0.5,0.5,-0.1986201360581451,-0.08022961506714199,0.0,-19.86201360581451,-8.0229615067142,0.10771113605814531,0.08022961506714199,0.11848223781573593,10.77111360581453,8.0229615067142
Basketball,NBA,2025_12_26,NBA_2025_12_26_Portland_Trail_Blazers_Los_Angeles_Clippers,2026_04_17,11:12 PM,Portland Trail Blazers,Los Angeles Clippers,1.5,-1.5,228.5,105,-125,-112,-108,-110,-110,2.05,1.8,1.892857,1.925926,1.909091,1.909091,0.49,0.51,112.9,113.8,226.7,1,2025_NBA,,,,,,,,,,,,,,,,,,,,,,,,,under,228.5,-110.0,0.027481891510435785,0.030230077638471537,0.5382047746861913,3.8204774686191323,0.007557519409617884,total,nba,,,,,,,,,,,,,,,,,,,,,,,0.4617952253138087,0.5382047746861913,2.165461973584632,1.8580288526482611,2.165461973584632,1.8580288526482611,0.5238094988662143,0.5238094988662143,0.5,0.5,-0.11839089151043558,-0.03820477468619132,0.0,-11.839089151043558,-3.8204774686191323,0.027481891510435785,0.03820477468619132,0.030230077638471537,2.7481891510435785,3.8204774686191323
Basketball,NBA,2025_12_26,NBA_2025_12_26_Utah_Jazz_Detroit_Pistons,2026_04_17,10:40 PM,Utah Jazz,Detroit Pistons,8.0,-8.0,244.0,337,-430,-110,-110,-115,-105,4.37,1.232558,1.909091,1.909091,1.869565,1.952381,0.229,0.771,116.5,125.1,241.6,1,2025_NBA,,,,,,,,,,,,,,,,,,,,,,,,,under,244.0,-105.0,0.07552587762172958,0.07930216753770769,0.5508790946140787,6.171336595124571,0.019825541884426923,total,nba,,,,,,,,,,,,,,,,,,,,,,,0.4491209053859213,0.5508790946140787,2.2265719275318934,1.8152803578443204,2.2265719275318934,1.8152803578443204,0.5348837831260214,0.5121951094586559,0.510834271337167,0.489165728662833,-0.16033927452217012,-0.06171336595124566,0.0,-16.03392745221701,-6.171336595124566,0.07552587762172958,0.06171336595124571,0.07930216753770769,7.552587762172958,6.171336595124571
Basketball,NBA,2025_12_26,NBA_2025_12_26_Washington_Wizards_Toronto_Raptors,2026_04_17,08:10 PM,Washington Wizards,Toronto Raptors,9.5,-9.5,233.5,299,-375,-110,-110,-105,-115,3.99,1.266667,1.909091,1.909091,1.952381,1.869565,0.351,0.649,111.7,116.9,228.6,1,2025_NBA,,,,,,,,,,,,,,,,,,,,,,,,,under,233.5,-115.0,0.12732885460330512,0.14642821940085576,0.6029899225773403,9.215565124017333,0.03660705485021394,total,nba,,,,,,,,,,,,,,,,,,,,,,,0.3970100774226597,0.6029899225773403,2.518827749894603,1.6584025081642035,2.518827749894603,1.6584025081642035,0.5121951094586559,0.5348837831260214,0.489165728662833,0.510834271337167,-0.22488506803147024,-0.09215565124017328,0.0,-22.488506803147025,-9.215565124017328,0.12732885460330512,0.09215565124017333,0.14642821940085576,12.732885460330511,9.215565124017333
Basketball,NBA,2025_12_27,NBA_2025_12_27_Atlanta_Hawks_New_York_Knicks,2026_04_17,09:10 PM,Atlanta Hawks,New York Knicks,5.5,-5.5,245.0,186,-220,-105,-115,-110,-110,2.86,1.454545,1.952381,1.869565,1.909091,1.909091,0.33,0.67,115.8,121.7,237.5,1,2025_NBA,,,,,,,,,,,,,,,,,,,,,,,,,under,245.0,-110.0,0.25100198906025173,0.27610216035606094,0.6552867249702878,15.528672497028783,0.05,total,nba,,,,,,,,,,,,,,,,,,,,,,,0.34471327502971216,0.6552867249702878,2.9009616757979693,1.5260495320507863,2.9009616757979693,1.5260495320507863,0.5238094988662143,0.5238094988662143,0.5,0.5,-0.34191098906025175,-0.15528672497028784,0.0,-34.191098906025175,-15.528672497028783,0.25100198906025173,0.15528672497028784,0.27610216035606094,25.100198906025174,15.528672497028783
Basketball,NBA,2025_12_27,NBA_2025_12_27_Chicago_Bulls_Milwaukee_Bucks,2026_04_17,09:10 PM,Chicago Bulls,Milwaukee Bucks,-5.0,5.0,236.5,-240,200,-110,-110,-110,-110,1.416667,3.0,1.909091,1.909091,1.909091,1.909091,0.554,0.446,118.2,116.5,234.7,1,2025_NBA,,,,,,,,,,,,,,,,,,,,,,,,,under,236.5,-110.0,0.027481891510435785,0.030230077638471537,0.5382047746861913,3.8204774686191323,0.007557519409617884,total,nba,,,,,,,,,,,,,,,,,,,,,,,0.4617952253138087,0.5382047746861913,2.165461973584632,1.8580288526482611,2.165461973584632,1.8580288526482611,0.5238094988662143,0.5238094988662143,0.5,0.5,-0.11839089151043558,-0.03820477468619132,0.0,-11.839089151043558,-3.8204774686191323,0.027481891510435785,0.03820477468619132,0.030230077638471537,2.7481891510435785,3.8204774686191323
Basketball,NBA,2025_12_27,NBA_2025_12_27_Houston_Rockets_Cleveland_Cavaliers,2026_04_17,09:10 PM,Houston Rockets,Cleveland Cavaliers,-5.0,5.0,240.0,-190,165,-105,-115,-105,-115,1.526316,2.65,1.952381,1.869565,1.952381,1.869565,0.632,0.368,119.3,115.5,234.8,1,2025_NBA,,,,,,,,,,,,,,,,,,,,,,,,,under,240.0,-115.0,0.13882745603824098,0.15965161435688074,0.6091403380135171,9.830606667635012,0.039912903589220186,total,nba,,,,,,,,,,,,,,,,,,,,,,,0.3908596619864829,0.6091403380135171,2.5584630425090604,1.6416578210222053,2.5584630425090604,1.6416578210222053,0.5121951094586559,0.5348837831260214,0.489165728662833,0.510834271337167,-0.23689302227116849,-0.09830606667635006,0.0,-23.689302227116848,-9.830606667635006,0.13882745603824098,0.09830606667635011,0.15965161435688074,13.882745603824098,9.830606667635012
Basketball,NBA,2025_12_27,NBA_2025_12_27_Miami_Heat_Indiana_Pacers,2026_04_17,09:10 PM,Miami Heat,Indiana Pacers,-8.5,8.5,232.0,-370,296,-115,-105,-110,-110,1.27027,3.96,1.869565,1.952381,1.909091,1.909091,0.712,0.288,118.0,112.0,230.0,1,2025_NBA,,,,,,,,,,,,,,,,,,,,,,,,,under,232.0,-110.0,0.035556835085732263,0.03911251468305408,0.5424345068337404,4.243450683374039,0.00977812867076352,total,nba,,,,,,,,,,,,,,,,,,,,,,,0.4575654931662596,0.5424345068337404,2.185479488586879,1.8435405332841523,2.185479488586879,1.8435405332841523,0.5238094988662143,0.5238094988662143,0.5,0.5,-0.12646583508573228,-0.04243450683374039,0.0,-12.646583508573228,-4.243450683374039,0.035556835085732263,0.04243450683374039,0.03911251468305408,3.5556835085732263,4.243450683374039
Basketball,NBA,2025_12_27,NBA_2025_12_27_Minnesota_Timberwolves_Brooklyn_Nets,2026_04_17,09:10 PM,Minnesota Timberwolves,Brooklyn Nets,-11.5,11.5,222.0,-400,316,-110,-110,-105,-115,1.25,4.16,1.909091,1.909091,1.952381,1.869565,0.808,0.192,115.8,106.8,222.6,1,2025_NBA,,,,,,,,,,,,,,,,,,,,,,,,,over,222.0,-105.0,0.0010878100559426063,0.0011422005016297116,0.5127522804493296,2.3586551786496655,0.0002855501254074279,total,nba,,,,,,,,,,,,,,,,,,,,,,,0.5127522804493296,0.4872477195506703,1.9502594881171287,2.0523441360016608,1.9502594881171287,2.0523441360016608,0.5121951094586559,0.5348837831260214,0.489165728662833,0.510834271337167,0.0010878100559426063,0.023586551786496657,0.0011422005016297116,0.10878100559426063,2.3586551786496655,-0.08905871719825109,-0.023586551786496657,0.0,-8.90587171982511,-2.3586551786496655
Basketball,NBA,2025_12_27,NBA_2025_12_27_New_Orleans_Pelicans_Phoenix_Suns,2026_04_17,08:10 PM,New Orleans Pelicans,Phoenix Suns,5.5,-5.5,238.5,186,-220,-105,-115,-110,-110,2.86,1.454545,1.952381,1.869565,1.909091,1.909091,0.369,0.631,115.6,120.2,235.8,1,2025_NBA,,,,,,,,,,,,,,,,,,,,,,,,,under,238.5,-110.0,0.06374103289533517,0.07011512917335576,0.5571976573643347,5.719765736433469,0.01752878229333894,total,nba,,,,,,,,,,,,,,,,,,,,,,,0.4428023426356653,0.5571976573643347,2.2583439691121803,1.794695269772339,2.2583439691121803,1.794695269772339,0.5238094988662143,0.5238094988662143,0.5,0.5,-0.15465003289533508,-0.057197657364334686,0.0,-15.465003289533508,-5.719765736433469,0.06374103289533517,0.057197657364334686,0.07011512917335576,6.374103289533517,5.719765736433469
Basketball,NBA,2025_12_27,NBA_2025_12_27_Orlando_Magic_Denver_Nuggets,2026_04_17,08:10 PM,Orlando Magic,Denver Nuggets,3.5,-3.5,238.5,170,-195,-110,-110,-105,-115,2.7,1.512821,1.909091,1.909091,1.952381,1.869565,0.341,0.659,114.6,120.1,234.7,1,2025_NBA,,,,,,,,,,,,,,,,,,,,,,,,,under,238.5,-115.0,0.08477698029300118,0.09749355171033942,0.580229615067142,6.939534372997502,0.024373387927584856,total,nba,,,,,,,,,,,,,,,,,,,,,,,0.419770384932858,0.580229615067142,2.3822547656856483,1.7234556355491848,2.3822547656856483,1.7234556355491848,0.5121951094586559,0.5348837831260214,0.489165728662833,0.510834271337167,-0.18044827609440173,-0.06939534372997497,0.0,-18.044827609440173,-6.939534372997497,0.08477698029300118,0.06939534372997502,0.09749355171033942,8.477698029300118,6.939534372997502
Basketball,NBA,2025_12_27,NBA_2025_12_27_Sacramento_Kings_Dallas_Mavericks,2026_04_17,06:10 PM,Sacramento Kings,Dallas Mavericks,3.0,-3.0,227.5,117,-137,-110,-110,-110,-110,2.17,1.729927,1.909091,1.909091,1.909091,1.909091,0.448,0.552,114.8,117.2,232.0,1,2025_NBA,,,,,,,,,,,,,,,,,,,,,,,,,over,227.5,-110.0,0.13543112767660404,0.14897422554684175,0.5947496099853825,9.47496099853825,0.03724355638671044,total,nba,,,,,,,,,,,,,,,,,,,,,,,0.5947496099853825,0.4052503900146175,1.6813798331445355,2.4676102099838317,1.6813798331445355,2.4676102099838317,0.5238094988662143,0.5238094988662143,0.5,0.5,0.13543112767660404,0.09474960998538251,0.14897422554684175,13.543112767660404,9.47496099853825,-0.22634012767660383,-0.09474960998538251,0.0,-22.634012767660384,-9.47496099853825
Basketball,NBA,2025_12_27,NBA_2025_12_27_San_Antonio_Spurs_Utah_Jazz,2026_04_17,09:10 PM,San Antonio Spurs,Utah Jazz,-16.5,16.5,246.5,-1350,817,-110,-110,-110,-110,1.074074,9.17,1.909091,1.909091,1.909091,1.909091,0.841,0.159,126.1,116.1,242.2,1,2025_NBA,,,,,,,,,,,,,,,,,,,,,,,,,under,246.5,-110.0,0.12753472630455698,0.14028818490619405,0.5906133999398441,9.061339993984408,0.03507204622654851,total,nba,,,,,,,,,,,,,,,,,,,,,,,0.4093866000601559,0.5906133999398441,2.4426788757938303,1.6931549472156462,2.4426788757938303,1.6931549472156462,0.5238094988662143,0.5238094988662143,0.5,0.5,-0.21844372630455677,-0.09061339993984407,0.0,-21.844372630455677,-9.061339993984408,0.12753472630455698,0.09061339993984407,0.14028818490619405,12.753472630455697,9.061339993984408
Basketball,NBA,2025_12_28,NBA_2025_12_28_Los_Angeles_Clippers_Detroit_Pistons,2026_04_17,10:10 PM,Los Angeles Clippers,Detroit Pistons,4.0,-4.0,227.0,125,-145,-110,-110,-110,-110,2.25,1.689655,1.909091,1.909091,1.909091,1.909091,0.394,0.606,110.6,114.5,225.1,1,2025_NBA,,,,,,,,,,,,,,,,,,,,,,,,,under,227.0,-110.0,0.0315204523111825,0.03467249407505134,0.5403202111953712,4.032021119537122,0.008668123518762835,total,nba,,,,,,,,,,,,,,,,,,,,,,,0.4596797888046288,0.5403202111953712,2.1754273830494992,1.8507543846780439,2.1754273830494992,1.8507543846780439,0.5238094988662143,0.5238094988662143,0.5,0.5,-0.12242945231118241,-0.040320211195371214,0.0,-12.242945231118242,-4.032021119537122,0.0315204523111825,0.040320211195371214,0.03467249407505134,3.15204523111825,4.032021119537122
Basketball,NBA,2025_12_28,NBA_2025_12_28_Los_Angeles_Lakers_Sacramento_Kings,2026_04_17,10:40 PM,Los Angeles Lakers,Sacramento Kings,-13.5,13.5,232.0,-650,476,-110,-110,-115,-105,1.153846,5.76,1.909091,1.909091,1.869565,1.952381,0.826,0.174,122.0,112.3,234.3,1,2025_NBA,,,,,,,,,,,,,,,,,,,,,,,,,over,232.0,-115.0,0.025961101343753734,0.029855274009135235,0.5487699552268863,3.793568388971935,0.007463818502283809,total,nba,,,,,,,,,,,,,,,,,,,,,,,0.5487699552268863,0.4512300447731136,1.8222571962536738,2.2161644854628806,1.8222571962536738,2.2161644854628806,0.5348837831260214,0.5121951094586559,0.510834271337167,0.489165728662833,0.025961101343753734,0.03793568388971935,0.029855274009135235,2.5961101343753734,3.793568388971935,-0.1190270339558237,-0.03793568388971935,0.0,-11.902703395582371,-3.793568388971935
Basketball,NBA,2025_12_28,NBA_2025_12_28_Portland_Trail_Blazers_Boston_Celtics,2026_04_17,07:10 PM,Portland Trail Blazers,Boston Celtics,6.0,-6.0,227.0,234,-285,-110,-110,-105,-115,3.34,1.350877,1.909091,1.909091,1.952381,1.869565,0.326,0.674,112.3,118.1,230.4,1,2025_NBA,,,,,,,,,,,,,,,,,,,,,,,,,over,227.0,-105.0,0.1165311760304848,0.1223577287141225,0.5718818079209359,8.271607925810292,0.030589432178530624,total,nba,,,,,,,,,,,,,,,,,,,,,,,0.5718818079209359,0.4281181920790641,1.7486130633101946,2.3358035666359207,1.7486130633101946,2.3358035666359207,0.5121951094586559,0.5348837831260214,0.489165728662833,0.510834271337167,0.1165311760304848,0.08271607925810293,0.1223577287141225,11.653117603048479,8.271607925810292,-0.1996052122257046,-0.08271607925810287,0.0,-19.96052122257046,-8.271607925810287
Basketball,NBA,2025_12_28,NBA_2025_12_28_Washington_Wizards_Memphis_Grizzlies,2026_04_17,07:10 PM,Washington Wizards,Memphis Grizzlies,7.5,-7.5,237.5,226,-275,-110,-110,-110,-110,3.26,1.363636,1.909091,1.909091,1.909091,1.909091,0.329,0.671,116.9,122.7,239.6,1,2025_NBA,,,,,,,,,,,,,,,,,,,,,,,,,over,237.5,-110.0,0.039590926470102206,0.04355001476211107,0.5445476022201677,4.454760222016773,0.010887503690527767,total,nba,,,,,,,,,,,,,,,,,,,,,,,0.5445476022201677,0.45545239777983226,1.836386747316329,2.195619135774985,1.836386747316329,2.195619135774985,0.5238094988662143,0.5238094988662143,0.5,0.5,0.039590926470102206,0.04454760222016774,0.04355001476211107,3.9590926470102206,4.454760222016773,-0.13049992647010222,-0.04454760222016774,0.0,-13.049992647010223,-4.454760222016773
Basketball,NBA,2025_12_29,NBA_2025_12_29_Brooklyn_Nets_Golden_State_Warriors,2026_04_17,08:40 PM,Brooklyn Nets,Golden State Warriors,7.0,-7.0,225.5,140,-160,-110,-110,-110,-110,2.4,1.625,1.909091,1.909091,1.909091,1.909091,0.38,0.62,107.7,111.9,219.6,1,2025_NBA,,,,,,,,,,,,,,,,,,,,,,,,,under,225.5,-110.0,0.1900951107715092,0.20910460093820002,0.6233831235763561,12.338312357635605,0.05,total,nba,,,,,,,,,,,,,,,,,,,,,,,0.37661687642364394,0.6233831235763561,2.655218240605694,1.6041499395475909,2.655218240605694,1.6041499395475909,0.5238094988662143,0.5238094988662143,0.5,0.5,-0.2810041107715091,-0.12338312357635606,0.0,-28.10041107715091,-12.338312357635605,0.1900951107715092,0.12338312357635606,0.20910460093820002,19.00951107715092,12.338312357635605
Basketball,NBA,2025_12_29,NBA_2025_12_29_Chicago_Bulls_Minnesota_Timberwolves,2026_04_17,09:10 PM,Chicago Bulls,Minnesota Timberwolves,4.0,-4.0,241.5,180,-210,-110,-110,-110,-110,2.8,1.47619,1.909091,1.909091,1.909091,1.909091,0.376,0.624,117.1,121.5,238.6,1,2025_NBA,,,,,,,,,,,,,,,,,,,,,,,,,under,241.5,-110.0,0.07176763236904926,0.07894438771151553,0.5614020664122608,6.140206641226076,0.019736096927878883,total,nba,,,,,,,,,,,,,,,,,,,,,,,0.43859793358773924,0.5614020664122608,2.279992502062154,1.7812545764048875,2.279992502062154,1.7812545764048875,0.5238094988662143,0.5238094988662143,0.5,0.5,-0.16267663236904928,-0.06140206641226076,0.0,-16.267663236904927,-6.140206641226076,0.07176763236904926,0.06140206641226076,0.07894438771151553,7.176763236904926,6.140206641226076
Basketball,NBA,2025_12_29,NBA_2025_12_29_Miami_Heat_Denver_Nuggets,2026_04_17,08:40 PM,Miami Heat,Denver Nuggets,3.0,-3.0,245.0,120,-140,-105,-115,-110,-110,2.2,1.714286,1.952381,1.869565,1.909091,1.909091,0.404,0.596,119.9,123.7,243.6,1,2025_NBA,,,,,,,,,,,,,,,,,,,,,,,,,under,245.0,-110.0,0.011308141594687182,0.012438954510260386,0.5297328108480356,2.9732810848035585,0.0031097386275650966,total,nba,,,,,,,,,,,,,,,,,,,,,,,0.4702671891519644,0.5297328108480356,2.126450713695986,1.8877441221719413,2.126450713695986,1.8877441221719413,0.5238094988662143,0.5238094988662143,0.5,0.5,-0.10221714159468709,-0.029732810848035585,0.0,-10.221714159468709,-2.9732810848035585,0.011308141594687182,0.029732810848035585,0.012438954510260386,1.1308141594687182,2.9732810848035585
Basketball,NBA,2025_12_29,NBA_2025_12_29_New_Orleans_Pelicans_New_York_Knicks,2026_04_17,09:10 PM,New Orleans Pelicans,New York Knicks,8.0,-8.0,242.5,280,-350,-105,-115,-110,-110,3.8,1.285714,1.952381,1.869565,1.909091,1.909091,0.259,0.741,116.3,124.3,240.6,1,2025_NBA,,,,,,,,,,,,,,,,,,,,,,,,,under,242.5,-110.0,0.0315204523111825,0.03467249407505134,0.5403202111953712,4.032021119537122,0.008668123518762835,total,nba,,,,,,,,,,,,,,,,,,,,,,,0.4596797888046288,0.5403202111953712,2.1754273830494992,1.8507543846780439,2.1754273830494992,1.8507543846780439,0.5238094988662143,0.5238094988662143,0.5,0.5,-0.12242945231118241,-0.040320211195371214,0.0,-12.242945231118242,-4.032021119537122,0.0315204523111825,0.040320211195371214,0.03467249407505134,3.15204523111825,4.032021119537122
Basketball,NBA,2025_12_29,NBA_2025_12_29_Oklahoma_City_Thunder_Atlanta_Hawks,2026_04_17,09:10 PM,Oklahoma City Thunder,Atlanta Hawks,-14.0,14.0,236.0,-1200,754,-110,-110,-110,-110,1.083333,8.54,1.909091,1.909091,1.909091,1.909091,0.864,0.136,121.4,110.6,232.0,1,2025_NBA,,,,,,,,,,,,,,,,,,,,,,,,,under,236.0,-110.0,0.11565419521982712,0.1272196020198496,0.5843902649060873,8.439026490608725,0.0318049005049624,total,nba,,,,,,,,,,,,,,,,,,,,,,,0.41560973509391275,0.5843902649060873,2.406103407982097,1.7111852473461413,2.406103407982097,1.7111852473461413,0.5238094988662143,0.5238094988662143,0.5,0.5,-0.20656319521982702,-0.08439026490608725,0.0,-20.656319521982702,-8.439026490608725,0.11565419521982712,0.08439026490608725,0.1272196020198496,11.565419521982712,8.439026490608725
Basketball,NBA,2025_12_29,NBA_2025_12_29_Portland_Trail_Blazers_Dallas_Mavericks,2026_04_17,11:40 PM,Portland Trail Blazers,Dallas Mavericks,1.0,-1.0,235.0,-120,100,-110,-110,-110,-110,1.833333,2.0,1.909091,1.909091,1.909091,1.909091,0.557,0.443,117.8,115.9,233.7,1,2025_NBA,,,,,,,,,,,,,,,,,,,,,,,,,under,235.0,-110.0,0.007260397257830009,0.00798643618496939,0.5276125639154079,2.7612563915407895,0.0019966090462423475,total,nba,,,,,,,,,,,,,,,,,,,,,,,0.4723874360845921,0.5276125639154079,2.116906428097564,1.895330150174987,2.116906428097564,1.895330150174987,0.5238094988662143,0.5238094988662143,0.5,0.5,-0.09816939725782992,-0.027612563915407895,0.0,-9.81693972578299,-2.7612563915407895,0.007260397257830009,0.027612563915407895,0.00798643618496939,0.7260397257830009,2.7612563915407895
Basketball,NBA,2025_12_29,NBA_2025_12_29_San_Antonio_Spurs_Cleveland_Cavaliers,2026_04_17,09:10 PM,San Antonio Spurs,Cleveland Cavaliers,-4.5,4.5,242.5,-180,157,-110,-110,-110,-110,1.555556,2.57,1.909091,1.909091,1.909091,1.909091,0.646,0.354,122.3,118.1,240.4,1,2025_NBA,,,,,,,,,,,,,,,,,,,,,,,,,under,242.5,-110.0,0.039590926470102206,0.04355001476211107,0.5445476022201677,4.454760222016773,0.010887503690527767,total,nba,,,,,,,,,,,,,,,,,,,,,,,0.45545239777983226,0.5445476022201677,2.195619135774985,1.836386747316329,2.195619135774985,1.836386747316329,0.5238094988662143,0.5238094988662143,0.5,0.5,-0.13049992647010222,-0.04454760222016774,0.0,-13.049992647010223,-4.454760222016773,0.039590926470102206,0.04454760222016774,0.04355001476211107,3.9590926470102206,4.454760222016773
Basketball,NBA,2025_12_29,NBA_2025_12_29_Toronto_Raptors_Orlando_Magic,2026_04_17,08:40 PM,Toronto Raptors,Orlando Magic,2.0,-2.0,224.0,100,-120,-110,-110,-110,-110,2.0,1.833333,1.909091,1.909091,1.909091,1.909091,0.473,0.527,110.2,111.8,222.0,1,2025_NBA,,,,,,,,,,,,,,,,,,,,,,,,,under,224.0,-110.0,0.035556835085732263,0.03911251468305408,0.5424345068337404,4.243450683374039,0.00977812867076352,total,nba,,,,,,,,,,,,,,,,,,,,,,,0.4575654931662596,0.5424345068337404,2.185479488586879,1.8435405332841523,2.185479488586879,1.8435405332841523,0.5238094988662143,0.5238094988662143,0.5,0.5,-0.12646583508573228,-0.04243450683374039,0.0,-12.646583508573228,-4.243450683374039,0.035556835085732263,0.04243450683374039,0.03911251468305408,3.5556835085732263,4.243450683374039
Basketball,NBA,2025_12_29,NBA_2025_12_29_Washington_Wizards_Phoenix_Suns,2026_04_17,08:10 PM,Washington Wizards,Phoenix Suns,11.0,-11.0,240.0,383,-500,-110,-110,-110,-110,4.83,1.2,1.909091,1.909091,1.909091,1.909091,0.215,0.785,111.3,120.3,231.6,1,2025_NBA,,,,,,,,,,,,,,,,,,,,,,,,,under,240.0,-110.0,0.28438913049172876,0.3128280122581005,0.6727752267920852,17.277522679208523,0.05,total,nba,,,,,,,,,,,,,,,,,,,,,,,0.32722477320791477,0.6727752267920852,3.056003340445779,1.4863805327199429,3.056003340445779,1.4863805327199429,0.5238094988662143,0.5238094988662143,0.5,0.5,-0.3752981304917288,-0.17277522679208523,0.0,-37.52981304917288,-17.277522679208523,0.28438913049172876,0.17277522679208523,0.3128280122581005,28.438913049172875,17.277522679208523
Basketball,NBA,2025_12_30,NBA_2025_12_30_Memphis_Grizzlies_Philadelphia_76ers,2026_04_17,09:10 PM,Memphis Grizzlies,Philadelphia 76ers,-1.0,1.0,233.0,-115,-105,-110,-110,-110,-110,1.869565,1.952381,1.909091,1.909091,1.909091,1.909091,0.53,0.47,116.0,115.2,231.2,1,2025_NBA,,,,,,,,,,,,,,,,,,,,,,,,,under,233.0,-110.0,0.027481891510435785,0.030230077638471537,0.5382047746861913,3.8204774686191323,0.007557519409617884,total,nba,,,,,,,,,,,,,,,,,,,,,,,0.4617952253138087,0.5382047746861913,2.165461973584632,1.8580288526482611,2.165461973584632,1.8580288526482611,0.5238094988662143,0.5238094988662143,0.5,0.5,-0.11839089151043558,-0.03820477468619132,0.0,-11.839089151043558,-3.8204774686191323,0.027481891510435785,0.03820477468619132,0.030230077638471537,2.7481891510435785,3.8204774686191323
Basketball,NBA,2025_12_30,NBA_2025_12_30_Utah_Jazz_Boston_Celtics,2026_04_17,10:10 PM,Utah Jazz,Boston Celtics,8.0,-8.0,240.5,252,-310,-110,-110,-110,-110,3.52,1.322581,1.909091,1.909091,1.909091,1.909091,0.347,0.653,116.8,122.2,239.0,1,2025_NBA,,,,,,,,,,,,,,,,,,,,,,,,,under,240.5,-110.0,0.015354277306573128,0.016889703348260104,0.5318522151676233,3.1852215167623266,0.004222425837065026,total,nba,,,,,,,,,,,,,,,,,,,,,,,0.46814778483237673,0.5318522151676233,2.1360776071130108,1.8802215568188074,2.1360776071130108,1.8802215568188074,0.5238094988662143,0.5238094988662143,0.5,0.5,-0.10626327730657303,-0.031852215167623266,0.0,-10.626327730657303,-3.1852215167623266,0.015354277306573128,0.031852215167623266,0.016889703348260104,1.5354277306573128,3.1852215167623266
Basketball,NBA,2025_12_31,NBA_2025_12_31_Atlanta_Hawks_Minnesota_Timberwolves,2026_04_17,04:10 PM,Atlanta Hawks,Minnesota Timberwolves,3.5,-3.5,243.0,157,-180,-110,-110,-110,-110,2.57,1.555556,1.909091,1.909091,1.909091,1.909091,0.35,0.65,117.9,123.0,240.9,1,2025_NBA,,,,,,,,,,,,,,,,,,,,,,,,,under,243.0,-110.0,0.039590926470102206,0.04355001476211107,0.5445476022201677,4.454760222016773,0.010887503690527767,total,nba,,,,,,,,,,,,,,,,,,,,,,,0.45545239777983226,0.5445476022201677,2.195619135774985,1.836386747316329,2.195619135774985,1.836386747316329,0.5238094988662143,0.5238094988662143,0.5,0.5,-0.13049992647010222,-0.04454760222016774,0.0,-13.049992647010223,-4.454760222016773,0.039590926470102206,0.04454760222016774,0.04355001476211107,3.9590926470102206,4.454760222016773
Basketball,NBA,2025_12_31,NBA_2025_12_31_Chicago_Bulls_New_Orleans_Pelicans,2026_04_17,08:10 PM,Chicago Bulls,New Orleans Pelicans,1.5,-1.5,244.5,105,-125,-110,-110,-110,-110,2.05,1.8,1.909091,1.909091,1.909091,1.909091,0.518,0.482,123.1,122.6,245.7,1,2025_NBA,,,,,,,,,,,,,,,,,,,,,,,,,over,244.5,-110.0,0.0032111586251384328,0.003532274134424923,0.525491534256428,2.549153425642803,0.0008830685336062308,total,nba,,,,,,,,,,,,,,,,,,,,,,,0.525491534256428,0.47450846574357197,1.9029802286253816,2.1074439597889234,1.9029802286253816,2.1074439597889234,0.5238094988662143,0.5238094988662143,0.5,0.5,0.0032111586251384328,0.025491534256428028,0.003532274134424923,0.3211158625138433,2.549153425642803,-0.09412015862513845,-0.025491534256428028,0.0,-9.412015862513845,-2.549153425642803
Basketball,NBA,2025_12_31,NBA_2025_12_31_Cleveland_Cavaliers_Phoenix_Suns,2026_04_17,04:40 PM,Cleveland Cavaliers,Phoenix Suns,-5.5,5.5,236.5,-245,203,-110,-110,-105,-115,1.408163,3.03,1.909091,1.909091,1.952381,1.869565,0.679,0.321,119.2,114.0,233.2,1,2025_NBA,,,,,,,,,,,,,,,,,,,,,,,,,under,236.5,-115.0,0.06525881764965868,0.07504765905902226,0.5697896663928019,5.895539505563496,0.018761914764755565,total,nba,,,,,,,,,,,,,,,,,,,,,,,0.43021033360719807,0.5697896663928019,2.3244443981976644,1.755033583411145,2.3244443981976644,1.755033583411145,0.5121951094586559,0.5348837831260214,0.489165728662833,0.510834271337167,-0.1600655186616451,-0.05895539505563491,0.0,-16.006551866164507,-5.895539505563491,0.06525881764965868,0.05895539505563496,0.07504765905902226,6.5258817649658685,5.895539505563496
Basketball,NBA,2025_12_31,NBA_2025_12_31_Indiana_Pacers_Orlando_Magic,2026_04_17,04:10 PM,Indiana Pacers,Orlando Magic,3.5,-3.5,225.5,140,-160,-110,-110,-110,-110,2.4,1.625,1.909091,1.909091,1.909091,1.909091,0.377,0.623,111.8,116.1,227.9,1,2025_NBA,,,,,,,,,,,,,,,,,,,,,,,,,over,225.5,-110.0,0.05167832161588626,0.05684614809285995,0.5508790946140787,5.087909461407869,0.014211537023214987,total,nba,,,,,,,,,,,,,,,,,,,,,,,0.5508790946140787,0.44912090538592125,1.8152803578443204,2.226571927531894,1.8152803578443204,2.226571927531894,0.5238094988662143,0.5238094988662143,0.5,0.5,0.05167832161588626,0.05087909461407869,0.05684614809285995,5.167832161588626,5.087909461407869,-0.14258732161588616,-0.050879094614078746,0.0,-14.258732161588616,-5.087909461407874
Basketball,NBA,2025_12_31,NBA_2025_12_31_San_Antonio_Spurs_New_York_Knicks,2026_04_17,08:10 PM,San Antonio Spurs,New York Knicks,-2.5,2.5,239.0,-116,-104,-110,-110,-110,-110,1.862069,1.961538,1.909091,1.909091,1.909091,1.909091,0.531,0.469,118.7,117.7,236.4,1,2025_NBA,,,,,,,,,,,,,,,,,,,,,,,,,under,239.0,-110.0,0.059723058942541485,0.06569535826725968,0.5550930044416643,5.509300444166431,0.01642383956681492,total,nba,,,,,,,,,,,,,,,,,,,,,,,0.4449069955583357,0.5550930044416643,2.2476607695166733,1.8014999144257666,2.2476607695166733,1.8014999144257666,0.5238094988662143,0.5238094988662143,0.5,0.5,-0.15063205894254128,-0.05509300444166432,0.0,-15.063205894254128,-5.509300444166431,0.059723058942541485,0.05509300444166432,0.06569535826725968,5.9723058942541485,5.509300444166431
Basketball,NBA,2025_12_31,NBA_2025_12_31_Toronto_Raptors_Denver_Nuggets,2026_04_17,08:40 PM,Toronto Raptors,Denver Nuggets,-6.5,6.5,226.0,-275,226,-115,-105,-105,-115,1.363636,3.26,1.869565,1.952381,1.952381,1.869565,0.669,0.331,117.2,112.2,229.4,1,2025_NBA,,,,,,,,,,,,,,,,,,,,,,,,,over,226.0,-105.0,0.1165311760304848,0.1223577287141225,0.5718818079209359,8.271607925810292,0.030589432178530624,total,nba,,,,,,,,,,,,,,,,,,,,,,,0.5718818079209359,0.4281181920790641,1.7486130633101946,2.3358035666359207,1.7486130633101946,2.3358035666359207,0.5121951094586559,0.5348837831260214,0.489165728662833,0.510834271337167,0.1165311760304848,0.08271607925810293,0.1223577287141225,11.653117603048479,8.271607925810292,-0.1996052122257046,-0.08271607925810287,0.0,-19.96052122257046,-8.271607925810287
Basketball,NBA,2026_01_01,NBA_2026_01_01_Dallas_Mavericks_Philadelphia_76ers,2026_04_17,09:40 PM,Dallas Mavericks,Philadelphia 76ers,-1.0,1.0,232.0,-115,-105,-105,-115,-110,-110,1.869565,1.952381,1.952381,1.869565,1.909091,1.909091,0.44,0.56,112.7,115.5,228.2,1,2025_NBA,,,,,,,,,,,,,,,,,,,,,,,,,under,232.0,-110.0,0.10771113605814531,0.11848223781573593,0.580229615067142,8.0229615067142,0.029620559453933982,total,nba,,,,,,,,,,,,,,,,,,,,,,,0.419770384932858,0.580229615067142,2.3822547656856483,1.7234556355491848,2.3822547656856483,1.7234556355491848,0.5238094988662143,0.5238094988662143,0.5,0.5,-0.1986201360581451,-0.08022961506714199,0.0,-19.86201360581451,-8.0229615067142,0.10771113605814531,0.08022961506714199,0.11848223781573593,10.77111360581453,8.0229615067142
Basketball,NBA,2026_01_01,NBA_2026_01_01_Detroit_Pistons_Miami_Heat,2026_04_17,08:10 PM,Detroit Pistons,Miami Heat,-6.0,6.0,239.5,-190,165,-110,-110,-110,-110,1.526316,2.65,1.909091,1.909091,1.909091,1.909091,0.621,0.379,119.5,115.9,235.4,1,2025_NBA,,,,,,,,,,,,,,,,,,,,,,,,,under,239.5,-110.0,0.11961902059455998,0.13158090949592502,0.5864670780987181,8.646707809871812,0.032895227373981255,total,nba,,,,,,,,,,,,,,,,,,,,,,,0.4135329219012819,0.5864670780987181,2.418187155214498,1.7051255515346646,2.418187155214498,1.7051255515346646,0.5238094988662143,0.5238094988662143,0.5,0.5,-0.21052802059455988,-0.08646707809871812,0.0,-21.05280205945599,-8.646707809871812,0.11961902059455998,0.08646707809871812,0.13158090949592502,11.961902059455998,8.646707809871812
Basketball,NBA,2026_01_01,NBA_2026_01_01_Los_Angeles_Clippers_Utah_Jazz,2026_04_17,11:40 PM,Los Angeles Clippers,Utah Jazz,-11.0,11.0,238.5,-550,415,-110,-110,-110,-110,1.181818,5.15,1.909091,1.909091,1.909091,1.909091,0.789,0.211,121.5,113.1,234.6,1,2025_NBA,,,,,,,,,,,,,,,,,,,,,,,,,under,238.5,-110.0,0.1116848644726458,0.12285333863457663,0.582311091756572,8.231109175657203,0.03071333465864416,total,nba,,,,,,,,,,,,,,,,,,,,,,,0.41768890824342797,0.582311091756572,2.3941262989373007,1.7172951265335636,2.3941262989373007,1.7172951265335636,0.5238094988662143,0.5238094988662143,0.5,0.5,-0.20259386447264582,-0.08231109175657203,0.0,-20.259386447264582,-8.231109175657203,0.1116848644726458,0.08231109175657203,0.12285333863457663,11.16848644726458,8.231109175657203
Basketball,NBA,2026_01_02,NBA_2026_01_02_Chicago_Bulls_Orlando_Magic,2026_04_17,09:10 PM,Chicago Bulls,Orlando Magic,4.5,-4.5,241.0,161,-185,-110,-110,-110,-110,2.61,1.540541,1.909091,1.909091,1.909091,1.909091,0.388,0.612,116.1,120.3,236.4,1,2025_NBA,,,,,,,,,,,,,,,,,,,,,,,,,under,241.0,-110.0,0.1393718241433941,0.1533089912268344,0.5968137842268357,9.681378422683572,0.0383272478067086,total,nba,,,,,,,,,,,,,,,,,,,,,,,0.40318621577316427,0.5968137842268357,2.4802435224189505,1.6755645168207478,2.4802435224189505,1.6755645168207478,0.5238094988662143,0.5238094988662143,0.5,0.5,-0.23028082414339401,-0.09681378422683573,0.0,-23.0280824143394,-9.681378422683572,0.1393718241433941,0.09681378422683573,0.1533089912268344,13.93718241433941,9.681378422683572
Basketball,NBA,2026_01_02,NBA_2026_01_02_Cleveland_Cavaliers_Denver_Nuggets,2026_04_17,08:40 PM,Cleveland Cavaliers,Denver Nuggets,-10.0,10.0,233.5,-750,534,-110,-110,-110,-110,1.133333,6.34,1.909091,1.909091,1.909091,1.909091,0.804,0.196,124.2,115.4,239.6,1,2025_NBA,,,,,,,,,,,,,,,,,,,,,,,,,over,233.5,-110.0,0.19780716769234097,0.21758786270278865,0.6274227722472846,12.74227722472846,0.05,total,nba,,,,,,,,,,,,,,,,,,,,,,,0.6274227722472846,0.3725772277527154,1.5938216530111413,2.6840073024101025,1.5938216530111413,2.6840073024101025,0.5238094988662143,0.5238094988662143,0.5,0.5,0.19780716769234097,0.1274227722472846,0.21758786270278865,19.780716769234097,12.74227722472846,-0.28871616769234076,-0.1274227722472846,0.0,-28.871616769234077,-12.74227722472846
Basketball,NBA,2026_01_02,NBA_2026_01_02_Golden_State_Warriors_Oklahoma_City_Thunder,2026_04_17,11:10 PM,Golden State Warriors,Oklahoma City Thunder,6.5,-6.5,230.5,303,-380,-110,-110,-110,-110,4.03,1.263158,1.909091,1.909091,1.909091,1.909091,0.191,0.809,108.3,118.0,226.3,1,2025_NBA,,,,,,,,,,,,,,,,,,,,,,,,,under,230.5,-110.0,0.1235792332696537,0.13593714300290474,0.5885414751154626,8.854147511546262,0.033984285750726186,total,nba,,,,,,,,,,,,,,,,,,,,,,,0.4114585248845374,0.5885414751154626,2.4303786153917164,1.6991155972547485,2.4303786153917164,1.6991155972547485,0.5238094988662143,0.5238094988662143,0.5,0.5,-0.2144882332696536,-0.08854147511546262,0.0,-21.44882332696536,-8.854147511546262,0.1235792332696537,0.08854147511546262,0.13593714300290474,12.35792332696537,8.854147511546262
Basketball,NBA,2026_01_02,NBA_2026_01_02_Indiana_Pacers_San_Antonio_Spurs,2026_04_17,08:10 PM,Indiana Pacers,San Antonio Spurs,5.5,-5.5,239.0,180,-210,-110,-110,-110,-110,2.8,1.47619,1.909091,1.909091,1.909091,1.909091,0.31,0.69,115.0,121.0,236.0,1,2025_NBA,,,,,,,,,,,,,,,,,,,,,,,,,under,239.0,-110.0,0.07577603507253672,0.08335363024442735,0.5635017058236285,6.350170582362846,0.020838407561106838,total,nba,,,,,,,,,,,,,,,,,,,,,,,0.43649829417637154,0.5635017058236285,2.2909596975330673,1.7746175205244046,2.2909596975330673,1.7746175205244046,0.5238094988662143,0.5238094988662143,0.5,0.5,-0.16668503507253662,-0.06350170582362846,0.0,-16.66850350725366,-6.350170582362846,0.07577603507253672,0.06350170582362846,0.08335363024442735,7.577603507253672,6.350170582362846
Basketball,NBA,2026_01_02,NBA_2026_01_02_Los_Angeles_Lakers_Memphis_Grizzlies,2026_04_17,11:40 PM,Los Angeles Lakers,Memphis Grizzlies,-4.5,4.5,239.0,-175,153,-110,-110,-110,-110,1.571429,2.53,1.909091,1.909091,1.909091,1.909091,0.588,0.412,120.1,117.5,237.6,1,2025_NBA,,,,,,,,,,,,,,,,,,,,,,,,,under,239.0,-110.0,0.011308141594687182,0.012438954510260386,0.5297328108480356,2.9732810848035585,0.0031097386275650966,total,nba,,,,,,,,,,,,,,,,,,,,,,,0.4702671891519644,0.5297328108480356,2.126450713695986,1.8877441221719413,2.126450713695986,1.8877441221719413,0.5238094988662143,0.5238094988662143,0.5,0.5,-0.10221714159468709,-0.029732810848035585,0.0,-10.221714159468709,-2.9732810848035585,0.011308141594687182,0.029732810848035585,0.012438954510260386,1.1308141594687182,2.9732810848035585
Basketball,NBA,2026_01_02,NBA_2026_01_02_Milwaukee_Bucks_Charlotte_Hornets,2026_04_17,09:10 PM,Milwaukee Bucks,Charlotte Hornets,-6.5,6.5,231.5,-240,200,-110,-110,-110,-110,1.416667,3.0,1.909091,1.909091,1.909091,1.909091,0.64,0.36,116.1,112.1,228.2,1,2025_NBA,,,,,,,,,,,,,,,,,,,,,,,,,under,231.5,-110.0,0.08778032400350066,0.09655834674801604,0.5697896663928019,6.978966639280193,0.02413958668700401,total,nba,,,,,,,,,,,,,,,,,,,,,,,0.43021033360719807,0.5697896663928019,2.3244443981976644,1.755033583411145,2.3244443981976644,1.755033583411145,0.5238094988662143,0.5238094988662143,0.5,0.5,-0.17868932400350057,-0.06978966639280193,0.0,-17.868932400350058,-6.978966639280193,0.08778032400350066,0.06978966639280193,0.09655834674801604,8.778032400350067,6.978966639280193
Basketball,NBA,2026_01_02,NBA_2026_01_02_New_Orleans_Pelicans_Portland_Trail_Blazers,2026_04_17,09:10 PM,New Orleans Pelicans,Portland Trail Blazers,1.5,-1.5,245.0,-105,-115,-110,-110,-110,-110,1.952381,1.869565,1.909091,1.909091,1.909091,1.909091,0.421,0.579,119.1,122.3,241.4,1,2025_NBA,,,,,,,,,,,,,,,,,,,,,,,,,under,245.0,-110.0,0.09975091888479937,0.1097259998006792,0.5760599776987054,7.605997769870543,0.0274314999501698,total,nba,,,,,,,,,,,,,,,,,,,,,,,0.4239400223012946,0.5760599776987054,2.3588242378524455,1.7359303522436798,2.3588242378524455,1.7359303522436798,0.5238094988662143,0.5238094988662143,0.5,0.5,-0.19065991888479916,-0.07605997769870543,0.0,-19.065991888479918,-7.605997769870543,0.09975091888479937,0.07605997769870543,0.1097259998006792,9.975091888479938,7.605997769870543
Basketball,NBA,2026_01_02,NBA_2026_01_02_New_York_Knicks_Atlanta_Hawks,2026_04_17,08:40 PM,New York Knicks,Atlanta Hawks,-7.5,7.5,245.0,-300,245,-110,-110,-110,-110,1.333333,3.45,1.909091,1.909091,1.909091,1.909091,0.678,0.322,123.7,118.5,242.2,1,2025_NBA,,,,,,,,,,,,,,,,,,,,,,,,,under,245.0,-110.0,0.06775592788536677,0.07453151322075224,0.5593006974970637,5.930069749706368,0.01863287830518806,total,nba,,,,,,,,,,,,,,,,,,,,,,,0.4406993025029363,0.5593006974970637,2.2691209047088,1.787946992512467,2.2691209047088,1.787946992512467,0.5238094988662143,0.5238094988662143,0.5,0.5,-0.1586649278853668,-0.05930069749706368,0.0,-15.866492788536679,-5.930069749706368,0.06775592788536677,0.05930069749706368,0.07453151322075224,6.775592788536677,5.930069749706368
Basketball,NBA,2026_01_03,NBA_2026_01_03_Chicago_Bulls_Charlotte_Hornets,2026_04_17,09:10 PM,Chicago Bulls,Charlotte Hornets,-1.5,1.5,235.5,-133,113,-110,-110,-110,-110,1.75188,2.13,1.909091,1.909091,1.909091,1.909091,0.53,0.47,120.4,119.5,239.9,1,2025_NBA,,,,,,,,,,,,,,,,,,,,,,,,,over,235.5,-110.0,0.13148539315400187,0.14463391800601025,0.5926827967624392,9.268279676243917,0.03615847950150256,total,nba,,,,,,,,,,,,,,,,,,,,,,,0.5926827967624392,0.4073172032375608,1.6872431686267129,2.455089036386138,1.6872431686267129,2.455089036386138,0.5238094988662143,0.5238094988662143,0.5,0.5,0.13148539315400187,0.09268279676243918,0.14463391800601025,13.148539315400187,9.268279676243917,-0.22239439315400178,-0.09268279676243918,0.0,-22.239439315400176,-9.268279676243917
Basketball,NBA,2026_01_03,NBA_2026_01_03_Miami_Heat_Minnesota_Timberwolves,2026_04_17,06:10 PM,Miami Heat,Minnesota Timberwolves,1.0,-1.0,240.5,116,-136,-105,-115,-110,-110,2.16,1.735294,1.952381,1.869565,1.909091,1.909091,0.448,0.552,117.2,119.8,237.0,1,2025_NBA,,,,,,,,,,,,,,,,,,,,,,,,,under,240.5,-110.0,0.0957646473468452,0.10534110154741944,0.573971930802065,7.397193080206499,0.02633527538685486,total,nba,,,,,,,,,,,,,,,,,,,,,,,0.426028069197935,0.573971930802065,2.3472631788855076,1.7422454763643336,2.3472631788855076,1.7422454763643336,0.5238094988662143,0.5238094988662143,0.5,0.5,-0.186673647346845,-0.07397193080206499,0.0,-18.6673647346845,-7.397193080206499,0.0957646473468452,0.07397193080206499,0.10534110154741944,9.57646473468452,7.397193080206499
Basketball,NBA,2026_01_03,NBA_2026_01_03_San_Antonio_Spurs_Portland_Trail_Blazers,2026_04_17,09:10 PM,San Antonio Spurs,Portland Trail Blazers,-8.5,8.5,241.5,-350,280,-110,-110,-110,-110,1.285714,3.8,1.909091,1.909091,1.909091,1.909091,0.701,0.299,121.0,115.4,236.4,1,2025_NBA,,,,,,,,,,,,,,,,,,,,,,,,,under,241.5,-110.0,0.15899606505879338,0.17489565407510718,0.6070931480263608,10.709314802636083,0.043723913518776795,total,nba,,,,,,,,,,,,,,,,,,,,,,,0.39290685197363917,0.6070931480263608,2.5451325039938264,1.6471936855999214,2.5451325039938264,1.6471936855999214,0.5238094988662143,0.5238094988662143,0.5,0.5,-0.24990506505879317,-0.10709314802636083,0.0,-24.990506505879317,-10.709314802636083,0.15899606505879338,0.10709314802636083,0.17489565407510718,15.899606505879337,10.709314802636083
Basketball,NBA,2026_01_04,NBA_2026_01_04_Brooklyn_Nets_Denver_Nuggets,2026_04_17,04:40 PM,Brooklyn Nets,Denver Nuggets,3.0,-3.0,219.5,130,-150,-110,-110,-110,-110,2.3,1.666667,1.909091,1.909091,1.909091,1.909091,0.433,0.567,111.5,114.5,226.0,1,2025_NBA,,,,,,,,,,,,,,,,,,,,,,,,,over,219.5,-110.0,0.21315050283403947,0.2344655296708903,0.6354597569387941,13.54597569387941,0.05,total,nba,,,,,,,,,,,,,,,,,,,,,,,0.6354597569387941,0.3645402430612059,1.573663775055259,2.74318136072593,1.573663775055259,2.74318136072593,0.5238094988662143,0.5238094988662143,0.5,0.5,0.21315050283403947,0.13545975693879408,0.2344655296708903,21.31505028340395,13.54597569387941,-0.30405950283403926,-0.13545975693879408,0.0,-30.405950283403925,-13.54597569387941
Basketball,NBA,2026_01_04,NBA_2026_01_04_Cleveland_Cavaliers_Detroit_Pistons,2026_04_17,03:10 PM,Cleveland Cavaliers,Detroit Pistons,-4.5,4.5,235.0,-200,174,-105,-115,-105,-115,1.5,2.74,1.952381,1.869565,1.952381,1.869565,0.579,0.421,119.1,116.6,235.7,1,2025_NBA,,,,,,,,,,,,,,,,,,,,,,,,,over,235.0,-105.0,0.005235575206826937,0.005497353692300658,0.5148767454747957,2.5711016811962697,0.0013743384230751644,total,nba,,,,,,,,,,,,,,,,,,,,,,,0.5148767454747957,0.48512325452520433,1.942212400907417,2.0613318175784245,1.942212400907417,2.0613318175784245,0.5121951094586559,0.5348837831260214,0.489165728662833,0.510834271337167,0.005235575206826937,0.025711016811962695,0.005497353692300658,0.5235575206826937,2.5711016811962697,-0.09303054265358646,-0.02571101681196264,0.0,-9.303054265358647,-2.571101681196264
Basketball,NBA,2026_01_04,NBA_2026_01_04_Los_Angeles_Lakers_Memphis_Grizzlies,2026_04_17,10:40 PM,Los Angeles Lakers,Memphis Grizzlies,-4.0,4.0,245.5,-240,200,-105,-115,-115,-105,1.416667,3.0,1.952381,1.869565,1.869565,1.952381,0.638,0.362,120.2,116.2,236.4,1,2025_NBA,,,,,,,,,,,,,,,,,,,,,,,,,under,245.5,-105.0,0.33957212282179294,0.3565507111353472,0.6861222900764723,19.695656141363934,0.05,total,nba,,,,,,,,,,,,,,,,,,,,,,,0.3138777099235277,0.6861222900764723,3.185954173820235,1.457466131713261,3.185954173820235,1.457466131713261,0.5348837831260214,0.5121951094586559,0.510834271337167,0.489165728662833,-0.41318521924681995,-0.19695656141363926,0.0,-41.318521924681995,-19.695656141363926,0.33957212282179294,0.19695656141363932,0.3565507111353472,33.95721228217929,19.695656141363934
Basketball,NBA,2026_01_05,NBA_2026_01_05_Boston_Celtics_Chicago_Bulls,2026_04_17,08:40 PM,Boston Celtics,Chicago Bulls,-9.0,9.0,236.0,-510,390,-110,-110,-110,-110,1.196078,4.9,1.909091,1.909091,1.909091,1.909091,0.798,0.202,121.4,112.9,234.3,1,2025_NBA,,,,,,,,,,,,,,,,,,,,,,,,,under,236.0,-110.0,0.023441266232355318,0.02578539027705176,0.5360882567841738,3.608825678417382,0.00644634756926294,total,nba,,,,,,,,,,,,,,,,,,,,,,,0.4639117432158262,0.5360882567841738,2.1555824240792476,1.8653644942694474,2.1555824240792476,1.8653644942694474,0.5238094988662143,0.5238094988662143,0.5,0.5,-0.11435026623235511,-0.03608825678417382,0.0,-11.435026623235512,-3.608825678417382,0.023441266232355318,0.03608825678417382,0.02578539027705176,2.344126623235532,3.608825678417382
Basketball,NBA,2026_01_05,NBA_2026_01_05_Detroit_Pistons_New_York_Knicks,2026_04_17,08:10 PM,Detroit Pistons,New York Knicks,3.5,-3.5,236.0,130,-150,-105,-115,-110,-110,2.3,1.666667,1.952381,1.869565,1.909091,1.909091,0.412,0.588,114.8,118.3,233.1,1,2025_NBA,,,,,,,,,,,,,,,,,,,,,,,,,under,236.0,-110.0,0.07176763236904926,0.07894438771151553,0.5614020664122608,6.140206641226076,0.019736096927878883,total,nba,,,,,,,,,,,,,,,,,,,,,,,0.43859793358773924,0.5614020664122608,2.279992502062154,1.7812545764048875,2.279992502062154,1.7812545764048875,0.5238094988662143,0.5238094988662143,0.5,0.5,-0.16267663236904928,-0.06140206641226076,0.0,-16.267663236904927,-6.140206641226076,0.07176763236904926,0.06140206641226076,0.07894438771151553,7.176763236904926,6.140206641226076
Basketball,NBA,2026_01_05,NBA_2026_01_05_Los_Angeles_Clippers_Golden_State_Warriors,2026_04_17,11:10 PM,Los Angeles Clippers,Golden State Warriors,4.5,-4.5,225.5,-120,100,-113,-107,-115,-105,1.833333,2.0,1.884956,1.934579,1.869565,1.952381,0.441,0.559,109.4,112.1,221.5,1,2025_NBA,,,,,,,,,,,,,,,,,,,,,,,,,under,225.5,-105.0,0.14095244978761157,0.1480000648769888,0.5843902649060873,9.522453624325427,0.0370000162192472,total,nba,,,,,,,,,,,,,,,,,,,,,,,0.41560973509391275,0.5843902649060873,2.406103407982097,1.7111852473461413,2.406103407982097,1.7111852473461413,0.5348837831260214,0.5121951094586559,0.510834271337167,0.489165728662833,-0.22299058560914908,-0.09522453624325422,0.0,-22.299058560914908,-9.522453624325422,0.14095244978761157,0.09522453624325428,0.1480000648769888,14.095244978761157,9.522453624325427
Basketball,NBA,2026_01_05,NBA_2026_01_05_Philadelphia_76ers_Denver_Nuggets,2026_04_17,09:40 PM,Philadelphia 76ers,Denver Nuggets,-10.5,10.5,229.5,-550,415,-110,-110,-110,-110,1.181818,5.15,1.909091,1.909091,1.909091,1.909091,0.88,0.12,121.8,110.5,232.3,1,2025_NBA,,,,,,,,,,,,,,,,,,,,,,,,,over,229.5,-110.0,0.06775592788536677,0.07453151322075224,0.5593006974970637,5.930069749706368,0.01863287830518806,total,nba,,,,,,,,,,,,,,,,,,,,,,,0.5593006974970637,0.4406993025029363,1.787946992512467,2.2691209047088,1.787946992512467,2.2691209047088,0.5238094988662143,0.5238094988662143,0.5,0.5,0.06775592788536677,0.05930069749706368,0.07453151322075224,6.775592788536677,5.930069749706368,-0.1586649278853668,-0.05930069749706368,0.0,-15.866492788536679,-5.930069749706368
Basketball,NBA,2026_01_05,NBA_2026_01_05_Toronto_Raptors_Atlanta_Hawks,2026_04_17,08:40 PM,Toronto Raptors,Atlanta Hawks,-3.5,3.5,237.0,-160,140,-110,-110,-110,-110,1.625,2.4,1.909091,1.909091,1.909091,1.909091,0.625,0.375,118.9,115.4,234.3,1,2025_NBA,,,,,,,,,,,,,,,,,,,,,,,,,under,237.0,-110.0,0.06374103289533517,0.07011512917335576,0.5571976573643347,5.719765736433469,0.01752878229333894,total,nba,,,,,,,,,,,,,,,,,,,,,,,0.4428023426356653,0.5571976573643347,2.2583439691121803,1.794695269772339,2.2583439691121803,1.794695269772339,0.5238094988662143,0.5238094988662143,0.5,0.5,-0.15465003289533508,-0.057197657364334686,0.0,-15.465003289533508,-5.719765736433469,0.06374103289533517,0.057197657364334686,0.07011512917335576,6.374103289533517,5.719765736433469
Basketball,NBA,2026_01_06,NBA_2026_01_06_Indiana_Pacers_Cleveland_Cavaliers,2026_04_17,08:10 PM,Indiana Pacers,Cleveland Cavaliers,8.5,-8.5,236.0,183,-215,-110,-110,-110,-110,2.83,1.465116,1.909091,1.909091,1.909091,1.909091,0.308,0.692,114.1,120.3,234.4,1,2025_NBA,,,,,,,,,,,,,,,,,,,,,,,,,under,236.0,-110.0,0.0193986902011114,0.02133855708736695,0.5339707170591195,3.397071705911947,0.005334639271841738,total,nba,,,,,,,,,,,,,,,,,,,,,,,0.46602928294088053,0.5339707170591195,2.145787907767285,1.8727618726127322,2.145787907767285,1.8727618726127322,0.5238094988662143,0.5238094988662143,0.5,0.5,-0.11030769020111142,-0.03397071705911947,0.0,-11.030769020111142,-3.397071705911947,0.0193986902011114,0.03397071705911947,0.02133855708736695,1.9398690201111402,3.397071705911947
Basketball,NBA,2026_01_06,NBA_2026_01_06_Memphis_Grizzlies_San_Antonio_Spurs,2026_04_17,09:10 PM,Memphis Grizzlies,San Antonio Spurs,5.0,-5.0,236.0,174,-200,-110,-110,-110,-110,2.74,1.5,1.909091,1.909091,1.909091,1.909091,0.324,0.676,115.8,121.8,237.6,1,2025_NBA,,,,,,,,,,,,,,,,,,,,,,,,,over,236.0,-110.0,0.0193986902011114,0.02133855708736695,0.5339707170591195,3.397071705911947,0.005334639271841738,total,nba,,,,,,,,,,,,,,,,,,,,,,,0.5339707170591195,0.4660292829408806,1.8727618726127322,2.1457879077672843,1.8727618726127322,2.1457879077672843,0.5238094988662143,0.5238094988662143,0.5,0.5,0.0193986902011114,0.03397071705911947,0.02133855708736695,1.9398690201111402,3.397071705911947,-0.11030769020111131,-0.033970717059119415,0.0,-11.03076902011113,-3.3970717059119417
Basketball,NBA,2026_01_06,NBA_2026_01_06_Minnesota_Timberwolves_Miami_Heat,2026_04_17,09:10 PM,Minnesota Timberwolves,Miami Heat,-6.0,6.0,239.0,-235,195,-110,-110,-110,-110,1.425532,2.95,1.909091,1.909091,1.909091,1.909091,0.629,0.371,119.7,116.0,235.7,1,2025_NBA,,,,,,,,,,,,,,,,,,,,,,,,,under,239.0,-110.0,0.08778032400350066,0.09655834674801604,0.5697896663928019,6.978966639280193,0.02413958668700401,total,nba,,,,,,,,,,,,,,,,,,,,,,,0.43021033360719807,0.5697896663928019,2.3244443981976644,1.755033583411145,2.3244443981976644,1.755033583411145,0.5238094988662143,0.5238094988662143,0.5,0.5,-0.17868932400350057,-0.06978966639280193,0.0,-17.868932400350058,-6.978966639280193,0.08778032400350066,0.06978966639280193,0.09655834674801604,8.778032400350067,6.978966639280193
Basketball,NBA,2026_01_06,NBA_2026_01_06_New_Orleans_Pelicans_Los_Angeles_Lakers,2026_04_17,09:10 PM,New Orleans Pelicans,Los Angeles Lakers,5.0,-5.0,242.0,177,-205,-110,-110,-110,-110,2.77,1.487805,1.909091,1.909091,1.909091,1.909091,0.364,0.636,117.9,122.8,240.7,1,2025_NBA,,,,,,,,,,,,,,,,,,,,,,,,,under,242.0,-110.0,0.007260397257830009,0.00798643618496939,0.5276125639154079,2.7612563915407895,0.0019966090462423475,total,nba,,,,,,,,,,,,,,,,,,,,,,,0.4723874360845921,0.5276125639154079,2.116906428097564,1.895330150174987,2.116906428097564,1.895330150174987,0.5238094988662143,0.5238094988662143,0.5,0.5,-0.09816939725782992,-0.027612563915407895,0.0,-9.81693972578299,-2.7612563915407895,0.007260397257830009,0.027612563915407895,0.00798643618496939,0.7260397257830009,2.7612563915407895
Basketball,NBA,2026_01_06,NBA_2026_01_06_Washington_Wizards_Orlando_Magic,2026_04_17,08:10 PM,Washington Wizards,Orlando Magic,7.5,-7.5,235.5,215,-260,-110,-110,-110,-110,3.15,1.384615,1.909091,1.909091,1.909091,1.909091,0.292,0.708,113.3,119.9,233.2,1,2025_NBA,,,,,,,,,,,,,,,,,,,,,,,,,under,235.5,-110.0,0.047651782594051895,0.05241695561176152,0.5487699552268864,4.8769955226886434,0.01310423890294038,total,nba,,,,,,,,,,,,,,,,,,,,,,,0.45123004477311357,0.5487699552268864,2.216164485462881,1.8222571962536736,2.216164485462881,1.8222571962536736,0.5238094988662143,0.5238094988662143,0.5,0.5,-0.1385607825940518,-0.04876995522688643,0.0,-13.85607825940518,-4.8769955226886434,0.047651782594051895,0.04876995522688643,0.05241695561176152,4.7651782594051895,4.8769955226886434
Basketball,NBA,2026_01_07,NBA_2026_01_07_Boston_Celtics_Denver_Nuggets,2026_04_17,08:10 PM,Boston Celtics,Denver Nuggets,-9.5,9.5,230.0,-375,299,-105,-115,-110,-110,1.266667,3.99,1.952381,1.869565,1.909091,1.909091,0.773,0.227,120.5,112.7,233.2,1,2025_NBA,,,,,,,,,,,,,,,,,,,,,,,,,over,230.0,-110.0,0.08378249144771499,0.09216073137641334,0.5676955637252048,6.76955637252048,0.023040182844103335,total,nba,,,,,,,,,,,,,,,,,,,,,,,0.5676955637252048,0.4323044362747952,1.761507511945353,2.3131846821121864,1.761507511945353,2.3131846821121864,0.5238094988662143,0.5238094988662143,0.5,0.5,0.08378249144771499,0.0676955637252048,0.09216073137641334,8.378249144771498,6.76955637252048,-0.1746914914477149,-0.0676955637252048,0.0,-17.46914914477149,-6.76955637252048
Basketball,NBA,2026_01_07,NBA_2026_01_07_Brooklyn_Nets_Orlando_Magic,2026_04_17,08:40 PM,Brooklyn Nets,Orlando Magic,1.5,-1.5,224.5,102,-122,-115,-105,-110,-110,2.02,1.819672,1.869565,1.952381,1.909091,1.909091,0.433,0.567,109.7,112.7,222.4,1,2025_NBA,,,,,,,,,,,,,,,,,,,,,,,,,under,224.5,-110.0,0.039590926470102206,0.04355001476211107,0.5445476022201677,4.454760222016773,0.010887503690527767,total,nba,,,,,,,,,,,,,,,,,,,,,,,0.45545239777983226,0.5445476022201677,2.195619135774985,1.836386747316329,2.195619135774985,1.836386747316329,0.5238094988662143,0.5238094988662143,0.5,0.5,-0.13049992647010222,-0.04454760222016774,0.0,-13.049992647010223,-4.454760222016773,0.039590926470102206,0.04454760222016774,0.04355001476211107,3.9590926470102206,4.454760222016773
Basketball,NBA,2026_01_07,NBA_2026_01_07_Charlotte_Hornets_Toronto_Raptors,2026_04_17,08:10 PM,Charlotte Hornets,Toronto Raptors,2.0,-2.0,232.0,115,-135,-110,-110,-105,-115,2.15,1.740741,1.909091,1.909091,1.952381,1.869565,0.456,0.544,113.4,115.6,229.0,1,2025_NBA,,,,,,,,,,,,,,,,,,,,,,,,,under,232.0,-115.0,0.053503066648151965,0.06152854202751021,0.5635017058236285,5.2667434486461495,0.015382135506877552,total,nba,,,,,,,,,,,,,,,,,,,,,,,0.43649829417637154,0.5635017058236285,2.2909596975330673,1.7746175205244046,2.2909596975330673,1.7746175205244046,0.5121951094586559,0.5348837831260214,0.489165728662833,0.510834271337167,-0.1477890239176416,-0.05266743448646144,0.0,-14.77890239176416,-5.266743448646144,0.053503066648151965,0.052667434486461495,0.06152854202751021,5.3503066648151965,5.2667434486461495
Basketball,NBA,2026_01_07,NBA_2026_01_07_Detroit_Pistons_Chicago_Bulls,2026_04_17,08:10 PM,Detroit Pistons,Chicago Bulls,-8.5,8.5,236.0,-450,350,-105,-115,-110,-110,1.222222,4.5,1.952381,1.869565,1.909091,1.909091,0.768,0.232,121.3,113.5,234.8,1,2025_NBA,,,,,,,,,,,,,,,,,,,,,,,,,under,236.0,-110.0,0.0032111586251384328,0.003532274134424923,0.525491534256428,2.549153425642803,0.0008830685336062308,total,nba,,,,,,,,,,,,,,,,,,,,,,,0.47450846574357197,0.525491534256428,2.1074439597889234,1.9029802286253816,2.1074439597889234,1.9029802286253816,0.5238094988662143,0.5238094988662143,0.5,0.5,-0.09412015862513845,-0.025491534256428028,0.0,-9.412015862513845,-2.549153425642803,0.0032111586251384328,0.025491534256428028,0.003532274134424923,0.3211158625138433,2.549153425642803
Basketball,NBA,2026_01_07,NBA_2026_01_07_Golden_State_Warriors_Milwaukee_Bucks,2026_04_17,11:10 PM,Golden State Warriors,Milwaukee Bucks,-5.0,5.0,228.5,-220,186,-110,-110,-110,-110,1.454545,2.86,1.909091,1.909091,1.909091,1.909091,0.654,0.346,115.0,110.6,225.6,1,2025_NBA,,,,,,,,,,,,,,,,,,,,,,,,,under,228.5,-110.0,0.07176763236904926,0.07894438771151553,0.5614020664122608,6.140206641226076,0.019736096927878883,total,nba,,,,,,,,,,,,,,,,,,,,,,,0.43859793358773924,0.5614020664122608,2.279992502062154,1.7812545764048875,2.279992502062154,1.7812545764048875,0.5238094988662143,0.5238094988662143,0.5,0.5,-0.16267663236904928,-0.06140206641226076,0.0,-16.267663236904927,-6.140206641226076,0.07176763236904926,0.06140206641226076,0.07894438771151553,7.176763236904926,6.140206641226076
Basketball,NBA,2026_01_07,NBA_2026_01_07_Memphis_Grizzlies_Phoenix_Suns,2026_04_17,09:10 PM,Memphis Grizzlies,Phoenix Suns,4.0,-4.0,227.5,165,-190,-110,-110,-110,-110,2.65,1.526316,1.909091,1.909091,1.909091,1.909091,0.344,0.656,112.6,118.0,230.6,1,2025_NBA,,,,,,,,,,,,,,,,,,,,,,,,,over,227.5,-110.0,0.07978102500097384,0.08775911872515935,0.5655995575910073,6.559955759100733,0.021939779681289837,total,nba,,,,,,,,,,,,,,,,,,,,,,,0.5655995575910073,0.43440044240899267,1.7680353291986015,2.3020234382231344,1.7680353291986015,2.3020234382231344,0.5238094988662143,0.5238094988662143,0.5,0.5,0.07978102500097384,0.06559955759100733,0.08775911872515935,7.978102500097384,6.559955759100733,-0.17069002500097374,-0.06559955759100733,0.0,-17.069002500097376,-6.559955759100733
Basketball,NBA,2026_01_07,NBA_2026_01_07_Portland_Trail_Blazers_Houston_Rockets,2026_04_17,11:10 PM,Portland Trail Blazers,Houston Rockets,6.0,-6.0,229.0,200,-240,-110,-110,-110,-110,3.0,1.416667,1.909091,1.909091,1.909091,1.909091,0.297,0.703,110.5,116.8,227.3,1,2025_NBA,,,,,,,,,,,,,,,,,,,,,,,,,under,229.0,-110.0,0.023441266232355318,0.02578539027705176,0.5360882567841738,3.608825678417382,0.00644634756926294,total,nba,,,,,,,,,,,,,,,,,,,,,,,0.4639117432158262,0.5360882567841738,2.1555824240792476,1.8653644942694474,2.1555824240792476,1.8653644942694474,0.5238094988662143,0.5238094988662143,0.5,0.5,-0.11435026623235511,-0.03608825678417382,0.0,-11.435026623235512,-3.608825678417382,0.023441266232355318,0.03608825678417382,0.02578539027705176,2.344126623235532,3.608825678417382
Basketball,NBA,2026_01_08,NBA_2026_01_08_Charlotte_Hornets_Indiana_Pacers,2026_04_17,08:10 PM,Charlotte Hornets,Indiana Pacers,-3.5,3.5,234.5,-165,145,-110,-110,-110,-110,1.606061,2.45,1.909091,1.909091,1.909091,1.909091,0.606,0.394,117.2,114.0,231.2,1,2025_NBA,,,,,,,,,,,,,,,,,,,,,,,,,under,234.5,-110.0,0.08778032400350066,0.09655834674801604,0.5697896663928019,6.978966639280193,0.02413958668700401,total,nba,,,,,,,,,,,,,,,,,,,,,,,0.43021033360719807,0.5697896663928019,2.3244443981976644,1.755033583411145,2.3244443981976644,1.755033583411145,0.5238094988662143,0.5238094988662143,0.5,0.5,-0.17868932400350057,-0.06978966639280193,0.0,-17.868932400350058,-6.978966639280193,0.08778032400350066,0.06978966639280193,0.09655834674801604,8.778032400350067,6.978966639280193
Basketball,NBA,2026_01_09,NBA_2026_01_09_Denver_Nuggets_Atlanta_Hawks,2026_04_17,10:10 PM,Denver Nuggets,Atlanta Hawks,-1.5,1.5,238.0,-127,107,-115,-105,-110,-110,1.787402,2.07,1.869565,1.952381,1.909091,1.909091,0.495,0.505,117.8,118.3,236.1,1,2025_NBA,,,,,,,,,,,,,,,,,,,,,,,,,under,238.0,-110.0,0.0315204523111825,0.03467249407505134,0.5403202111953712,4.032021119537122,0.008668123518762835,total,nba,,,,,,,,,,,,,,,,,,,,,,,0.4596797888046288,0.5403202111953712,2.1754273830494992,1.8507543846780439,2.1754273830494992,1.8507543846780439,0.5238094988662143,0.5238094988662143,0.5,0.5,-0.12242945231118241,-0.040320211195371214,0.0,-12.242945231118242,-4.032021119537122,0.0315204523111825,0.040320211195371214,0.03467249407505134,3.15204523111825,4.032021119537122
Basketball,NBA,2026_01_09,NBA_2026_01_09_Golden_State_Warriors_Sacramento_Kings,2026_04_17,11:10 PM,Golden State Warriors,Sacramento Kings,-12.0,12.0,228.0,-650,476,-110,-110,-110,-110,1.153846,5.76,1.909091,1.909091,1.909091,1.909091,0.827,0.173,120.0,110.5,230.5,1,2025_NBA,,,,,,,,,,,,,,,,,,,,,,,,,over,228.0,-110.0,0.05570211783101153,0.061272323486880456,0.5529867972930633,5.298679729306333,0.015318080871720114,total,nba,,,,,,,,,,,,,,,,,,,,,,,0.5529867972930633,0.4470132027069366,1.8083614380942183,2.2370703906381113,1.8083614380942183,2.2370703906381113,0.5238094988662143,0.5238094988662143,0.5,0.5,0.05570211783101153,0.052986797293063326,0.061272323486880456,5.570211783101153,5.298679729306333,-0.14661111783101166,-0.05298679729306338,0.0,-14.661111783101166,-5.298679729306338
Basketball,NBA,2026_01_09,NBA_2026_01_09_Los_Angeles_Lakers_Milwaukee_Bucks,2026_04_17,11:40 PM,Los Angeles Lakers,Milwaukee Bucks,-3.0,3.0,232.0,-150,130,-105,-115,-110,-110,1.666667,2.3,1.952381,1.869565,1.909091,1.909091,0.573,0.427,116.1,113.7,229.8,1,2025_NBA,,,,,,,,,,,,,,,,,,,,,,,,,under,232.0,-110.0,0.0436226132947406,0.04798486982572779,0.5466594380753671,4.66594380753671,0.011996217456431948,total,nba,,,,,,,,,,,,,,,,,,,,,,,0.4533405619246329,0.5466594380753671,2.205847179777062,1.8292924814775293,2.205847179777062,1.8292924814775293,0.5238094988662143,0.5238094988662143,0.5,0.5,-0.13453161329474062,-0.0466594380753671,0.0,-13.453161329474062,-4.66594380753671,0.0436226132947406,0.0466594380753671,0.04798486982572779,4.36226132947406,4.66594380753671
Basketball,NBA,2026_01_09,NBA_2026_01_09_Phoenix_Suns_New_York_Knicks,2026_04_17,10:10 PM,Phoenix Suns,New York Knicks,2.0,-2.0,230.0,105,-125,-110,-108,-110,-110,2.05,1.8,1.909091,1.925926,1.909091,1.909091,0.502,0.498,115.7,116.1,231.8,1,2025_NBA,,,,,,,,,,,,,,,,,,,,,,,,,over,230.0,-110.0,0.027481891510435785,0.030230077638471537,0.5382047746861913,3.8204774686191323,0.007557519409617884,total,nba,,,,,,,,,,,,,,,,,,,,,,,0.5382047746861913,0.4617952253138087,1.8580288526482611,2.165461973584632,1.8580288526482611,2.165461973584632,0.5238094988662143,0.5238094988662143,0.5,0.5,0.027481891510435785,0.03820477468619132,0.030230077638471537,2.7481891510435785,3.8204774686191323,-0.11839089151043558,-0.03820477468619132,0.0,-11.839089151043558,-3.8204774686191323
Basketball,NBA,2026_01_09,NBA_2026_01_09_Portland_Trail_Blazers_Houston_Rockets,2026_04_17,11:10 PM,Portland Trail Blazers,Houston Rockets,5.5,-5.5,219.0,195,-235,-110,-110,-110,-110,2.95,1.425532,1.909091,1.909091,1.909091,1.909091,0.303,0.697,109.4,115.6,225.0,1,2025_NBA,,,,,,,,,,,,,,,,,,,,,,,,,over,219.0,-110.0,0.19395442367234628,0.21334984470459642,0.6254046683329114,12.540466833291141,0.05,total,nba,,,,,,,,,,,,,,,,,,,,,,,0.6254046683329114,0.3745953316670886,1.5989647193801988,2.669547416807433,1.5989647193801988,2.669547416807433,0.5238094988662143,0.5238094988662143,0.5,0.5,0.19395442367234628,0.12540466833291142,0.21334984470459642,19.39544236723463,12.540466833291141,-0.2848634236723462,-0.12540466833291142,0.0,-28.48634236723462,-12.540466833291141
Basketball,NBA,2026_01_10,NBA_2026_01_10_Boston_Celtics_San_Antonio_Spurs,2026_04_17,09:10 PM,Boston Celtics,San Antonio Spurs,1.0,-1.0,231.5,-105,-115,-110,-110,-110,-110,1.952381,1.869565,1.909091,1.909091,1.909091,1.909091,0.484,0.516,114.3,115.4,229.7,1,2025_NBA,,,,,,,,,,,,,,,,,,,,,,,,,under,231.5,-110.0,0.027481891510435785,0.030230077638471537,0.5382047746861913,3.8204774686191323,0.007557519409617884,total,nba,,,,,,,,,,,,,,,,,,,,,,,0.4617952253138087,0.5382047746861913,2.165461973584632,1.8580288526482611,2.165461973584632,1.8580288526482611,0.5238094988662143,0.5238094988662143,0.5,0.5,-0.11839089151043558,-0.03820477468619132,0.0,-11.839089151043558,-3.8204774686191323,0.027481891510435785,0.03820477468619132,0.030230077638471537,2.7481891510435785,3.8204774686191323
Basketball,NBA,2026_01_10,NBA_2026_01_10_Chicago_Bulls_Dallas_Mavericks,2026_04_17,09:10 PM,Chicago Bulls,Dallas Mavericks,-4.5,4.5,233.0,-150,130,-110,-110,-110,-110,1.666667,2.3,1.909091,1.909091,1.909091,1.909091,0.617,0.383,118.9,115.4,234.3,1,2025_NBA,,,,,,,,,,,,,,,,,,,,,,,,,over,233.0,-110.0,0.007260397257830009,0.00798643618496939,0.5276125639154079,2.7612563915407895,0.0019966090462423475,total,nba,,,,,,,,,,,,,,,,,,,,,,,0.5276125639154079,0.4723874360845921,1.895330150174987,2.116906428097564,1.895330150174987,2.116906428097564,0.5238094988662143,0.5238094988662143,0.5,0.5,0.007260397257830009,0.027612563915407895,0.00798643618496939,0.7260397257830009,2.7612563915407895,-0.09816939725782992,-0.027612563915407895,0.0,-9.81693972578299,-2.7612563915407895
Basketball,NBA,2026_01_10,NBA_2026_01_10_Cleveland_Cavaliers_Minnesota_Timberwolves,2026_04_17,02:10 PM,Cleveland Cavaliers,Minnesota Timberwolves,-2.5,2.5,241.5,-165,145,-110,-110,-110,-110,1.606061,2.45,1.909091,1.909091,1.909091,1.909091,0.569,0.431,119.1,116.9,236.0,1,2025_NBA,,,,,,,,,,,,,,,,,,,,,,,,,under,241.5,-110.0,0.17459414950928198,0.19205354525485577,0.6152635728256443,11.526357282564426,0.04801338631371394,total,nba,,,,,,,,,,,,,,,,,,,,,,,0.38473642717435574,0.6152635728256443,2.599182009731607,1.6253196908886134,2.599182009731607,1.6253196908886134,0.5238094988662143,0.5238094988662143,0.5,0.5,-0.265503149509282,-0.11526357282564426,0.0,-26.5503149509282,-11.526357282564426,0.17459414950928198,0.11526357282564426,0.19205354525485577,17.4594149509282,11.526357282564426
Basketball,NBA,2026_01_10,NBA_2026_01_10_Detroit_Pistons_Los_Angeles_Clippers,2026_04_17,08:40 PM,Detroit Pistons,Los Angeles Clippers,-6.5,6.5,219.0,-300,245,-110,-110,-110,-110,1.333333,3.45,1.909091,1.909091,1.909091,1.909091,0.653,0.347,112.4,107.9,220.3,1,2025_NBA,,,,,,,,,,,,,,,,,,,,,,,,,over,219.0,-110.0,0.007260397257830009,0.00798643618496939,0.5276125639154079,2.7612563915407895,0.0019966090462423475,total,nba,,,,,,,,,,,,,,,,,,,,,,,0.5276125639154079,0.4723874360845921,1.895330150174987,2.116906428097564,1.895330150174987,2.116906428097564,0.5238094988662143,0.5238094988662143,0.5,0.5,0.007260397257830009,0.027612563915407895,0.00798643618496939,0.7260397257830009,2.7612563915407895,-0.09816939725782992,-0.027612563915407895,0.0,-9.81693972578299,-2.7612563915407895
Basketball,NBA,2026_01_10,NBA_2026_01_10_Indiana_Pacers_Miami_Heat,2026_04_17,08:10 PM,Indiana Pacers,Miami Heat,7.0,-7.0,236.0,245,-300,-110,-110,-110,-110,3.45,1.333333,1.909091,1.909091,1.909091,1.909091,0.292,0.708,114.0,120.6,234.6,1,2025_NBA,,,,,,,,,,,,,,,,,,,,,,,,,under,236.0,-110.0,0.011308141594687182,0.012438954510260386,0.5297328108480356,2.9732810848035585,0.0031097386275650966,total,nba,,,,,,,,,,,,,,,,,,,,,,,0.4702671891519644,0.5297328108480356,2.126450713695986,1.8877441221719413,2.126450713695986,1.8877441221719413,0.5238094988662143,0.5238094988662143,0.5,0.5,-0.10221714159468709,-0.029732810848035585,0.0,-10.221714159468709,-2.9732810848035585,0.011308141594687182,0.029732810848035585,0.012438954510260386,1.1308141594687182,2.9732810848035585
Basketball,NBA,2026_01_10,NBA_2026_01_10_Utah_Jazz_Charlotte_Hornets,2026_04_17,10:40 PM,Utah Jazz,Charlotte Hornets,1.5,-1.5,245.0,170,-195,-110,-110,-110,-110,2.7,1.512821,1.909091,1.909091,1.909091,1.909091,0.387,0.613,117.5,121.6,239.1,1,2025_NBA,,,,,,,,,,,,,,,,,,,,,,,,,under,245.0,-110.0,0.1900951107715092,0.20910460093820002,0.6233831235763561,12.338312357635605,0.05,total,nba,,,,,,,,,,,,,,,,,,,,,,,0.37661687642364394,0.6233831235763561,2.655218240605694,1.6041499395475909,2.655218240605694,1.6041499395475909,0.5238094988662143,0.5238094988662143,0.5,0.5,-0.2810041107715091,-0.12338312357635606,0.0,-28.10041107715091,-12.338312357635605,0.1900951107715092,0.12338312357635606,0.20910460093820002,19.00951107715092,12.338312357635605
Basketball,NBA,2026_01_11,NBA_2026_01_11_Denver_Nuggets_Milwaukee_Bucks,2026_04_17,09:10 PM,Denver Nuggets,Milwaukee Bucks,2.0,-2.0,223.5,105,-125,-110,-110,-110,-110,2.05,1.8,1.909091,1.909091,1.909091,1.909091,0.384,0.616,110.8,115.0,225.8,1,2025_NBA,,,,,,,,,,,,,,,,,,,,,,,,,over,223.5,-110.0,0.04765178259405167,0.052416955611761275,0.5487699552268863,4.876995522688632,0.013104238902940319,total,nba,,,,,,,,,,,,,,,,,,,,,,,0.5487699552268863,0.4512300447731136,1.8222571962536738,2.2161644854628806,1.8222571962536738,2.2161644854628806,0.5238094988662143,0.5238094988662143,0.5,0.5,0.04765178259405167,0.04876995522688632,0.052416955611761275,4.765178259405167,4.876995522688632,-0.1385607825940517,-0.048769955226886375,0.0,-13.85607825940517,-4.876995522688637
Basketball,NBA,2026_01_11,NBA_2026_01_11_Golden_State_Warriors_Atlanta_Hawks,2026_04_17,09:40 PM,Golden State Warriors,Atlanta Hawks,-6.0,6.0,235.0,-225,189,-110,-110,-115,-105,1.444444,2.89,1.909091,1.909091,1.869565,1.952381,0.699,0.301,119.1,113.5,232.6,1,2025_NBA,,,,,,,,,,,,,,,,,,,,,,,,,under,235.0,-105.0,0.07552587762172958,0.07930216753770769,0.5508790946140787,6.171336595124571,0.019825541884426923,total,nba,,,,,,,,,,,,,,,,,,,,,,,0.4491209053859213,0.5508790946140787,2.2265719275318934,1.8152803578443204,2.2265719275318934,1.8152803578443204,0.5348837831260214,0.5121951094586559,0.510834271337167,0.489165728662833,-0.16033927452217012,-0.06171336595124566,0.0,-16.03392745221701,-6.171336595124566,0.07552587762172958,0.06171336595124571,0.07930216753770769,7.552587762172958,6.171336595124571
Basketball,NBA,2026_01_11,NBA_2026_01_11_Memphis_Grizzlies_Brooklyn_Nets,2026_04_17,04:40 PM,Memphis Grizzlies,Brooklyn Nets,-6.5,6.5,223.0,-250,207,-110,-110,-110,-110,1.4,3.07,1.909091,1.909091,1.909091,1.909091,0.667,0.333,112.6,107.7,220.3,1,2025_NBA,,,,,,,,,,,,,,,,,,,,,,,,,under,223.0,-110.0,0.06374103289533517,0.07011512917335576,0.5571976573643347,5.719765736433469,0.01752878229333894,total,nba,,,,,,,,,,,,,,,,,,,,,,,0.4428023426356653,0.5571976573643347,2.2583439691121803,1.794695269772339,2.2583439691121803,1.794695269772339,0.5238094988662143,0.5238094988662143,0.5,0.5,-0.15465003289533508,-0.057197657364334686,0.0,-15.465003289533508,-5.719765736433469,0.06374103289533517,0.057197657364334686,0.07011512917335576,6.374103289533517,5.719765736433469
Basketball,NBA,2026_01_11,NBA_2026_01_11_Oklahoma_City_Thunder_Miami_Heat,2026_04_17,08:10 PM,Oklahoma City Thunder,Miami Heat,-14.0,14.0,233.0,-850,586,-110,-110,-110,-110,1.117647,6.86,1.909091,1.909091,1.909091,1.909091,0.878,0.122,121.0,109.8,230.8,1,2025_NBA,,,,,,,,,,,,,,,,,,,,,,,,,under,233.0,-110.0,0.0436226132947406,0.04798486982572779,0.5466594380753671,4.66594380753671,0.011996217456431948,total,nba,,,,,,,,,,,,,,,,,,,,,,,0.4533405619246329,0.5466594380753671,2.205847179777062,1.8292924814775293,2.205847179777062,1.8292924814775293,0.5238094988662143,0.5238094988662143,0.5,0.5,-0.13453161329474062,-0.0466594380753671,0.0,-13.453161329474062,-4.66594380753671,0.0436226132947406,0.0466594380753671,0.04798486982572779,4.36226132947406,4.66594380753671
Basketball,NBA,2026_01_11,NBA_2026_01_11_Phoenix_Suns_Washington_Wizards,2026_04_17,09:10 PM,Phoenix Suns,Washington Wizards,-14.0,14.0,233.0,-850,586,-110,-110,-110,-110,1.117647,6.86,1.909091,1.909091,1.909091,1.909091,0.87,0.13,120.2,109.2,229.4,1,2025_NBA,,,,,,,,,,,,,,,,,,,,,,,,,under,233.0,-110.0,0.09975091888479937,0.1097259998006792,0.5760599776987054,7.605997769870543,0.0274314999501698,total,nba,,,,,,,,,,,,,,,,,,,,,,,0.4239400223012946,0.5760599776987054,2.3588242378524455,1.7359303522436798,2.3588242378524455,1.7359303522436798,0.5238094988662143,0.5238094988662143,0.5,0.5,-0.19065991888479916,-0.07605997769870543,0.0,-19.065991888479918,-7.605997769870543,0.09975091888479937,0.07605997769870543,0.1097259998006792,9.975091888479938,7.605997769870543
Basketball,NBA,2026_01_12,NBA_2026_01_12_Cleveland_Cavaliers_Utah_Jazz,2026_04_17,08:10 PM,Cleveland Cavaliers,Utah Jazz,-12.0,12.0,246.5,-775,546,-110,-110,-110,-110,1.129032,6.46,1.909091,1.909091,1.909091,1.909091,0.838,0.162,129.8,120.0,249.8,1,2025_NBA,,,,,,,,,,,,,,,,,,,,,,,,,over,246.5,-110.0,0.08778032400350066,0.09655834674801604,0.5697896663928019,6.978966639280193,0.02413958668700401,total,nba,,,,,,,,,,,,,,,,,,,,,,,0.5697896663928019,0.43021033360719807,1.755033583411145,2.3244443981976644,1.755033583411145,2.3244443981976644,0.5238094988662143,0.5238094988662143,0.5,0.5,0.08778032400350066,0.06978966639280193,0.09655834674801604,8.778032400350067,6.978966639280193,-0.17868932400350057,-0.06978966639280193,0.0,-17.868932400350058,-6.978966639280193
Basketball,NBA,2026_01_12,NBA_2026_01_12_Indiana_Pacers_Boston_Celtics,2026_04_17,08:40 PM,Indiana Pacers,Boston Celtics,7.5,-7.5,226.5,189,-225,-110,-110,-110,-110,2.89,1.444444,1.909091,1.909091,1.909091,1.909091,0.345,0.655,109.1,114.5,223.6,1,2025_NBA,,,,,,,,,,,,,,,,,,,,,,,,,under,226.5,-110.0,0.07176763236904926,0.07894438771151553,0.5614020664122608,6.140206641226076,0.019736096927878883,total,nba,,,,,,,,,,,,,,,,,,,,,,,0.43859793358773924,0.5614020664122608,2.279992502062154,1.7812545764048875,2.279992502062154,1.7812545764048875,0.5238094988662143,0.5238094988662143,0.5,0.5,-0.16267663236904928,-0.06140206641226076,0.0,-16.267663236904927,-6.140206641226076,0.07176763236904926,0.06140206641226076,0.07894438771151553,7.176763236904926,6.140206641226076
Basketball,NBA,2026_01_12,NBA_2026_01_12_Los_Angeles_Clippers_Charlotte_Hornets,2026_04_17,11:40 PM,Los Angeles Clippers,Charlotte Hornets,-4.0,4.0,228.0,-190,165,-110,-110,-110,-110,1.526316,2.65,1.909091,1.909091,1.909091,1.909091,0.652,0.348,113.8,109.2,223.0,1,2025_NBA,,,,,,,,,,,,,,,,,,,,,,,,,under,228.0,-110.0,0.1550821297808047,0.17059032569985247,0.6050429915498028,10.504299154980279,0.04264758142496312,total,nba,,,,,,,,,,,,,,,,,,,,,,,0.3949570084501972,0.6050429915498028,2.5319211423136365,1.6527751151013659,2.5319211423136365,1.6527751151013659,0.5238094988662143,0.5238094988662143,0.5,0.5,-0.2459911297808045,-0.10504299154980279,0.0,-24.599112978080452,-10.504299154980279,0.1550821297808047,0.10504299154980279,0.17059032569985247,15.508212978080472,10.504299154980279
Basketball,NBA,2026_01_12,NBA_2026_01_12_Sacramento_Kings_Los_Angeles_Lakers,2026_04_17,11:10 PM,Sacramento Kings,Los Angeles Lakers,9.0,-9.0,230.0,334,-425,-115,-105,-110,-110,4.34,1.235294,1.869565,1.952381,1.909091,1.909091,0.245,0.755,109.8,118.2,228.0,1,2025_NBA,,,,,,,,,,,,,,,,,,,,,,,,,under,230.0,-110.0,0.035556835085732263,0.03911251468305408,0.5424345068337404,4.243450683374039,0.00977812867076352,total,nba,,,,,,,,,,,,,,,,,,,,,,,0.4575654931662596,0.5424345068337404,2.185479488586879,1.8435405332841523,2.185479488586879,1.8435405332841523,0.5238094988662143,0.5238094988662143,0.5,0.5,-0.12646583508573228,-0.04243450683374039,0.0,-12.646583508573228,-4.243450683374039,0.035556835085732263,0.04243450683374039,0.03911251468305408,3.5556835085732263,4.243450683374039
Basketball,NBA,2026_01_12,NBA_2026_01_12_Toronto_Raptors_Philadelphia_76ers,2026_04_17,08:40 PM,Toronto Raptors,Philadelphia 76ers,2.5,-2.5,220.5,120,-140,-110,-110,-110,-110,2.2,1.714286,1.909091,1.909091,1.909091,1.909091,0.408,0.592,109.2,112.8,222.0,1,2025_NBA,,,,,,,,,,,,,,,,,,,,,,,,,over,220.5,-110.0,0.015354277306573128,0.016889703348260104,0.5318522151676233,3.1852215167623266,0.004222425837065026,total,nba,,,,,,,,,,,,,,,,,,,,,,,0.5318522151676233,0.46814778483237673,1.8802215568188074,2.1360776071130108,1.8802215568188074,2.1360776071130108,0.5238094988662143,0.5238094988662143,0.5,0.5,0.015354277306573128,0.031852215167623266,0.016889703348260104,1.5354277306573128,3.1852215167623266,-0.10626327730657303,-0.031852215167623266,0.0,-10.626327730657303,-3.1852215167623266
Basketball,NBA,2026_01_13,NBA_2026_01_13_Houston_Rockets_Chicago_Bulls,2026_04_17,09:10 PM,Houston Rockets,Chicago Bulls,-10.5,10.5,228.5,-600,446,-110,-110,-110,-110,1.166667,5.46,1.909091,1.909091,1.909091,1.909091,0.792,0.208,117.2,108.8,226.0,1,2025_NBA,,,,,,,,,,,,,,,,,,,,,,,,,under,228.5,-110.0,0.05570211783101153,0.061272323486880456,0.5529867972930633,5.298679729306333,0.015318080871720114,total,nba,,,,,,,,,,,,,,,,,,,,,,,0.4470132027069367,0.5529867972930633,2.2370703906381113,1.8083614380942183,2.2370703906381113,1.8083614380942183,0.5238094988662143,0.5238094988662143,0.5,0.5,-0.14661111783101155,-0.052986797293063326,0.0,-14.661111783101155,-5.298679729306333,0.05570211783101153,0.052986797293063326,0.061272323486880456,5.570211783101153,5.298679729306333
Basketball,NBA,2026_01_13,NBA_2026_01_13_New_Orleans_Pelicans_Denver_Nuggets,2026_04_17,09:10 PM,New Orleans Pelicans,Denver Nuggets,3.0,-3.0,234.5,130,-150,-110,-110,-110,-110,2.3,1.666667,1.909091,1.909091,1.909091,1.909091,0.463,0.537,115.1,117.1,232.2,1,2025_NBA,,,,,,,,,,,,,,,,,,,,,,,,,under,234.5,-110.0,0.047651782594051895,0.05241695561176152,0.5487699552268864,4.8769955226886434,0.01310423890294038,total,nba,,,,,,,,,,,,,,,,,,,,,,,0.45123004477311357,0.5487699552268864,2.216164485462881,1.8222571962536736,2.216164485462881,1.8222571962536736,0.5238094988662143,0.5238094988662143,0.5,0.5,-0.1385607825940518,-0.04876995522688643,0.0,-13.85607825940518,-4.8769955226886434,0.047651782594051895,0.04876995522688643,0.05241695561176152,4.7651782594051895,4.8769955226886434
Basketball,NBA,2026_01_14,NBA_2026_01_14_Chicago_Bulls_Utah_Jazz,2026_04_17,09:10 PM,Chicago Bulls,Utah Jazz,-3.5,3.5,246.5,-135,115,-110,-110,-110,-110,1.740741,2.15,1.909091,1.909091,1.909091,1.909091,0.597,0.403,122.2,119.3,241.5,1,2025_NBA,,,,,,,,,,,,,,,,,,,,,,,,,under,246.5,-110.0,0.1550821297808047,0.17059032569985247,0.6050429915498028,10.504299154980279,0.04264758142496312,total,nba,,,,,,,,,,,,,,,,,,,,,,,0.3949570084501972,0.6050429915498028,2.5319211423136365,1.6527751151013659,2.5319211423136365,1.6527751151013659,0.5238094988662143,0.5238094988662143,0.5,0.5,-0.2459911297808045,-0.10504299154980279,0.0,-24.599112978080452,-10.504299154980279,0.1550821297808047,0.10504299154980279,0.17059032569985247,15.508212978080472,10.504299154980279
Basketball,NBA,2026_01_14,NBA_2026_01_14_Dallas_Mavericks_Denver_Nuggets,2026_04_17,10:40 PM,Dallas Mavericks,Denver Nuggets,-1.5,1.5,224.5,-120,100,-107,-113,-110,-110,1.833333,2.0,1.934579,1.884956,1.909091,1.909091,0.506,0.494,113.2,113.2,226.4,1,2025_NBA,,,,,,,,,,,,,,,,,,,,,,,,,over,224.5,-110.0,0.03152045231118228,0.034672494075051095,0.5403202111953711,4.03202111953711,0.008668123518762774,total,nba,,,,,,,,,,,,,,,,,,,,,,,0.5403202111953711,0.45967978880462884,1.8507543846780443,2.175427383049499,1.8507543846780443,2.175427383049499,0.5238094988662143,0.5238094988662143,0.5,0.5,0.03152045231118228,0.0403202111953711,0.034672494075051095,3.152045231118228,4.03202111953711,-0.1224294523111823,-0.04032021119537116,0.0,-12.24294523111823,-4.032021119537116
Basketball,NBA,2026_01_14,NBA_2026_01_14_Indiana_Pacers_Toronto_Raptors,2026_04_17,08:10 PM,Indiana Pacers,Toronto Raptors,3.0,-3.0,224.5,115,-135,-110,-110,-110,-110,2.15,1.740741,1.909091,1.909091,1.909091,1.909091,0.455,0.545,110.0,112.2,222.2,1,2025_NBA,,,,,,,,,,,,,,,,,,,,,,,,,under,224.5,-110.0,0.047651782594051895,0.05241695561176152,0.5487699552268864,4.8769955226886434,0.01310423890294038,total,nba,,,,,,,,,,,,,,,,,,,,,,,0.45123004477311357,0.5487699552268864,2.216164485462881,1.8222571962536736,2.216164485462881,1.8222571962536736,0.5238094988662143,0.5238094988662143,0.5,0.5,-0.1385607825940518,-0.04876995522688643,0.0,-13.85607825940518,-4.8769955226886434,0.047651782594051895,0.04876995522688643,0.05241695561176152,4.7651782594051895,4.8769955226886434
Basketball,NBA,2026_01_14,NBA_2026_01_14_Los_Angeles_Clippers_Washington_Wizards,2026_04_17,11:40 PM,Los Angeles Clippers,Washington Wizards,-13.0,13.0,226.0,-600,446,-110,-110,-110,-110,1.166667,5.46,1.909091,1.909091,1.909091,1.909091,0.786,0.214,116.5,108.3,224.8,1,2025_NBA,,,,,,,,,,,,,,,,,,,,,,,,,under,226.0,-110.0,0.0032111586251384328,0.003532274134424923,0.525491534256428,2.549153425642803,0.0008830685336062308,total,nba,,,,,,,,,,,,,,,,,,,,,,,0.47450846574357197,0.525491534256428,2.1074439597889234,1.9029802286253816,2.1074439597889234,1.9029802286253816,0.5238094988662143,0.5238094988662143,0.5,0.5,-0.09412015862513845,-0.025491534256428028,0.0,-9.412015862513845,-2.549153425642803,0.0032111586251384328,0.025491534256428028,0.003532274134424923,0.3211158625138433,2.549153425642803
Basketball,NBA,2026_01_14,NBA_2026_01_14_Philadelphia_76ers_Cleveland_Cavaliers,2026_04_17,08:10 PM,Philadelphia 76ers,Cleveland Cavaliers,-1.5,1.5,240.0,-115,-105,-110,-110,-110,-110,1.869565,1.952381,1.909091,1.909091,1.909091,1.909091,0.493,0.507,117.2,117.9,235.1,1,2025_NBA,,,,,,,,,,,,,,,,,,,,,,,,,under,240.0,-110.0,0.15116263428309717,0.16627888108351876,0.6029899225773403,10.29899225773403,0.04156972027087969,total,nba,,,,,,,,,,,,,,,,,,,,,,,0.3970100774226597,0.6029899225773403,2.518827749894603,1.6584025081642035,2.518827749894603,1.6584025081642035,0.5238094988662143,0.5238094988662143,0.5,0.5,-0.24207163428309708,-0.1029899225773403,0.0,-24.20716342830971,-10.29899225773403,0.15116263428309717,0.1029899225773403,0.16627888108351876,15.116263428309718,10.29899225773403
Basketball,NBA,2026_01_14,NBA_2026_01_14_Sacramento_Kings_New_York_Knicks,2026_04_17,11:10 PM,Sacramento Kings,New York Knicks,10.5,-10.5,230.0,383,-500,-110,-110,-110,-110,4.83,1.2,1.909091,1.909091,1.909091,1.909091,0.209,0.791,111.3,120.5,231.8,1,2025_NBA,,,,,,,,,,,,,,,,,,,,,,,,,over,230.0,-110.0,0.027481891510435785,0.030230077638471537,0.5382047746861913,3.8204774686191323,0.007557519409617884,total,nba,,,,,,,,,,,,,,,,,,,,,,,0.5382047746861913,0.4617952253138087,1.8580288526482611,2.165461973584632,1.8580288526482611,2.165461973584632,0.5238094988662143,0.5238094988662143,0.5,0.5,0.027481891510435785,0.03820477468619132,0.030230077638471537,2.7481891510435785,3.8204774686191323,-0.11839089151043558,-0.03820477468619132,0.0,-11.839089151043558,-3.8204774686191323
Basketball,NBA,2026_01_15,NBA_2026_01_15_Dallas_Mavericks_Utah_Jazz,2026_04_17,09:40 PM,Dallas Mavericks,Utah Jazz,1.0,-1.0,235.0,-105,-115,-110,-110,-110,-110,1.952381,1.869565,1.909091,1.909091,1.909091,1.909091,0.459,0.541,117.8,119.9,237.7,1,2025_NBA,,,,,,,,,,,,,,,,,,,,,,,,,over,235.0,-110.0,0.06374103289533517,0.07011512917335576,0.5571976573643347,5.719765736433469,0.01752878229333894,total,nba,,,,,,,,,,,,,,,,,,,,,,,0.5571976573643347,0.44280234263566526,1.794695269772339,2.2583439691121807,1.794695269772339,2.2583439691121807,0.5238094988662143,0.5238094988662143,0.5,0.5,0.06374103289533517,0.057197657364334686,0.07011512917335576,6.374103289533517,5.719765736433469,-0.1546500328953352,-0.05719765736433474,0.0,-15.465003289533518,-5.719765736433474
Basketball,NBA,2026_01_15,NBA_2026_01_15_Detroit_Pistons_Phoenix_Suns,2026_04_17,08:10 PM,Detroit Pistons,Phoenix Suns,-6.5,6.5,221.0,-235,195,-105,-115,-110,-110,1.425532,2.95,1.952381,1.869565,1.909091,1.909091,0.745,0.255,116.0,108.7,224.7,1,2025_NBA,,,,,,,,,,,,,,,,,,,,,,,,,over,221.0,-110.0,0.10373311805063357,0.11410641844505506,0.5781458914481465,7.814589144814654,0.028526604611263766,total,nba,,,,,,,,,,,,,,,,,,,,,,,0.5781458914481465,0.42185410855185346,1.7296672255080605,2.3704877580375205,1.7296672255080605,2.3704877580375205,0.5238094988662143,0.5238094988662143,0.5,0.5,0.10373311805063357,0.07814589144814654,0.11410641844505506,10.373311805063356,7.814589144814654,-0.19464211805063347,-0.07814589144814654,0.0,-19.464211805063346,-7.814589144814654
Basketball,NBA,2026_01_15,NBA_2026_01_15_Golden_State_Warriors_New_York_Knicks,2026_04_17,11:10 PM,Golden State Warriors,New York Knicks,-2.5,2.5,233.0,-155,135,-110,-110,-110,-110,1.645161,2.35,1.909091,1.909091,1.909091,1.909091,0.729,0.271,115.9,109.1,225.0,1,2025_NBA,,,,,,,,,,,,,,,,,,,,,,,,,under,233.0,-110.0,0.26963427472876345,0.2965976725418725,0.6650464931890431,16.504649318904306,0.05,total,nba,,,,,,,,,,,,,,,,,,,,,,,0.3349535068109569,0.6650464931890431,2.985488969859886,1.5036542711544598,2.985488969859886,1.5036542711544598,0.5238094988662143,0.5238094988662143,0.5,0.5,-0.36054327472876335,-0.16504649318904308,0.0,-36.05432747287634,-16.504649318904306,0.26963427472876345,0.16504649318904308,0.2965976725418725,26.963427472876344,16.504649318904306
Basketball,NBA,2026_01_15,NBA_2026_01_15_Los_Angeles_Lakers_Charlotte_Hornets,2026_04_17,11:40 PM,Los Angeles Lakers,Charlotte Hornets,-4.0,4.0,233.5,-200,174,-110,-110,-110,-110,1.5,2.74,1.909091,1.909091,1.909091,1.909091,0.61,0.39,117.7,114.4,232.1,1,2025_NBA,,,,,,,,,,,,,,,,,,,,,,,,,under,233.5,-110.0,0.011308141594687182,0.012438954510260386,0.5297328108480356,2.9732810848035585,0.0031097386275650966,total,nba,,,,,,,,,,,,,,,,,,,,,,,0.4702671891519644,0.5297328108480356,2.126450713695986,1.8877441221719413,2.126450713695986,1.8877441221719413,0.5238094988662143,0.5238094988662143,0.5,0.5,-0.10221714159468709,-0.029732810848035585,0.0,-10.221714159468709,-2.9732810848035585,0.011308141594687182,0.029732810848035585,0.012438954510260386,1.1308141594687182,2.9732810848035585
Basketball,NBA,2026_01_15,NBA_2026_01_15_Miami_Heat_Boston_Celtics,2026_04_17,08:40 PM,Miami Heat,Boston Celtics,1.5,-1.5,233.0,105,-125,-110,-110,-110,-110,2.05,1.8,1.909091,1.909091,1.909091,1.909091,0.475,0.525,115.0,116.6,231.6,1,2025_NBA,,,,,,,,,,,,,,,,,,,,,,,,,under,233.0,-110.0,0.011308141594687182,0.012438954510260386,0.5297328108480356,2.9732810848035585,0.0031097386275650966,total,nba,,,,,,,,,,,,,,,,,,,,,,,0.4702671891519644,0.5297328108480356,2.126450713695986,1.8877441221719413,2.126450713695986,1.8877441221719413,0.5238094988662143,0.5238094988662143,0.5,0.5,-0.10221714159468709,-0.029732810848035585,0.0,-10.221714159468709,-2.9732810848035585,0.011308141594687182,0.029732810848035585,0.012438954510260386,1.1308141594687182,2.9732810848035585
Basketball,NBA,2026_01_16,NBA_2026_01_16_Brooklyn_Nets_Chicago_Bulls,2026_04_17,08:40 PM,Brooklyn Nets,Chicago Bulls,1.0,-1.0,228.5,-115,-105,-110,-110,-110,-110,1.869565,1.952381,1.909091,1.909091,1.909091,1.909091,0.509,0.491,113.4,113.5,226.9,1,2025_NBA,,,,,,,,,,,,,,,,,,,,,,,,,under,228.5,-110.0,0.0193986902011114,0.02133855708736695,0.5339707170591195,3.397071705911947,0.005334639271841738,total,nba,,,,,,,,,,,,,,,,,,,,,,,0.46602928294088053,0.5339707170591195,2.145787907767285,1.8727618726127322,2.145787907767285,1.8727618726127322,0.5238094988662143,0.5238094988662143,0.5,0.5,-0.11030769020111142,-0.03397071705911947,0.0,-11.030769020111142,-3.397071705911947,0.0193986902011114,0.03397071705911947,0.02133855708736695,1.9398690201111402,3.397071705911947
Basketball,NBA,2026_01_16,NBA_2026_01_16_Philadelphia_76ers_Cleveland_Cavaliers,2026_04_17,08:10 PM,Philadelphia 76ers,Cleveland Cavaliers,-1.5,1.5,236.0,-120,100,-110,-110,-110,-110,1.833333,2.0,1.909091,1.909091,1.909091,1.909091,0.519,0.481,117.5,117.1,234.6,1,2025_NBA,,,,,,,,,,,,,,,,,,,,,,,,,under,236.0,-110.0,0.011308141594687182,0.012438954510260386,0.5297328108480356,2.9732810848035585,0.0031097386275650966,total,nba,,,,,,,,,,,,,,,,,,,,,,,0.4702671891519644,0.5297328108480356,2.126450713695986,1.8877441221719413,2.126450713695986,1.8877441221719413,0.5238094988662143,0.5238094988662143,0.5,0.5,-0.10221714159468709,-0.029732810848035585,0.0,-10.221714159468709,-2.9732810848035585,0.011308141594687182,0.029732810848035585,0.012438954510260386,1.1308141594687182,2.9732810848035585
Basketball,NBA,2026_01_16,NBA_2026_01_16_Sacramento_Kings_Washington_Wizards,2026_04_17,11:10 PM,Sacramento Kings,Washington Wizards,-6.5,6.5,230.0,-245,203,-110,-110,-110,-110,1.408163,3.03,1.909091,1.909091,1.909091,1.909091,0.737,0.263,120.9,114.0,234.9,1,2025_NBA,,,,,,,,,,,,,,,,,,,,,,,,,over,230.0,-110.0,0.15116263428309717,0.16627888108351876,0.6029899225773403,10.29899225773403,0.04156972027087969,total,nba,,,,,,,,,,,,,,,,,,,,,,,0.6029899225773403,0.3970100774226597,1.6584025081642035,2.518827749894603,1.6584025081642035,2.518827749894603,0.5238094988662143,0.5238094988662143,0.5,0.5,0.15116263428309717,0.1029899225773403,0.16627888108351876,15.116263428309718,10.29899225773403,-0.24207163428309708,-0.1029899225773403,0.0,-24.20716342830971,-10.29899225773403
Basketball,NBA,2026_01_17,NBA_2026_01_17_Dallas_Mavericks_Utah_Jazz,2026_04_17,06:10 PM,Dallas Mavericks,Utah Jazz,-3.5,3.5,241.5,-175,153,-110,-110,-110,-110,1.571429,2.53,1.909091,1.909091,1.909091,1.909091,0.554,0.446,120.7,119.0,239.7,1,2025_NBA,,,,,,,,,,,,,,,,,,,,,,,,,under,241.5,-110.0,0.027481891510435785,0.030230077638471537,0.5382047746861913,3.8204774686191323,0.007557519409617884,total,nba,,,,,,,,,,,,,,,,,,,,,,,0.4617952253138087,0.5382047746861913,2.165461973584632,1.8580288526482611,2.165461973584632,1.8580288526482611,0.5238094988662143,0.5238094988662143,0.5,0.5,-0.11839089151043558,-0.03820477468619132,0.0,-11.839089151043558,-3.8204774686191323,0.027481891510435785,0.03820477468619132,0.030230077638471537,2.7481891510435785,3.8204774686191323
Basketball,NBA,2026_01_17,NBA_2026_01_17_Denver_Nuggets_Washington_Wizards,2026_04_17,10:10 PM,Denver Nuggets,Washington Wizards,-12.5,12.5,231.5,-600,446,-110,-110,-110,-110,1.166667,5.46,1.909091,1.909091,1.909091,1.909091,0.808,0.192,121.0,112.2,233.2,1,2025_NBA,,,,,,,,,,,,,,,,,,,,,,,,,over,231.5,-110.0,0.023441266232355318,0.02578539027705176,0.5360882567841738,3.608825678417382,0.00644634756926294,total,nba,,,,,,,,,,,,,,,,,,,,,,,0.5360882567841738,0.4639117432158262,1.8653644942694474,2.1555824240792476,1.8653644942694474,2.1555824240792476,0.5238094988662143,0.5238094988662143,0.5,0.5,0.023441266232355318,0.03608825678417382,0.02578539027705176,2.344126623235532,3.608825678417382,-0.11435026623235511,-0.03608825678417382,0.0,-11.435026623235512,-3.608825678417382
Basketball,NBA,2026_01_17,NBA_2026_01_17_Golden_State_Warriors_Charlotte_Hornets,2026_04_17,09:40 PM,Golden State Warriors,Charlotte Hornets,-5.5,5.5,236.0,-235,195,-110,-110,-110,-110,1.425532,2.95,1.909091,1.909091,1.909091,1.909091,0.682,0.318,118.0,112.9,230.9,1,2025_NBA,,,,,,,,,,,,,,,,,,,,,,,,,under,236.0,-110.0,0.15899606505879338,0.17489565407510718,0.6070931480263608,10.709314802636083,0.043723913518776795,total,nba,,,,,,,,,,,,,,,,,,,,,,,0.39290685197363917,0.6070931480263608,2.5451325039938264,1.6471936855999214,2.5451325039938264,1.6471936855999214,0.5238094988662143,0.5238094988662143,0.5,0.5,-0.24990506505879317,-0.10709314802636083,0.0,-24.990506505879317,-10.709314802636083,0.15899606505879338,0.10709314802636083,0.17489565407510718,15.899606505879337,10.709314802636083
Basketball,NBA,2026_01_17,NBA_2026_01_17_New_York_Knicks_Phoenix_Suns,2026_04_17,08:40 PM,New York Knicks,Phoenix Suns,-3.5,3.5,223.5,-165,145,-110,-110,-110,-110,1.606061,2.45,1.909091,1.909091,1.909091,1.909091,0.469,0.531,113.0,114.8,227.8,1,2025_NBA,,,,,,,,,,,,,,,,,,,,,,,,,over,223.5,-110.0,0.12753472630455698,0.14028818490619405,0.5906133999398441,9.061339993984408,0.03507204622654851,total,nba,,,,,,,,,,,,,,,,,,,,,,,0.5906133999398441,0.4093866000601559,1.6931549472156462,2.4426788757938303,1.6931549472156462,2.4426788757938303,0.5238094988662143,0.5238094988662143,0.5,0.5,0.12753472630455698,0.09061339993984407,0.14028818490619405,12.753472630455697,9.061339993984408,-0.21844372630455677,-0.09061339993984407,0.0,-21.844372630455677,-9.061339993984408
Basketball,NBA,2026_01_17,NBA_2026_01_17_Portland_Trail_Blazers_Los_Angeles_Lakers,2026_04_17,11:10 PM,Portland Trail Blazers,Los Angeles Lakers,-2.5,2.5,224.5,-145,125,-110,-110,-110,-110,1.689655,2.25,1.909091,1.909091,1.909091,1.909091,0.628,0.372,117.4,113.8,231.2,1,2025_NBA,,,,,,,,,,,,,,,,,,,,,,,,,over,224.5,-110.0,0.22078023497686994,0.24285823418873348,0.6394562831090136,13.945628310901359,0.05,total,nba,,,,,,,,,,,,,,,,,,,,,,,0.6394562831090136,0.36054371689098647,1.563828562506315,2.77358875817647,1.563828562506315,2.77358875817647,0.5238094988662143,0.5238094988662143,0.5,0.5,0.22078023497686994,0.1394562831090136,0.24285823418873348,22.078023497686992,13.945628310901359,-0.31168923497686973,-0.13945628310901353,0.0,-31.168923497686972,-13.945628310901354
Basketball,NBA,2026_01_17,NBA_2026_01_17_San_Antonio_Spurs_Minnesota_Timberwolves,2026_04_17,09:10 PM,San Antonio Spurs,Minnesota Timberwolves,-6.5,6.5,229.5,-240,200,-110,-110,-110,-110,1.416667,3.0,1.909091,1.909091,1.909091,1.909091,0.67,0.33,119.5,114.5,234.0,1,2025_NBA,,,,,,,,,,,,,,,,,,,,,,,,,over,229.5,-110.0,0.13543112767660404,0.14897422554684175,0.5947496099853825,9.47496099853825,0.03724355638671044,total,nba,,,,,,,,,,,,,,,,,,,,,,,0.5947496099853825,0.4052503900146175,1.6813798331445355,2.4676102099838317,1.6813798331445355,2.4676102099838317,0.5238094988662143,0.5238094988662143,0.5,0.5,0.13543112767660404,0.09474960998538251,0.14897422554684175,13.543112767660404,9.47496099853825,-0.22634012767660383,-0.09474960998538251,0.0,-22.634012767660384,-9.47496099853825
Basketball,NBA,2026_01_18,NBA_2026_01_18_Chicago_Bulls_Brooklyn_Nets,2026_04_17,08:10 PM,Chicago Bulls,Brooklyn Nets,-3.5,3.5,225.0,-240,200,-110,-110,-110,-110,1.416667,3.0,1.909091,1.909091,1.909091,1.909091,0.698,0.302,113.9,108.4,222.3,1,2025_NBA,,,,,,,,,,,,,,,,,,,,,,,,,under,225.0,-110.0,0.06374103289533517,0.07011512917335576,0.5571976573643347,5.719765736433469,0.01752878229333894,total,nba,,,,,,,,,,,,,,,,,,,,,,,0.4428023426356653,0.5571976573643347,2.2583439691121803,1.794695269772339,2.2583439691121803,1.794695269772339,0.5238094988662143,0.5238094988662143,0.5,0.5,-0.15465003289533508,-0.057197657364334686,0.0,-15.465003289533508,-5.719765736433469,0.06374103289533517,0.057197657364334686,0.07011512917335576,6.374103289533517,5.719765736433469
Basketball,NBA,2026_01_18,NBA_2026_01_18_Denver_Nuggets_Charlotte_Hornets,2026_04_17,09:10 PM,Denver Nuggets,Charlotte Hornets,-3.0,3.0,231.5,-145,125,-110,-110,-110,-110,1.689655,2.25,1.909091,1.909091,1.909091,1.909091,0.465,0.535,114.2,116.1,230.3,1,2025_NBA,,,,,,,,,,,,,,,,,,,,,,,,,under,231.5,-110.0,0.0032111586251384328,0.003532274134424923,0.525491534256428,2.549153425642803,0.0008830685336062308,total,nba,,,,,,,,,,,,,,,,,,,,,,,0.47450846574357197,0.525491534256428,2.1074439597889234,1.9029802286253816,2.1074439597889234,1.9029802286253816,0.5238094988662143,0.5238094988662143,0.5,0.5,-0.09412015862513845,-0.025491534256428028,0.0,-9.412015862513845,-2.549153425642803,0.0032111586251384328,0.025491534256428028,0.003532274134424923,0.3211158625138433,2.549153425642803
Basketball,NBA,2026_01_18,NBA_2026_01_18_Los_Angeles_Lakers_Toronto_Raptors,2026_04_17,10:40 PM,Los Angeles Lakers,Toronto Raptors,-1.5,1.5,226.5,-122,102,-110,-110,-110,-110,1.819672,2.02,1.909091,1.909091,1.909091,1.909091,0.521,0.479,112.0,111.6,223.6,1,2025_NBA,,,,,,,,,,,,,,,,,,,,,,,,,under,226.5,-110.0,0.07176763236904926,0.07894438771151553,0.5614020664122608,6.140206641226076,0.019736096927878883,total,nba,,,,,,,,,,,,,,,,,,,,,,,0.43859793358773924,0.5614020664122608,2.279992502062154,1.7812545764048875,2.279992502062154,1.7812545764048875,0.5238094988662143,0.5238094988662143,0.5,0.5,-0.16267663236904928,-0.06140206641226076,0.0,-16.267663236904927,-6.140206641226076,0.07176763236904926,0.06140206641226076,0.07894438771151553,7.176763236904926,6.140206641226076
Basketball,NBA,2026_01_19,NBA_2026_01_19_Atlanta_Hawks_Milwaukee_Bucks,2026_04_17,02:10 PM,Atlanta Hawks,Milwaukee Bucks,-3.0,3.0,230.0,-135,115,-110,-110,-110,-110,1.740741,2.15,1.909091,1.909091,1.909091,1.909091,0.526,0.474,116.3,115.6,231.9,1,2025_NBA,,,,,,,,,,,,,,,,,,,,,,,,,over,230.0,-110.0,0.03152045231118228,0.034672494075051095,0.5403202111953711,4.03202111953711,0.008668123518762774,total,nba,,,,,,,,,,,,,,,,,,,,,,,0.5403202111953711,0.45967978880462884,1.8507543846780443,2.175427383049499,1.8507543846780443,2.175427383049499,0.5238094988662143,0.5238094988662143,0.5,0.5,0.03152045231118228,0.0403202111953711,0.034672494075051095,3.152045231118228,4.03202111953711,-0.1224294523111823,-0.04032021119537116,0.0,-12.24294523111823,-4.032021119537116
Basketball,NBA,2026_01_19,NBA_2026_01_19_Detroit_Pistons_Boston_Celtics,2026_04_17,09:12 PM,Detroit Pistons,Boston Celtics,-4.5,4.5,225.0,-145,125,-110,-110,-110,-110,1.689655,2.25,1.909091,1.909091,1.909091,1.909091,0.573,0.427,113.1,110.7,223.8,1,2025_NBA,,,,,,,,,,,,,,,,,,,,,,,,,under,225.0,-110.0,0.0032111586251384328,0.003532274134424923,0.525491534256428,2.549153425642803,0.0008830685336062308,total,nba,,,,,,,,,,,,,,,,,,,,,,,0.47450846574357197,0.525491534256428,2.1074439597889234,1.9029802286253816,2.1074439597889234,1.9029802286253816,0.5238094988662143,0.5238094988662143,0.5,0.5,-0.09412015862513845,-0.025491534256428028,0.0,-9.412015862513845,-2.549153425642803,0.0032111586251384328,0.025491534256428028,0.003532274134424923,0.3211158625138433,2.549153425642803
Basketball,NBA,2026_01_19,NBA_2026_01_19_Golden_State_Warriors_Miami_Heat,2026_04_17,11:10 PM,Golden State Warriors,Miami Heat,-6.5,6.5,238.0,-245,203,-110,-110,-110,-110,1.408163,3.03,1.909091,1.909091,1.909091,1.909091,0.683,0.317,120.8,115.5,236.3,1,2025_NBA,,,,,,,,,,,,,,,,,,,,,,,,,under,238.0,-110.0,0.023441266232355318,0.02578539027705176,0.5360882567841738,3.608825678417382,0.00644634756926294,total,nba,,,,,,,,,,,,,,,,,,,,,,,0.4639117432158262,0.5360882567841738,2.1555824240792476,1.8653644942694474,2.1555824240792476,1.8653644942694474,0.5238094988662143,0.5238094988662143,0.5,0.5,-0.11435026623235511,-0.03608825678417382,0.0,-11.435026623235512,-3.608825678417382,0.023441266232355318,0.03608825678417382,0.02578539027705176,2.344126623235532,3.608825678417382
Basketball,NBA,2026_01_19,NBA_2026_01_19_Philadelphia_76ers_Indiana_Pacers,2026_04_17,08:10 PM,Philadelphia 76ers,Indiana Pacers,-10.0,10.0,226.5,-330,267,-110,-110,-110,-110,1.30303,3.67,1.909091,1.909091,1.909091,1.909091,0.721,0.279,117.1,110.6,227.7,1,2025_NBA,,,,,,,,,,,,,,,,,,,,,,,,,over,226.5,-110.0,0.0032111586251384328,0.003532274134424923,0.525491534256428,2.549153425642803,0.0008830685336062308,total,nba,,,,,,,,,,,,,,,,,,,,,,,0.525491534256428,0.47450846574357197,1.9029802286253816,2.1074439597889234,1.9029802286253816,2.1074439597889234,0.5238094988662143,0.5238094988662143,0.5,0.5,0.0032111586251384328,0.025491534256428028,0.003532274134424923,0.3211158625138433,2.549153425642803,-0.09412015862513845,-0.025491534256428028,0.0,-9.412015862513845,-2.549153425642803
Basketball,NBA,2026_01_19,NBA_2026_01_19_Washington_Wizards_Los_Angeles_Clippers,2026_04_17,04:10 PM,Washington Wizards,Los Angeles Clippers,6.0,-6.0,223.5,222,-270,-110,-110,-110,-110,3.22,1.37037,1.909091,1.909091,1.909091,1.909091,0.306,0.694,109.5,115.7,225.2,1,2025_NBA,,,,,,,,,,,,,,,,,,,,,,,,,over,223.5,-110.0,0.023441266232355318,0.02578539027705176,0.5360882567841738,3.608825678417382,0.00644634756926294,total,nba,,,,,,,,,,,,,,,,,,,,,,,0.5360882567841738,0.4639117432158262,1.8653644942694474,2.1555824240792476,1.8653644942694474,2.1555824240792476,0.5238094988662143,0.5238094988662143,0.5,0.5,0.023441266232355318,0.03608825678417382,0.02578539027705176,2.344126623235532,3.608825678417382,-0.11435026623235511,-0.03608825678417382,0.0,-11.435026623235512,-3.608825678417382
Basketball,NBA,2026_01_20,NBA_2026_01_20_Chicago_Bulls_Los_Angeles_Clippers,2026_04_17,09:10 PM,Chicago Bulls,Los Angeles Clippers,-2.0,2.0,227.0,-145,125,-110,-110,-110,-110,1.689655,2.25,1.909091,1.909091,1.909091,1.909091,0.574,0.426,113.8,111.5,225.3,1,2025_NBA,,,,,,,,,,,,,,,,,,,,,,,,,under,227.0,-110.0,0.023441266232355318,0.02578539027705176,0.5360882567841738,3.608825678417382,0.00644634756926294,total,nba,,,,,,,,,,,,,,,,,,,,,,,0.4639117432158262,0.5360882567841738,2.1555824240792476,1.8653644942694474,2.1555824240792476,1.8653644942694474,0.5238094988662143,0.5238094988662143,0.5,0.5,-0.11435026623235511,-0.03608825678417382,0.0,-11.435026623235512,-3.608825678417382,0.023441266232355318,0.03608825678417382,0.02578539027705176,2.344126623235532,3.608825678417382
Basketball,NBA,2026_01_20,NBA_2026_01_20_Denver_Nuggets_Los_Angeles_Lakers,2026_04_17,11:10 PM,Denver Nuggets,Los Angeles Lakers,1.0,-1.0,228.5,100,-120,-110,-110,-110,-110,2.0,1.833333,1.909091,1.909091,1.909091,1.909091,0.385,0.615,111.1,115.3,226.4,1,2025_NBA,,,,,,,,,,,,,,,,,,,,,,,,,under,228.5,-110.0,0.039590926470102206,0.04355001476211107,0.5445476022201677,4.454760222016773,0.010887503690527767,total,nba,,,,,,,,,,,,,,,,,,,,,,,0.45545239777983226,0.5445476022201677,2.195619135774985,1.836386747316329,2.195619135774985,1.836386747316329,0.5238094988662143,0.5238094988662143,0.5,0.5,-0.13049992647010222,-0.04454760222016774,0.0,-13.049992647010223,-4.454760222016773,0.039590926470102206,0.04454760222016774,0.04355001476211107,3.9590926470102206,4.454760222016773
Basketball,NBA,2026_01_20,NBA_2026_01_20_Golden_State_Warriors_Toronto_Raptors,2026_04_17,11:10 PM,Golden State Warriors,Toronto Raptors,-5.5,5.5,227.5,-220,186,-110,-110,-110,-110,1.454545,2.86,1.909091,1.909091,1.909091,1.909091,0.575,0.425,113.6,111.1,224.7,1,2025_NBA,,,,,,,,,,,,,,,,,,,,,,,,,under,227.5,-110.0,0.06775592788536677,0.07453151322075224,0.5593006974970637,5.930069749706368,0.01863287830518806,total,nba,,,,,,,,,,,,,,,,,,,,,,,0.4406993025029363,0.5593006974970637,2.2691209047088,1.787946992512467,2.2691209047088,1.787946992512467,0.5238094988662143,0.5238094988662143,0.5,0.5,-0.1586649278853668,-0.05930069749706368,0.0,-15.866492788536679,-5.930069749706368,0.06775592788536677,0.05930069749706368,0.07453151322075224,6.775592788536677,5.930069749706368
Basketball,NBA,2026_01_20,NBA_2026_01_20_Houston_Rockets_San_Antonio_Spurs,2026_04_17,09:10 PM,Houston Rockets,San Antonio Spurs,-5.5,5.5,225.5,-165,145,-110,-110,-110,-110,1.606061,2.45,1.909091,1.909091,1.909091,1.909091,0.619,0.381,113.1,109.6,222.7,1,2025_NBA,,,,,,,,,,,,,,,,,,,,,,,,,under,225.5,-110.0,0.06775592788536677,0.07453151322075224,0.5593006974970637,5.930069749706368,0.01863287830518806,total,nba,,,,,,,,,,,,,,,,,,,,,,,0.4406993025029363,0.5593006974970637,2.2691209047088,1.787946992512467,2.2691209047088,1.787946992512467,0.5238094988662143,0.5238094988662143,0.5,0.5,-0.1586649278853668,-0.05930069749706368,0.0,-15.866492788536679,-5.930069749706368,0.06775592788536677,0.05930069749706368,0.07453151322075224,6.775592788536677,5.930069749706368
Basketball,NBA,2026_01_20,NBA_2026_01_20_Sacramento_Kings_Miami_Heat,2026_04_17,11:10 PM,Sacramento Kings,Miami Heat,4.0,-4.0,236.5,115,-135,-110,-110,-110,-110,2.15,1.740741,1.909091,1.909091,1.909091,1.909091,0.426,0.574,115.8,119.1,234.9,1,2025_NBA,,,,,,,,,,,,,,,,,,,,,,,,,under,236.5,-110.0,0.0193986902011114,0.02133855708736695,0.5339707170591195,3.397071705911947,0.005334639271841738,total,nba,,,,,,,,,,,,,,,,,,,,,,,0.46602928294088053,0.5339707170591195,2.145787907767285,1.8727618726127322,2.145787907767285,1.8727618726127322,0.5238094988662143,0.5238094988662143,0.5,0.5,-0.11030769020111142,-0.03397071705911947,0.0,-11.030769020111142,-3.397071705911947,0.0193986902011114,0.03397071705911947,0.02133855708736695,1.9398690201111402,3.397071705911947
Basketball,NBA,2026_01_20,NBA_2026_01_20_Utah_Jazz_Minnesota_Timberwolves,2026_04_17,10:10 PM,Utah Jazz,Minnesota Timberwolves,11.0,-11.0,244.0,383,-500,-110,-110,-110,-110,4.83,1.2,1.909091,1.909091,1.909091,1.909091,0.233,0.767,116.4,125.0,241.4,1,2025_NBA,,,,,,,,,,,,,,,,,,,,,,,,,under,244.0,-110.0,0.059723058942541485,0.06569535826725968,0.5550930044416643,5.509300444166431,0.01642383956681492,total,nba,,,,,,,,,,,,,,,,,,,,,,,0.4449069955583357,0.5550930044416643,2.2476607695166733,1.8014999144257666,2.2476607695166733,1.8014999144257666,0.5238094988662143,0.5238094988662143,0.5,0.5,-0.15063205894254128,-0.05509300444166432,0.0,-15.063205894254128,-5.509300444166431,0.059723058942541485,0.05509300444166432,0.06569535826725968,5.9723058942541485,5.509300444166431
Basketball,NBA,2026_01_21,NBA_2026_01_21_Boston_Celtics_Indiana_Pacers,2026_04_17,08:40 PM,Boston Celtics,Indiana Pacers,-11.5,11.5,226.5,-525,400,-110,-110,-110,-110,1.190476,5.0,1.909091,1.909091,1.909091,1.909091,0.774,0.226,116.4,108.5,224.9,1,2025_NBA,,,,,,,,,,,,,,,,,,,,,,,,,under,226.5,-110.0,0.0193986902011114,0.02133855708736695,0.5339707170591195,3.397071705911947,0.005334639271841738,total,nba,,,,,,,,,,,,,,,,,,,,,,,0.46602928294088053,0.5339707170591195,2.145787907767285,1.8727618726127322,2.145787907767285,1.8727618726127322,0.5238094988662143,0.5238094988662143,0.5,0.5,-0.11030769020111142,-0.03397071705911947,0.0,-11.030769020111142,-3.397071705911947,0.0193986902011114,0.03397071705911947,0.02133855708736695,1.9398690201111402,3.397071705911947
Basketball,NBA,2026_01_21,NBA_2026_01_21_Charlotte_Hornets_Cleveland_Cavaliers,2026_04_17,08:10 PM,Charlotte Hornets,Cleveland Cavaliers,3.5,-3.5,236.0,120,-140,-110,-110,-110,-110,2.2,1.714286,1.909091,1.909091,1.909091,1.909091,0.436,0.564,117.4,120.2,237.6,1,2025_NBA,,,,,,,,,,,,,,,,,,,,,,,,,over,236.0,-110.0,0.0193986902011114,0.02133855708736695,0.5339707170591195,3.397071705911947,0.005334639271841738,total,nba,,,,,,,,,,,,,,,,,,,,,,,0.5339707170591195,0.4660292829408806,1.8727618726127322,2.1457879077672843,1.8727618726127322,2.1457879077672843,0.5238094988662143,0.5238094988662143,0.5,0.5,0.0193986902011114,0.03397071705911947,0.02133855708736695,1.9398690201111402,3.397071705911947,-0.11030769020111131,-0.033970717059119415,0.0,-11.03076902011113,-3.3970717059119417
Basketball,NBA,2026_01_21,NBA_2026_01_21_Memphis_Grizzlies_Atlanta_Hawks,2026_04_17,09:10 PM,Memphis Grizzlies,Atlanta Hawks,-2.0,2.0,234.0,-140,120,-110,-110,-110,-110,1.714286,2.2,1.909091,1.909091,1.909091,1.909091,0.563,0.437,118.9,116.8,235.7,1,2025_NBA,,,,,,,,,,,,,,,,,,,,,,,,,over,234.0,-110.0,0.023441266232355318,0.02578539027705176,0.5360882567841738,3.608825678417382,0.00644634756926294,total,nba,,,,,,,,,,,,,,,,,,,,,,,0.5360882567841738,0.4639117432158262,1.8653644942694474,2.1555824240792476,1.8653644942694474,2.1555824240792476,0.5238094988662143,0.5238094988662143,0.5,0.5,0.023441266232355318,0.03608825678417382,0.02578539027705176,2.344126623235532,3.608825678417382,-0.11435026623235511,-0.03608825678417382,0.0,-11.435026623235512,-3.608825678417382
Basketball,NBA,2026_01_21,NBA_2026_01_21_Milwaukee_Bucks_Oklahoma_City_Thunder,2026_04_17,10:50 PM,Milwaukee Bucks,Oklahoma City Thunder,9.0,-9.0,225.5,340,-435,-110,-110,-105,-115,4.4,1.229885,1.909091,1.909091,1.952381,1.869565,0.254,0.746,109.4,117.5,226.9,1,2025_NBA,,,,,,,,,,,,,,,,,,,,,,,,,over,225.5,-105.0,0.034240274976298446,0.03595228692749914,0.5297328108480356,4.056708218520261,0.008988071731874785,total,nba,,,,,,,,,,,,,,,,,,,,,,,0.5297328108480356,0.4702671891519644,1.8877441221719413,2.126450713695986,1.8877441221719413,2.126450713695986,0.5121951094586559,0.5348837831260214,0.489165728662833,0.510834271337167,0.034240274976298446,0.04056708218520261,0.03595228692749914,3.4240274976298446,4.056708218520261,-0.1208049225131077,-0.04056708218520255,0.0,-12.08049225131077,-4.056708218520255
Basketball,NBA,2026_01_21,NBA_2026_01_21_New_Orleans_Pelicans_Detroit_Pistons,2026_04_17,09:10 PM,New Orleans Pelicans,Detroit Pistons,7.5,-7.5,237.5,334,-425,-110,-110,-110,-110,4.34,1.235294,1.909091,1.909091,1.909091,1.909091,0.276,0.724,112.8,120.1,232.9,1,2025_NBA,,,,,,,,,,,,,,,,,,,,,,,,,under,237.5,-110.0,0.1393718241433941,0.1533089912268344,0.5968137842268357,9.681378422683572,0.0383272478067086,total,nba,,,,,,,,,,,,,,,,,,,,,,,0.40318621577316427,0.5968137842268357,2.4802435224189505,1.6755645168207478,2.4802435224189505,1.6755645168207478,0.5238094988662143,0.5238094988662143,0.5,0.5,-0.23028082414339401,-0.09681378422683573,0.0,-23.0280824143394,-9.681378422683572,0.1393718241433941,0.09681378422683573,0.1533089912268344,13.93718241433941,9.681378422683572
Basketball,NBA,2026_01_21,NBA_2026_01_21_New_York_Knicks_Brooklyn_Nets,2026_04_17,08:40 PM,New York Knicks,Brooklyn Nets,-11.0,11.0,226.0,-550,415,-110,-110,-110,-110,1.181818,5.15,1.909091,1.909091,1.909091,1.909091,0.807,0.193,116.1,107.3,223.4,1,2025_NBA,,,,,,,,,,,,,,,,,,,,,,,,,under,226.0,-110.0,0.059723058942541485,0.06569535826725968,0.5550930044416643,5.509300444166431,0.01642383956681492,total,nba,,,,,,,,,,,,,,,,,,,,,,,0.4449069955583357,0.5550930044416643,2.2476607695166733,1.8014999144257666,2.2476607695166733,1.8014999144257666,0.5238094988662143,0.5238094988662143,0.5,0.5,-0.15063205894254128,-0.05509300444166432,0.0,-15.063205894254128,-5.509300444166431,0.059723058942541485,0.05509300444166432,0.06569535826725968,5.9723058942541485,5.509300444166431
Basketball,NBA,2026_01_22,NBA_2026_01_22_Los_Angeles_Clippers_Los_Angeles_Lakers,2026_04_17,11:10 PM,Los Angeles Clippers,Los Angeles Lakers,-2.5,2.5,225.0,-115,-105,-110,-110,-110,-110,1.869565,1.952381,1.909091,1.909091,1.909091,1.909091,0.5,0.5,111.7,112.1,223.8,1,2025_NBA,,,,,,,,,,,,,,,,,,,,,,,,,under,225.0,-110.0,0.0032111586251384328,0.003532274134424923,0.525491534256428,2.549153425642803,0.0008830685336062308,total,nba,,,,,,,,,,,,,,,,,,,,,,,0.47450846574357197,0.525491534256428,2.1074439597889234,1.9029802286253816,2.1074439597889234,1.9029802286253816,0.5238094988662143,0.5238094988662143,0.5,0.5,-0.09412015862513845,-0.025491534256428028,0.0,-9.412015862513845,-2.549153425642803,0.0032111586251384328,0.025491534256428028,0.003532274134424923,0.3211158625138433,2.549153425642803
Basketball,NBA,2026_01_22,NBA_2026_01_22_Minnesota_Timberwolves_Chicago_Bulls,2026_04_17,09:10 PM,Minnesota Timberwolves,Chicago Bulls,-9.5,9.5,238.0,-400,316,-110,-110,-110,-110,1.25,4.16,1.909091,1.909091,1.909091,1.909091,0.763,0.237,122.2,114.5,236.7,1,2025_NBA,,,,,,,,,,,,,,,,,,,,,,,,,under,238.0,-110.0,0.007260397257830009,0.00798643618496939,0.5276125639154079,2.7612563915407895,0.0019966090462423475,total,nba,,,,,,,,,,,,,,,,,,,,,,,0.4723874360845921,0.5276125639154079,2.116906428097564,1.895330150174987,2.116906428097564,1.895330150174987,0.5238094988662143,0.5238094988662143,0.5,0.5,-0.09816939725782992,-0.027612563915407895,0.0,-9.81693972578299,-2.7612563915407895,0.007260397257830009,0.027612563915407895,0.00798643618496939,0.7260397257830009,2.7612563915407895
Basketball,NBA,2026_01_22,NBA_2026_01_22_Washington_Wizards_Denver_Nuggets,2026_04_17,08:10 PM,Washington Wizards,Denver Nuggets,5.5,-5.5,229.0,189,-225,-110,-110,-110,-110,2.89,1.444444,1.909091,1.909091,1.909091,1.909091,0.325,0.675,112.8,118.7,231.5,1,2025_NBA,,,,,,,,,,,,,,,,,,,,,,,,,over,229.0,-110.0,0.05570211783101153,0.061272323486880456,0.5529867972930633,5.298679729306333,0.015318080871720114,total,nba,,,,,,,,,,,,,,,,,,,,,,,0.5529867972930633,0.4470132027069366,1.8083614380942183,2.2370703906381113,1.8083614380942183,2.2370703906381113,0.5238094988662143,0.5238094988662143,0.5,0.5,0.05570211783101153,0.052986797293063326,0.061272323486880456,5.570211783101153,5.298679729306333,-0.14661111783101166,-0.05298679729306338,0.0,-14.661111783101166,-5.298679729306338
Basketball,NBA,2026_01_23,NBA_2026_01_23_Milwaukee_Bucks_Denver_Nuggets,2026_04_17,10:40 PM,Milwaukee Bucks,Denver Nuggets,-5.0,5.0,223.0,-225,189,-110,-110,-110,-110,1.444444,2.89,1.909091,1.909091,1.909091,1.909091,0.734,0.266,113.6,106.6,220.2,1,2025_NBA,,,,,,,,,,,,,,,,,,,,,,,,,under,223.0,-110.0,0.06775592788536677,0.07453151322075224,0.5593006974970637,5.930069749706368,0.01863287830518806,total,nba,,,,,,,,,,,,,,,,,,,,,,,0.4406993025029363,0.5593006974970637,2.2691209047088,1.787946992512467,2.2691209047088,1.787946992512467,0.5238094988662143,0.5238094988662143,0.5,0.5,-0.1586649278853668,-0.05930069749706368,0.0,-15.866492788536679,-5.930069749706368,0.06775592788536677,0.05930069749706368,0.07453151322075224,6.775592788536677,5.930069749706368
Basketball,NBA,2026_01_23,NBA_2026_01_23_Oklahoma_City_Thunder_Indiana_Pacers,2026_04_17,09:10 PM,Oklahoma City Thunder,Indiana Pacers,-16.0,16.0,227.0,-1500,874,-105,-115,-105,-115,1.066667,9.74,1.952381,1.869565,1.952381,1.869565,0.864,0.136,119.6,108.7,228.3,1,2025_NBA,,,,,,,,,,,,,,,,,,,,,,,,,over,227.0,-105.0,0.030100745149727937,0.03160578082692529,0.5276125639154079,3.8446835252574916,0.007901445206731323,total,nba,,,,,,,,,,,,,,,,,,,,,,,0.5276125639154079,0.4723874360845921,1.895330150174987,2.116906428097564,1.895330150174987,2.116906428097564,0.5121951094586559,0.5348837831260214,0.489165728662833,0.510834271337167,0.030100745149727937,0.03844683525257492,0.03160578082692529,3.0100745149727937,3.8446835252574916,-0.11684098305650958,-0.03844683525257486,0.0,-11.68409830565096,-3.8446835252574862
Basketball,NBA,2026_01_24,NBA_2026_01_24_Dallas_Mavericks_Los_Angeles_Lakers,2026_04_17,09:40 PM,Dallas Mavericks,Los Angeles Lakers,4.0,-4.0,236.5,149,-170,-110,-110,-110,-110,2.49,1.588235,1.909091,1.909091,1.909091,1.909091,0.402,0.598,113.7,117.5,231.2,1,2025_NBA,,,,,,,,,,,,,,,,,,,,,,,,,under,236.5,-110.0,0.16680684311211658,0.1834875090745772,0.6111845077642273,11.118450776422728,0.0458718772686443,total,nba,,,,,,,,,,,,,,,,,,,,,,,0.3888154922357727,0.6111845077642273,2.57191397968683,1.6361671267782913,2.57191397968683,1.6361671267782913,0.5238094988662143,0.5238094988662143,0.5,0.5,-0.25771584311211637,-0.11118450776422728,0.0,-25.771584311211637,-11.118450776422728,0.16680684311211658,0.11118450776422728,0.1834875090745772,16.680684311211657,11.118450776422728
Basketball,NBA,2026_01_24,NBA_2026_01_24_Orlando_Magic_Cleveland_Cavaliers,2026_04_17,08:10 PM,Orlando Magic,Cleveland Cavaliers,1.0,-1.0,228.0,-120,100,-110,-110,-110,-110,1.833333,2.0,1.909091,1.909091,1.909091,1.909091,0.591,0.409,116.7,113.9,230.6,1,2025_NBA,,,,,,,,,,,,,,,,,,,,,,,,,over,228.0,-110.0,0.059723058942541485,0.06569535826725968,0.5550930044416643,5.509300444166431,0.01642383956681492,total,nba,,,,,,,,,,,,,,,,,,,,,,,0.5550930044416643,0.4449069955583357,1.8014999144257666,2.2476607695166733,1.8014999144257666,2.2476607695166733,0.5238094988662143,0.5238094988662143,0.5,0.5,0.059723058942541485,0.05509300444166432,0.06569535826725968,5.9723058942541485,5.509300444166431,-0.15063205894254128,-0.05509300444166432,0.0,-15.063205894254128,-5.509300444166431
Basketball,NBA,2026_01_24,NBA_2026_01_24_Philadelphia_76ers_New_York_Knicks,2026_04_17,04:10 PM,Philadelphia 76ers,New York Knicks,-2.0,2.0,231.0,-107,-113,-110,-110,-110,-110,1.934579,1.884956,1.909091,1.909091,1.909091,1.909091,0.686,0.314,117.1,111.9,229.0,1,2025_NBA,,,,,,,,,,,,,,,,,,,,,,,,,under,231.0,-110.0,0.035556835085732263,0.03911251468305408,0.5424345068337404,4.243450683374039,0.00977812867076352,total,nba,,,,,,,,,,,,,,,,,,,,,,,0.4575654931662596,0.5424345068337404,2.185479488586879,1.8435405332841523,2.185479488586879,1.8435405332841523,0.5238094988662143,0.5238094988662143,0.5,0.5,-0.12646583508573228,-0.04243450683374039,0.0,-12.646583508573228,-4.243450683374039,0.035556835085732263,0.04243450683374039,0.03911251468305408,3.5556835085732263,4.243450683374039
Basketball,NBA,2026_01_25,NBA_2026_01_25_Minnesota_Timberwolves_Golden_State_Warriors,2026_04_17,06:30 PM,Minnesota Timberwolves,Golden State Warriors,-5.0,5.0,235.0,-235,195,-110,-110,-110,-110,1.425532,2.95,1.909091,1.909091,1.909091,1.909091,0.556,0.444,117.8,116.0,233.8,1,2025_NBA,,,,,,,,,,,,,,,,,,,,,,,,,under,235.0,-110.0,0.0032111586251384328,0.003532274134424923,0.525491534256428,2.549153425642803,0.0008830685336062308,total,nba,,,,,,,,,,,,,,,,,,,,,,,0.47450846574357197,0.525491534256428,2.1074439597889234,1.9029802286253816,2.1074439597889234,1.9029802286253816,0.5238094988662143,0.5238094988662143,0.5,0.5,-0.09412015862513845,-0.025491534256428028,0.0,-9.412015862513845,-2.549153425642803,0.0032111586251384328,0.025491534256428028,0.003532274134424923,0.3211158625138433,2.549153425642803
Basketball,NBA,2026_01_25,NBA_2026_01_25_San_Antonio_Spurs_New_Orleans_Pelicans,2026_04_17,08:10 PM,San Antonio Spurs,New Orleans Pelicans,-12.0,12.0,239.0,-625,461,-110,-110,-110,-110,1.16,5.61,1.909091,1.909091,1.909091,1.909091,0.878,0.122,123.8,112.7,236.5,1,2025_NBA,,,,,,,,,,,,,,,,,,,,,,,,,under,239.0,-110.0,0.05570211783101153,0.061272323486880456,0.5529867972930633,5.298679729306333,0.015318080871720114,total,nba,,,,,,,,,,,,,,,,,,,,,,,0.4470132027069367,0.5529867972930633,2.2370703906381113,1.8083614380942183,2.2370703906381113,1.8083614380942183,0.5238094988662143,0.5238094988662143,0.5,0.5,-0.14661111783101155,-0.052986797293063326,0.0,-14.661111783101155,-5.298679729306333,0.05570211783101153,0.052986797293063326,0.061272323486880456,5.570211783101153,5.298679729306333
Basketball,NBA,2026_01_26,NBA_2026_01_26_Chicago_Bulls_Los_Angeles_Lakers,2026_04_17,09:10 PM,Chicago Bulls,Los Angeles Lakers,2.0,-2.0,232.5,-103,-117,-110,-110,-110,-110,1.970874,1.854701,1.909091,1.909091,1.909091,1.909091,0.522,0.478,117.9,117.2,235.1,1,2025_NBA,,,,,,,,,,,,,,,,,,,,,,,,,over,232.5,-110.0,0.059723058942541485,0.06569535826725968,0.5550930044416643,5.509300444166431,0.01642383956681492,total,nba,,,,,,,,,,,,,,,,,,,,,,,0.5550930044416643,0.4449069955583357,1.8014999144257666,2.2476607695166733,1.8014999144257666,2.2476607695166733,0.5238094988662143,0.5238094988662143,0.5,0.5,0.059723058942541485,0.05509300444166432,0.06569535826725968,5.9723058942541485,5.509300444166431,-0.15063205894254128,-0.05509300444166432,0.0,-15.063205894254128,-5.509300444166431
Basketball,NBA,2026_01_26,NBA_2026_01_26_Cleveland_Cavaliers_Orlando_Magic,2026_04_17,08:10 PM,Cleveland Cavaliers,Orlando Magic,-5.0,5.0,226.0,-200,174,-110,-110,-110,-110,1.5,2.74,1.909091,1.909091,1.909091,1.909091,0.682,0.318,116.7,111.4,228.1,1,2025_NBA,,,,,,,,,,,,,,,,,,,,,,,,,over,226.0,-110.0,0.039590926470102206,0.04355001476211107,0.5445476022201677,4.454760222016773,0.010887503690527767,total,nba,,,,,,,,,,,,,,,,,,,,,,,0.5445476022201677,0.45545239777983226,1.836386747316329,2.195619135774985,1.836386747316329,2.195619135774985,0.5238094988662143,0.5238094988662143,0.5,0.5,0.039590926470102206,0.04454760222016774,0.04355001476211107,3.9590926470102206,4.454760222016773,-0.13049992647010222,-0.04454760222016774,0.0,-13.049992647010223,-4.454760222016773
Basketball,NBA,2026_01_26,NBA_2026_01_26_Minnesota_Timberwolves_Golden_State_Warriors,2026_04_17,10:40 PM,Minnesota Timberwolves,Golden State Warriors,-7.0,7.0,233.5,-300,245,-110,-110,-110,-110,1.333333,3.45,1.909091,1.909091,1.909091,1.909091,0.691,0.309,118.7,113.3,232.0,1,2025_NBA,,,,,,,,,,,,,,,,,,,,,,,,,under,233.5,-110.0,0.015354277306573128,0.016889703348260104,0.5318522151676233,3.1852215167623266,0.004222425837065026,total,nba,,,,,,,,,,,,,,,,,,,,,,,0.46814778483237673,0.5318522151676233,2.1360776071130108,1.8802215568188074,2.1360776071130108,1.8802215568188074,0.5238094988662143,0.5238094988662143,0.5,0.5,-0.10626327730657303,-0.031852215167623266,0.0,-10.626327730657303,-3.1852215167623266,0.015354277306573128,0.031852215167623266,0.016889703348260104,1.5354277306573128,3.1852215167623266
Basketball,NBA,2026_01_27,NBA_2026_01_27_Denver_Nuggets_Detroit_Pistons,2026_04_17,10:10 PM,Denver Nuggets,Detroit Pistons,6.0,-6.0,219.0,203,-245,-110,-110,-110,-110,3.03,1.408163,1.909091,1.909091,1.909091,1.909091,0.322,0.678,107.8,113.8,221.6,1,2025_NBA,,,,,,,,,,,,,,,,,,,,,,,,,over,219.0,-110.0,0.059723058942541485,0.06569535826725968,0.5550930044416643,5.509300444166431,0.01642383956681492,total,nba,,,,,,,,,,,,,,,,,,,,,,,0.5550930044416643,0.4449069955583357,1.8014999144257666,2.2476607695166733,1.8014999144257666,2.2476607695166733,0.5238094988662143,0.5238094988662143,0.5,0.5,0.059723058942541485,0.05509300444166432,0.06569535826725968,5.9723058942541485,5.509300444166431,-0.15063205894254128,-0.05509300444166432,0.0,-15.063205894254128,-5.509300444166431
Basketball,NBA,2026_01_27,NBA_2026_01_27_Oklahoma_City_Thunder_New_Orleans_Pelicans,2026_04_17,09:10 PM,Oklahoma City Thunder,New Orleans Pelicans,-14.5,14.5,233.0,-900,613,-110,-110,-110,-110,1.111111,7.13,1.909091,1.909091,1.909091,1.909091,0.845,0.155,122.3,112.2,234.5,1,2025_NBA,,,,,,,,,,,,,,,,,,,,,,,,,over,233.0,-110.0,0.015354277306573128,0.016889703348260104,0.5318522151676233,3.1852215167623266,0.004222425837065026,total,nba,,,,,,,,,,,,,,,,,,,,,,,0.5318522151676233,0.46814778483237673,1.8802215568188074,2.1360776071130108,1.8802215568188074,2.1360776071130108,0.5238094988662143,0.5238094988662143,0.5,0.5,0.015354277306573128,0.031852215167623266,0.016889703348260104,1.5354277306573128,3.1852215167623266,-0.10626327730657303,-0.031852215167623266,0.0,-10.626327730657303,-3.1852215167623266
Basketball,NBA,2026_01_27,NBA_2026_01_27_Phoenix_Suns_Brooklyn_Nets,2026_04_17,10:10 PM,Phoenix Suns,Brooklyn Nets,-9.5,9.5,211.0,-380,303,-110,-110,-110,-110,1.263158,4.03,1.909091,1.909091,1.909091,1.909091,0.724,0.276,110.4,103.8,214.2,1,2025_NBA,,,,,,,,,,,,,,,,,,,,,,,,,over,211.0,-110.0,0.08378249144771499,0.09216073137641334,0.5676955637252048,6.76955637252048,0.023040182844103335,total,nba,,,,,,,,,,,,,,,,,,,,,,,0.5676955637252048,0.4323044362747952,1.761507511945353,2.3131846821121864,1.761507511945353,2.3131846821121864,0.5238094988662143,0.5238094988662143,0.5,0.5,0.08378249144771499,0.0676955637252048,0.09216073137641334,8.378249144771498,6.76955637252048,-0.1746914914477149,-0.0676955637252048,0.0,-17.46914914477149,-6.76955637252048
Basketball,NBA,2026_01_27,NBA_2026_01_27_Washington_Wizards_Portland_Trail_Blazers,2026_04_17,08:10 PM,Washington Wizards,Portland Trail Blazers,6.0,-6.0,231.0,230,-280,-110,-110,-110,-110,3.3,1.357143,1.909091,1.909091,1.909091,1.909091,0.315,0.685,113.3,119.4,232.7,1,2025_NBA,,,,,,,,,,,,,,,,,,,,,,,,,over,231.0,-110.0,0.023441266232355318,0.02578539027705176,0.5360882567841738,3.608825678417382,0.00644634756926294,total,nba,,,,,,,,,,,,,,,,,,,,,,,0.5360882567841738,0.4639117432158262,1.8653644942694474,2.1555824240792476,1.8653644942694474,2.1555824240792476,0.5238094988662143,0.5238094988662143,0.5,0.5,0.023441266232355318,0.03608825678417382,0.02578539027705176,2.344126623235532,3.608825678417382,-0.11435026623235511,-0.03608825678417382,0.0,-11.435026623235512,-3.608825678417382
Basketball,NBA,2026_01_28,NBA_2026_01_28_Houston_Rockets_San_Antonio_Spurs,2026_04_17,10:40 PM,Houston Rockets,San Antonio Spurs,-3.0,3.0,218.5,-145,125,-105,-115,-105,-115,1.689655,2.25,1.952381,1.869565,1.952381,1.869565,0.597,0.403,112.3,109.5,221.8,1,2025_NBA,,,,,,,,,,,,,,,,,,,,,,,,,over,218.5,-105.0,0.11244651866164501,0.11806883869128534,0.5697896663928019,8.062393772996895,0.029517209672821336,total,nba,,,,,,,,,,,,,,,,,,,,,,,0.5697896663928019,0.43021033360719807,1.755033583411145,2.3244443981976644,1.755033583411145,2.3244443981976644,0.5121951094586559,0.5348837831260214,0.489165728662833,0.510834271337167,0.11244651866164501,0.08062393772996895,0.11806883869128534,11.244651866164501,8.062393772996895,-0.19569381764965876,-0.0806239377299689,0.0,-19.569381764965875,-8.06239377299689
Basketball,NBA,2026_01_28,NBA_2026_01_28_Indiana_Pacers_Chicago_Bulls,2026_04_17,08:10 PM,Indiana Pacers,Chicago Bulls,1.0,-1.0,236.0,100,-120,-105,-115,-110,-110,2.0,1.833333,1.952381,1.869565,1.909091,1.909091,0.461,0.539,115.8,117.9,233.7,1,2025_NBA,,,,,,,,,,,,,,,,,,,,,,,,,under,236.0,-110.0,0.047651782594051895,0.05241695561176152,0.5487699552268864,4.8769955226886434,0.01310423890294038,total,nba,,,,,,,,,,,,,,,,,,,,,,,0.45123004477311357,0.5487699552268864,2.216164485462881,1.8222571962536736,2.216164485462881,1.8222571962536736,0.5238094988662143,0.5238094988662143,0.5,0.5,-0.1385607825940518,-0.04876995522688643,0.0,-13.85607825940518,-4.8769955226886434,0.047651782594051895,0.04876995522688643,0.05241695561176152,4.7651782594051895,4.8769955226886434
Basketball,NBA,2026_01_28,NBA_2026_01_28_Toronto_Raptors_New_York_Knicks,2026_04_17,08:40 PM,Toronto Raptors,New York Knicks,-2.0,2.0,225.0,-135,115,-110,-110,-110,-110,1.740741,2.15,1.909091,1.909091,1.909091,1.909091,0.544,0.456,112.4,111.1,223.5,1,2025_NBA,,,,,,,,,,,,,,,,,,,,,,,,,under,225.0,-110.0,0.015354277306573128,0.016889703348260104,0.5318522151676233,3.1852215167623266,0.004222425837065026,total,nba,,,,,,,,,,,,,,,,,,,,,,,0.46814778483237673,0.5318522151676233,2.1360776071130108,1.8802215568188074,2.1360776071130108,1.8802215568188074,0.5238094988662143,0.5238094988662143,0.5,0.5,-0.10626327730657303,-0.031852215167623266,0.0,-10.626327730657303,-3.1852215167623266,0.015354277306573128,0.031852215167623266,0.016889703348260104,1.5354277306573128,3.1852215167623266
Basketball,NBA,2026_01_28,NBA_2026_01_28_Utah_Jazz_Golden_State_Warriors,2026_04_17,10:10 PM,Utah Jazz,Golden State Warriors,9.5,-9.5,240.5,316,-400,-110,-110,-110,-110,4.16,1.25,1.909091,1.909091,1.909091,1.909091,0.283,0.717,116.0,122.9,238.9,1,2025_NBA,,,,,,,,,,,,,,,,,,,,,,,,,under,240.5,-110.0,0.0193986902011114,0.02133855708736695,0.5339707170591195,3.397071705911947,0.005334639271841738,total,nba,,,,,,,,,,,,,,,,,,,,,,,0.46602928294088053,0.5339707170591195,2.145787907767285,1.8727618726127322,2.145787907767285,1.8727618726127322,0.5238094988662143,0.5238094988662143,0.5,0.5,-0.11030769020111142,-0.03397071705911947,0.0,-11.030769020111142,-3.397071705911947,0.0193986902011114,0.03397071705911947,0.02133855708736695,1.9398690201111402,3.397071705911947
Basketball,NBA,2026_01_29,NBA_2026_01_29_Chicago_Bulls_Miami_Heat,2026_04_17,09:10 PM,Chicago Bulls,Miami Heat,-1.5,1.5,242.5,-105,-115,-110,-110,-110,-110,1.952381,1.869565,1.909091,1.909091,1.909091,1.909091,0.477,0.523,118.7,120.2,238.9,1,2025_NBA,,,,,,,,,,,,,,,,,,,,,,,,,under,242.5,-110.0,0.09975091888479937,0.1097259998006792,0.5760599776987054,7.605997769870543,0.0274314999501698,total,nba,,,,,,,,,,,,,,,,,,,,,,,0.4239400223012946,0.5760599776987054,2.3588242378524455,1.7359303522436798,2.3588242378524455,1.7359303522436798,0.5238094988662143,0.5238094988662143,0.5,0.5,-0.19065991888479916,-0.07605997769870543,0.0,-19.065991888479918,-7.605997769870543,0.09975091888479937,0.07605997769870543,0.1097259998006792,9.975091888479938,7.605997769870543
Basketball,NBA,2026_01_29,NBA_2026_01_29_Dallas_Mavericks_Charlotte_Hornets,2026_04_17,09:40 PM,Dallas Mavericks,Charlotte Hornets,4.0,-4.0,230.0,145,-165,-110,-110,-110,-110,2.45,1.606061,1.909091,1.909091,1.909091,1.909091,0.407,0.593,112.1,115.8,227.9,1,2025_NBA,,,,,,,,,,,,,,,,,,,,,,,,,under,230.0,-110.0,0.039590926470102206,0.04355001476211107,0.5445476022201677,4.454760222016773,0.010887503690527767,total,nba,,,,,,,,,,,,,,,,,,,,,,,0.45545239777983226,0.5445476022201677,2.195619135774985,1.836386747316329,2.195619135774985,1.836386747316329,0.5238094988662143,0.5238094988662143,0.5,0.5,-0.13049992647010222,-0.04454760222016774,0.0,-13.049992647010223,-4.454760222016773,0.039590926470102206,0.04454760222016774,0.04355001476211107,3.9590926470102206,4.454760222016773
Basketball,NBA,2026_01_29,NBA_2026_01_29_Phoenix_Suns_Detroit_Pistons,2026_04_17,10:10 PM,Phoenix Suns,Detroit Pistons,4.5,-4.5,212.0,149,-170,-110,-110,-110,-110,2.49,1.588235,1.909091,1.909091,1.909091,1.909091,0.365,0.635,105.5,110.2,215.7,1,2025_NBA,,,,,,,,,,,,,,,,,,,,,,,,,over,212.0,-110.0,0.10373311805063357,0.11410641844505506,0.5781458914481465,7.814589144814654,0.028526604611263766,total,nba,,,,,,,,,,,,,,,,,,,,,,,0.5781458914481465,0.42185410855185346,1.7296672255080605,2.3704877580375205,1.7296672255080605,2.3704877580375205,0.5238094988662143,0.5238094988662143,0.5,0.5,0.10373311805063357,0.07814589144814654,0.11410641844505506,10.373311805063356,7.814589144814654,-0.19464211805063347,-0.07814589144814654,0.0,-19.464211805063346,-7.814589144814654
Basketball,NBA,2026_01_30,NBA_2026_01_30_Boston_Celtics_Sacramento_Kings,2026_04_17,08:40 PM,Boston Celtics,Sacramento Kings,-14.0,14.0,226.0,-550,415,-110,-110,-110,-110,1.181818,5.15,1.909091,1.909091,1.909091,1.909091,0.867,0.133,116.7,105.8,222.5,1,2025_NBA,,,,,,,,,,,,,,,,,,,,,,,,,under,226.0,-110.0,0.0957646473468452,0.10534110154741944,0.573971930802065,7.397193080206499,0.02633527538685486,total,nba,,,,,,,,,,,,,,,,,,,,,,,0.426028069197935,0.573971930802065,2.3472631788855076,1.7422454763643336,2.3472631788855076,1.7422454763643336,0.5238094988662143,0.5238094988662143,0.5,0.5,-0.186673647346845,-0.07397193080206499,0.0,-18.6673647346845,-7.397193080206499,0.0957646473468452,0.07397193080206499,0.10534110154741944,9.57646473468452,7.397193080206499
Basketball,NBA,2026_01_30,NBA_2026_01_30_Denver_Nuggets_Los_Angeles_Clippers,2026_04_17,10:10 PM,Denver Nuggets,Los Angeles Clippers,5.5,-5.5,210.5,174,-200,-110,-110,-110,-110,2.74,1.5,1.909091,1.909091,1.909091,1.909091,0.38,0.62,104.3,108.6,212.9,1,2025_NBA,,,,,,,,,,,,,,,,,,,,,,,,,over,210.5,-110.0,0.05167832161588626,0.05684614809285995,0.5508790946140787,5.087909461407869,0.014211537023214987,total,nba,,,,,,,,,,,,,,,,,,,,,,,0.5508790946140787,0.44912090538592125,1.8152803578443204,2.226571927531894,1.8152803578443204,2.226571927531894,0.5238094988662143,0.5238094988662143,0.5,0.5,0.05167832161588626,0.05087909461407869,0.05684614809285995,5.167832161588626,5.087909461407869,-0.14258732161588616,-0.050879094614078746,0.0,-14.258732161588616,-5.087909461407874
Basketball,NBA,2026_01_30,NBA_2026_01_30_New_Orleans_Pelicans_Memphis_Grizzlies,2026_04_17,08:40 PM,New Orleans Pelicans,Memphis Grizzlies,-1.5,1.5,241.5,-150,130,-110,-110,-110,-110,1.666667,2.3,1.909091,1.909091,1.909091,1.909091,0.556,0.444,118.4,116.5,234.9,1,2025_NBA,,,,,,,,,,,,,,,,,,,,,,,,,under,241.5,-110.0,0.21696894322286453,0.2386658136785696,0.6374598922853151,13.745989228531508,0.05,total,nba,,,,,,,,,,,,,,,,,,,,,,,0.3625401077146849,0.6374598922853151,2.758315504189647,1.5687261459147908,2.758315504189647,1.5687261459147908,0.5238094988662143,0.5238094988662143,0.5,0.5,-0.30787794322286444,-0.13745989228531508,0.0,-30.787794322286445,-13.745989228531508,0.21696894322286453,0.13745989228531508,0.2386658136785696,21.696894322286454,13.745989228531508
Basketball,NBA,2026_01_30,NBA_2026_01_30_Orlando_Magic_Toronto_Raptors,2026_04_17,08:42 PM,Orlando Magic,Toronto Raptors,-1.5,1.5,218.5,-115,-105,-110,-110,-110,-110,1.869565,1.952381,1.909091,1.909091,1.909091,1.909091,0.528,0.472,110.4,109.5,219.9,1,2025_NBA,,,,,,,,,,,,,,,,,,,,,,,,,over,218.5,-110.0,0.011308141594687182,0.012438954510260386,0.5297328108480356,2.9732810848035585,0.0031097386275650966,total,nba,,,,,,,,,,,,,,,,,,,,,,,0.5297328108480356,0.4702671891519644,1.8877441221719413,2.126450713695986,1.8877441221719413,2.126450713695986,0.5238094988662143,0.5238094988662143,0.5,0.5,0.011308141594687182,0.029732810848035585,0.012438954510260386,1.1308141594687182,2.9732810848035585,-0.10221714159468709,-0.029732810848035585,0.0,-10.221714159468709,-2.9732810848035585
Basketball,NBA,2026_01_30,NBA_2026_01_30_Washington_Wizards_Los_Angeles_Lakers,2026_04_17,08:10 PM,Washington Wizards,Los Angeles Lakers,8.0,-8.0,228.0,245,-300,-110,-110,-110,-110,3.45,1.333333,1.909091,1.909091,1.909091,1.909091,0.237,0.763,110.6,119.2,229.8,1,2025_NBA,,,,,,,,,,,,,,,,,,,,,,,,,over,228.0,-110.0,0.027481891510435785,0.030230077638471537,0.5382047746861913,3.8204774686191323,0.007557519409617884,total,nba,,,,,,,,,,,,,,,,,,,,,,,0.5382047746861913,0.4617952253138087,1.8580288526482611,2.165461973584632,1.8580288526482611,2.165461973584632,0.5238094988662143,0.5238094988662143,0.5,0.5,0.027481891510435785,0.03820477468619132,0.030230077638471537,2.7481891510435785,3.8204774686191323,-0.11839089151043558,-0.03820477468619132,0.0,-11.839089151043558,-3.8204774686191323
Basketball,NBA,2026_01_31,NBA_2026_01_31_Philadelphia_76ers_New_Orleans_Pelicans,2026_04_17,08:40 PM,Philadelphia 76ers,New Orleans Pelicans,-10.0,10.0,232.0,-415,327,-110,-110,-110,-110,1.240964,4.27,1.909091,1.909091,1.909091,1.909091,0.763,0.237,120.8,113.1,233.9,1,2025_NBA,,,,,,,,,,,,,,,,,,,,,,,,,over,232.0,-110.0,0.03152045231118228,0.034672494075051095,0.5403202111953711,4.03202111953711,0.008668123518762774,total,nba,,,,,,,,,,,,,,,,,,,,,,,0.5403202111953711,0.45967978880462884,1.8507543846780443,2.175427383049499,1.8507543846780443,2.175427383049499,0.5238094988662143,0.5238094988662143,0.5,0.5,0.03152045231118228,0.0403202111953711,0.034672494075051095,3.152045231118228,4.03202111953711,-0.1224294523111823,-0.04032021119537116,0.0,-12.24294523111823,-4.032021119537116
Basketball,NBA,2026_02_01,NBA_2026_02_01_Denver_Nuggets_Oklahoma_City_Thunder,2026_04_17,10:40 PM,Denver Nuggets,Oklahoma City Thunder,4.0,-4.0,229.0,165,-190,-110,-110,-110,-110,2.65,1.526316,1.909091,1.909091,1.909091,1.909091,0.346,0.654,111.0,116.3,227.3,1,2025_NBA,,,,,,,,,,,,,,,,,,,,,,,,,under,229.0,-110.0,0.023441266232355318,0.02578539027705176,0.5360882567841738,3.608825678417382,0.00644634756926294,total,nba,,,,,,,,,,,,,,,,,,,,,,,0.4639117432158262,0.5360882567841738,2.1555824240792476,1.8653644942694474,2.1555824240792476,1.8653644942694474,0.5238094988662143,0.5238094988662143,0.5,0.5,-0.11435026623235511,-0.03608825678417382,0.0,-11.435026623235512,-3.608825678417382,0.023441266232355318,0.03608825678417382,0.02578539027705176,2.344126623235532,3.608825678417382
Basketball,NBA,2026_02_01,NBA_2026_02_01_Detroit_Pistons_Brooklyn_Nets,2026_04_17,07:10 PM,Detroit Pistons,Brooklyn Nets,-13.5,13.5,213.5,-850,586,-110,-110,-110,-110,1.117647,6.86,1.909091,1.909091,1.909091,1.909091,0.86,0.14,113.1,102.4,215.5,1,2025_NBA,,,,,,,,,,,,,,,,,,,,,,,,,over,213.5,-110.0,0.035556835085732263,0.03911251468305408,0.5424345068337404,4.243450683374039,0.00977812867076352,total,nba,,,,,,,,,,,,,,,,,,,,,,,0.5424345068337404,0.4575654931662596,1.8435405332841523,2.185479488586879,1.8435405332841523,2.185479488586879,0.5238094988662143,0.5238094988662143,0.5,0.5,0.035556835085732263,0.04243450683374039,0.03911251468305408,3.5556835085732263,4.243450683374039,-0.12646583508573228,-0.04243450683374039,0.0,-12.646583508573228,-4.243450683374039
Basketball,NBA,2026_02_01,NBA_2026_02_01_Miami_Heat_Chicago_Bulls,2026_04_17,07:10 PM,Miami Heat,Chicago Bulls,-3.0,3.0,235.5,-145,125,-110,-110,-110,-110,1.689655,2.25,1.909091,1.909091,1.909091,1.909091,0.575,0.425,120.8,118.5,239.3,1,2025_NBA,,,,,,,,,,,,,,,,,,,,,,,,,over,235.5,-110.0,0.10771113605814531,0.11848223781573593,0.580229615067142,8.0229615067142,0.029620559453933982,total,nba,,,,,,,,,,,,,,,,,,,,,,,0.580229615067142,0.41977038493285806,1.7234556355491848,2.382254765685648,1.7234556355491848,2.382254765685648,0.5238094988662143,0.5238094988662143,0.5,0.5,0.10771113605814531,0.08022961506714199,0.11848223781573593,10.77111360581453,8.0229615067142,-0.198620136058145,-0.08022961506714194,0.0,-19.8620136058145,-8.022961506714193
Basketball,NBA,2026_02_01,NBA_2026_02_01_Phoenix_Suns_Los_Angeles_Clippers,2026_04_17,09:10 PM,Phoenix Suns,Los Angeles Clippers,-2.5,2.5,212.0,-105,-115,-115,-105,-110,-110,1.952381,1.869565,1.869565,1.952381,1.909091,1.909091,0.556,0.444,108.3,106.5,214.8,1,2025_NBA,,,,,,,,,,,,,,,,,,,,,,,,,over,212.0,-110.0,0.06775592788536677,0.07453151322075224,0.5593006974970637,5.930069749706368,0.01863287830518806,total,nba,,,,,,,,,,,,,,,,,,,,,,,0.5593006974970637,0.4406993025029363,1.787946992512467,2.2691209047088,1.787946992512467,2.2691209047088,0.5238094988662143,0.5238094988662143,0.5,0.5,0.06775592788536677,0.05930069749706368,0.07453151322075224,6.775592788536677,5.930069749706368,-0.1586649278853668,-0.05930069749706368,0.0,-15.866492788536679,-5.930069749706368
Basketball,NBA,2026_02_01,NBA_2026_02_01_Portland_Trail_Blazers_Cleveland_Cavaliers,2026_04_17,10:10 PM,Portland Trail Blazers,Cleveland Cavaliers,1.5,-1.5,229.0,130,-150,-105,-115,-115,-105,2.3,1.666667,1.952381,1.869565,1.869565,1.952381,0.403,0.597,114.2,117.8,232.0,1,2025_NBA,,,,,,,,,,,,,,,,,,,,,,,,,over,229.0,-115.0,0.053503066648151965,0.06152854202751021,0.5635017058236285,5.2667434486461495,0.015382135506877552,total,nba,,,,,,,,,,,,,,,,,,,,,,,0.5635017058236285,0.43649829417637154,1.7746175205244046,2.2909596975330673,1.7746175205244046,2.2909596975330673,0.5348837831260214,0.5121951094586559,0.510834271337167,0.489165728662833,0.053503066648151965,0.052667434486461495,0.06152854202751021,5.3503066648151965,5.2667434486461495,-0.1477890239176416,-0.05266743448646144,0.0,-14.77890239176416,-5.266743448646144
Basketball,NBA,2026_02_01,NBA_2026_02_01_San_Antonio_Spurs_Orlando_Magic,2026_04_17,10:10 PM,San Antonio Spurs,Orlando Magic,-6.5,6.5,225.5,-200,174,-105,-115,-110,-110,1.5,2.74,1.952381,1.869565,1.909091,1.909091,0.636,0.364,115.8,111.8,227.6,1,2025_NBA,,,,,,,,,,,,,,,,,,,,,,,,,over,225.5,-110.0,0.039590926470102206,0.04355001476211107,0.5445476022201677,4.454760222016773,0.010887503690527767,total,nba,,,,,,,,,,,,,,,,,,,,,,,0.5445476022201677,0.45545239777983226,1.836386747316329,2.195619135774985,1.836386747316329,2.195619135774985,0.5238094988662143,0.5238094988662143,0.5,0.5,0.039590926470102206,0.04454760222016774,0.04355001476211107,3.9590926470102206,4.454760222016773,-0.13049992647010222,-0.04454760222016774,0.0,-13.049992647010223,-4.454760222016773
Basketball,NBA,2026_02_01,NBA_2026_02_01_Toronto_Raptors_Utah_Jazz,2026_04_17,07:10 PM,Toronto Raptors,Utah Jazz,-11.5,11.5,233.5,-550,415,-110,-110,-110,-110,1.181818,5.15,1.909091,1.909091,1.909091,1.909091,0.778,0.222,121.7,113.8,235.5,1,2025_NBA,,,,,,,,,,,,,,,,,,,,,,,,,over,233.5,-110.0,0.035556835085732263,0.03911251468305408,0.5424345068337404,4.243450683374039,0.00977812867076352,total,nba,,,,,,,,,,,,,,,,,,,,,,,0.5424345068337404,0.4575654931662596,1.8435405332841523,2.185479488586879,1.8435405332841523,2.185479488586879,0.5238094988662143,0.5238094988662143,0.5,0.5,0.035556835085732263,0.04243450683374039,0.03911251468305408,3.5556835085732263,4.243450683374039,-0.12646583508573228,-0.04243450683374039,0.0,-12.646583508573228,-4.243450683374039
Basketball,NBA,2026_02_02,NBA_2026_02_02_Charlotte_Hornets_New_Orleans_Pelicans,2026_04_17,04:10 PM,Charlotte Hornets,New Orleans Pelicans,-7.0,7.0,233.5,-290,237,-115,-105,-110,-110,1.344828,3.37,1.869565,1.952381,1.909091,1.909091,0.697,0.303,118.9,113.4,232.3,1,2025_NBA,,,,,,,,,,,,,,,,,,,,,,,,,under,233.5,-110.0,0.0032111586251384328,0.003532274134424923,0.525491534256428,2.549153425642803,0.0008830685336062308,total,nba,,,,,,,,,,,,,,,,,,,,,,,0.47450846574357197,0.525491534256428,2.1074439597889234,1.9029802286253816,2.1074439597889234,1.9029802286253816,0.5238094988662143,0.5238094988662143,0.5,0.5,-0.09412015862513845,-0.025491534256428028,0.0,-9.412015862513845,-2.549153425642803,0.0032111586251384328,0.025491534256428028,0.003532274134424923,0.3211158625138433,2.549153425642803
Basketball,NBA,2026_02_02,NBA_2026_02_02_Indiana_Pacers_Houston_Rockets,2026_04_17,08:10 PM,Indiana Pacers,Houston Rockets,7.5,-7.5,223.0,180,-210,-110,-110,-110,-110,2.8,1.47619,1.909091,1.909091,1.909091,1.909091,0.383,0.617,107.5,111.7,219.2,1,2025_NBA,,,,,,,,,,,,,,,,,,,,,,,,,under,223.0,-110.0,0.10771113605814531,0.11848223781573593,0.580229615067142,8.0229615067142,0.029620559453933982,total,nba,,,,,,,,,,,,,,,,,,,,,,,0.419770384932858,0.580229615067142,2.3822547656856483,1.7234556355491848,2.3822547656856483,1.7234556355491848,0.5238094988662143,0.5238094988662143,0.5,0.5,-0.1986201360581451,-0.08022961506714199,0.0,-19.86201360581451,-8.0229615067142,0.10771113605814531,0.08022961506714199,0.11848223781573593,10.77111360581453,8.0229615067142
Basketball,NBA,2026_02_02,NBA_2026_02_02_Memphis_Grizzlies_Minnesota_Timberwolves,2026_04_17,08:40 PM,Memphis Grizzlies,Minnesota Timberwolves,8.0,-8.0,228.5,245,-300,-110,-110,-110,-110,3.45,1.333333,1.909091,1.909091,1.909091,1.909091,0.296,0.704,112.0,118.4,230.4,1,2025_NBA,,,,,,,,,,,,,,,,,,,,,,,,,over,228.5,-110.0,0.03152045231118228,0.034672494075051095,0.5403202111953711,4.03202111953711,0.008668123518762774,total,nba,,,,,,,,,,,,,,,,,,,,,,,0.5403202111953711,0.45967978880462884,1.8507543846780443,2.175427383049499,1.8507543846780443,2.175427383049499,0.5238094988662143,0.5238094988662143,0.5,0.5,0.03152045231118228,0.0403202111953711,0.034672494075051095,3.152045231118228,4.03202111953711,-0.1224294523111823,-0.04032021119537116,0.0,-12.24294523111823,-4.032021119537116
Basketball,NBA,2026_02_03,NBA_2026_02_03_Detroit_Pistons_Denver_Nuggets,2026_04_17,08:10 PM,Detroit Pistons,Denver Nuggets,-6.5,6.5,225.5,-180,157,-110,-110,-110,-110,1.555556,2.57,1.909091,1.909091,1.909091,1.909091,0.629,0.371,115.6,111.8,227.4,1,2025_NBA,,,,,,,,,,,,,,,,,,,,,,,,,over,225.5,-110.0,0.03152045231118228,0.034672494075051095,0.5403202111953711,4.03202111953711,0.008668123518762774,total,nba,,,,,,,,,,,,,,,,,,,,,,,0.5403202111953711,0.45967978880462884,1.8507543846780443,2.175427383049499,1.8507543846780443,2.175427383049499,0.5238094988662143,0.5238094988662143,0.5,0.5,0.03152045231118228,0.0403202111953711,0.034672494075051095,3.152045231118228,4.03202111953711,-0.1224294523111823,-0.04032021119537116,0.0,-12.24294523111823,-4.032021119537116
Basketball,NBA,2026_02_03,NBA_2026_02_03_Golden_State_Warriors_Philadelphia_76ers,2026_04_17,11:10 PM,Golden State Warriors,Philadelphia 76ers,-1.5,1.5,219.0,-120,100,-110,-110,-110,-110,1.833333,2.0,1.909091,1.909091,1.909091,1.909091,0.542,0.458,111.7,110.3,222.0,1,2025_NBA,,,,,,,,,,,,,,,,,,,,,,,,,over,219.0,-110.0,0.07577603507253672,0.08335363024442735,0.5635017058236285,6.350170582362846,0.020838407561106838,total,nba,,,,,,,,,,,,,,,,,,,,,,,0.5635017058236285,0.43649829417637154,1.7746175205244046,2.2909596975330673,1.7746175205244046,2.2909596975330673,0.5238094988662143,0.5238094988662143,0.5,0.5,0.07577603507253672,0.06350170582362846,0.08335363024442735,7.577603507253672,6.350170582362846,-0.16668503507253662,-0.06350170582362846,0.0,-16.66850350725366,-6.350170582362846
Basketball,NBA,2026_02_03,NBA_2026_02_03_Indiana_Pacers_Utah_Jazz,2026_04_17,08:10 PM,Indiana Pacers,Utah Jazz,-4.5,4.5,234.5,-190,165,-110,-110,-110,-110,1.526316,2.65,1.909091,1.909091,1.909091,1.909091,0.491,0.509,117.7,118.4,236.1,1,2025_NBA,,,,,,,,,,,,,,,,,,,,,,,,,over,234.5,-110.0,0.0193986902011114,0.02133855708736695,0.5339707170591195,3.397071705911947,0.005334639271841738,total,nba,,,,,,,,,,,,,,,,,,,,,,,0.5339707170591195,0.4660292829408806,1.8727618726127322,2.1457879077672843,1.8727618726127322,2.1457879077672843,0.5238094988662143,0.5238094988662143,0.5,0.5,0.0193986902011114,0.03397071705911947,0.02133855708736695,1.9398690201111402,3.397071705911947,-0.11030769020111131,-0.033970717059119415,0.0,-11.03076902011113,-3.3970717059119417
Basketball,NBA,2026_02_03,NBA_2026_02_03_Miami_Heat_Atlanta_Hawks,2026_04_17,08:40 PM,Miami Heat,Atlanta Hawks,-4.5,4.5,240.0,-180,157,-110,-110,-110,-110,1.555556,2.57,1.909091,1.909091,1.909091,1.909091,0.584,0.416,120.5,118.0,238.5,1,2025_NBA,,,,,,,,,,,,,,,,,,,,,,,,,under,240.0,-110.0,0.015354277306573128,0.016889703348260104,0.5318522151676233,3.1852215167623266,0.004222425837065026,total,nba,,,,,,,,,,,,,,,,,,,,,,,0.46814778483237673,0.5318522151676233,2.1360776071130108,1.8802215568188074,2.1360776071130108,1.8802215568188074,0.5238094988662143,0.5238094988662143,0.5,0.5,-0.10626327730657303,-0.031852215167623266,0.0,-10.626327730657303,-3.1852215167623266,0.015354277306573128,0.031852215167623266,0.016889703348260104,1.5354277306573128,3.1852215167623266
Basketball,NBA,2026_02_03,NBA_2026_02_03_Milwaukee_Bucks_Chicago_Bulls,2026_04_17,09:10 PM,Milwaukee Bucks,Chicago Bulls,3.0,-3.0,225.5,130,-150,-110,-110,-110,-110,2.3,1.666667,1.909091,1.909091,1.909091,1.909091,0.457,0.543,110.9,113.1,224.0,1,2025_NBA,,,,,,,,,,,,,,,,,,,,,,,,,under,225.5,-110.0,0.015354277306573128,0.016889703348260104,0.5318522151676233,3.1852215167623266,0.004222425837065026,total,nba,,,,,,,,,,,,,,,,,,,,,,,0.46814778483237673,0.5318522151676233,2.1360776071130108,1.8802215568188074,2.1360776071130108,1.8802215568188074,0.5238094988662143,0.5238094988662143,0.5,0.5,-0.10626327730657303,-0.031852215167623266,0.0,-10.626327730657303,-3.1852215167623266,0.015354277306573128,0.031852215167623266,0.016889703348260104,1.5354277306573128,3.1852215167623266
Basketball,NBA,2026_02_03,NBA_2026_02_03_Oklahoma_City_Thunder_Orlando_Magic,2026_04_17,09:10 PM,Oklahoma City Thunder,Orlando Magic,-8.0,8.0,219.5,-270,222,-110,-110,-110,-110,1.37037,3.22,1.909091,1.909091,1.909091,1.909091,0.754,0.246,115.0,107.7,222.7,1,2025_NBA,,,,,,,,,,,,,,,,,,,,,,,,,over,219.5,-110.0,0.08378249144771499,0.09216073137641334,0.5676955637252048,6.76955637252048,0.023040182844103335,total,nba,,,,,,,,,,,,,,,,,,,,,,,0.5676955637252048,0.4323044362747952,1.761507511945353,2.3131846821121864,1.761507511945353,2.3131846821121864,0.5238094988662143,0.5238094988662143,0.5,0.5,0.08378249144771499,0.0676955637252048,0.09216073137641334,8.378249144771498,6.76955637252048,-0.1746914914477149,-0.0676955637252048,0.0,-17.46914914477149,-6.76955637252048
Basketball,NBA,2026_02_03,NBA_2026_02_03_Washington_Wizards_New_York_Knicks,2026_04_17,08:10 PM,Washington Wizards,New York Knicks,14.5,-14.5,227.0,505,-700,-110,-110,-110,-110,6.05,1.142857,1.909091,1.909091,1.909091,1.909091,0.168,0.832,103.9,114.3,218.2,1,2025_NBA,,,,,,,,,,,,,,,,,,,,,,,,,under,227.0,-110.0,0.2990039020982276,0.32890425941762425,0.6804305829833295,18.043058298332948,0.05,total,nba,,,,,,,,,,,,,,,,,,,,,,,0.3195694170166705,0.6804305829833295,3.1292105775811283,1.4696576329881104,3.1292105775811283,1.4696576329881104,0.5238094988662143,0.5238094988662143,0.5,0.5,-0.3899129020982274,-0.18043058298332948,0.0,-38.991290209822736,-18.043058298332948,0.2990039020982276,0.18043058298332948,0.32890425941762425,29.90039020982276,18.043058298332948
Basketball,NBA,2026_02_04,NBA_2026_02_04_Houston_Rockets_Boston_Celtics,2026_04_17,09:10 PM,Houston Rockets,Boston Celtics,-6.0,6.0,217.0,-220,186,-110,-110,-110,-110,1.454545,2.86,1.909091,1.909091,1.909091,1.909091,0.752,0.248,110.9,103.5,214.4,1,2025_NBA,,,,,,,,,,,,,,,,,,,,,,,,,under,217.0,-110.0,0.059723058942541485,0.06569535826725968,0.5550930044416643,5.509300444166431,0.01642383956681492,total,nba,,,,,,,,,,,,,,,,,,,,,,,0.4449069955583357,0.5550930044416643,2.2476607695166733,1.8014999144257666,2.2476607695166733,1.8014999144257666,0.5238094988662143,0.5238094988662143,0.5,0.5,-0.15063205894254128,-0.05509300444166432,0.0,-15.063205894254128,-5.509300444166431,0.059723058942541485,0.05509300444166432,0.06569535826725968,5.9723058942541485,5.509300444166431
Basketball,NBA,2026_02_04,NBA_2026_02_04_Los_Angeles_Clippers_Cleveland_Cavaliers,2026_04_17,11:40 PM,Los Angeles Clippers,Cleveland Cavaliers,1.5,-1.5,222.5,102,-122,-110,-110,-110,-110,2.02,1.819672,1.909091,1.909091,1.909091,1.909091,0.464,0.536,111.5,113.5,225.0,1,2025_NBA,,,,,,,,,,,,,,,,,,,,,,,,,over,222.5,-110.0,0.05570211783101153,0.061272323486880456,0.5529867972930633,5.298679729306333,0.015318080871720114,total,nba,,,,,,,,,,,,,,,,,,,,,,,0.5529867972930633,0.4470132027069366,1.8083614380942183,2.2370703906381113,1.8083614380942183,2.2370703906381113,0.5238094988662143,0.5238094988662143,0.5,0.5,0.05570211783101153,0.052986797293063326,0.061272323486880456,5.570211783101153,5.298679729306333,-0.14661111783101166,-0.05298679729306338,0.0,-14.661111783101166,-5.298679729306338
Basketball,NBA,2026_02_04,NBA_2026_02_04_Milwaukee_Bucks_New_Orleans_Pelicans,2026_04_17,09:10 PM,Milwaukee Bucks,New Orleans Pelicans,5.0,-5.0,221.0,161,-185,-105,-115,-110,-110,2.61,1.540541,1.952381,1.869565,1.909091,1.909091,0.366,0.634,110.0,114.7,224.7,1,2025_NBA,,,,,,,,,,,,,,,,,,,,,,,,,over,221.0,-110.0,0.10373311805063357,0.11410641844505506,0.5781458914481465,7.814589144814654,0.028526604611263766,total,nba,,,,,,,,,,,,,,,,,,,,,,,0.5781458914481465,0.42185410855185346,1.7296672255080605,2.3704877580375205,1.7296672255080605,2.3704877580375205,0.5238094988662143,0.5238094988662143,0.5,0.5,0.10373311805063357,0.07814589144814654,0.11410641844505506,10.373311805063356,7.814589144814654,-0.19464211805063347,-0.07814589144814654,0.0,-19.464211805063346,-7.814589144814654
Basketball,NBA,2026_02_04,NBA_2026_02_04_New_York_Knicks_Denver_Nuggets,2026_04_17,08:10 PM,New York Knicks,Denver Nuggets,-6.5,6.5,223.5,-205,177,-110,-110,-115,-105,1.487805,2.77,1.909091,1.909091,1.869565,1.952381,0.602,0.398,115.3,112.4,227.7,1,2025_NBA,,,,,,,,,,,,,,,,,,,,,,,,,over,223.5,-115.0,0.10031654292423986,0.11536405320388915,0.5885414751154626,7.770720377829566,0.028841013300972287,total,nba,,,,,,,,,,,,,,,,,,,,,,,0.5885414751154626,0.4114585248845374,1.6991155972547485,2.4303786153917164,1.6991155972547485,2.4303786153917164,0.5348837831260214,0.5121951094586559,0.510834271337167,0.489165728662833,0.10031654292423986,0.07770720377829565,0.11536405320388915,10.031654292423987,7.770720377829566,-0.19667619372740208,-0.0777072037782956,0.0,-19.66761937274021,-7.7707203778295595
Basketball,NBA,2026_02_04,NBA_2026_02_04_San_Antonio_Spurs_Oklahoma_City_Thunder,2026_04_17,10:40 PM,San Antonio Spurs,Oklahoma City Thunder,2.0,-2.0,225.5,108,-128,-110,-110,-110,-110,2.08,1.78125,1.909091,1.909091,1.909091,1.909091,0.711,0.289,116.3,110.4,226.7,1,2025_NBA,,,,,,,,,,,,,,,,,,,,,,,,,over,225.5,-110.0,0.0032111586251384328,0.003532274134424923,0.525491534256428,2.549153425642803,0.0008830685336062308,total,nba,,,,,,,,,,,,,,,,,,,,,,,0.525491534256428,0.47450846574357197,1.9029802286253816,2.1074439597889234,1.9029802286253816,2.1074439597889234,0.5238094988662143,0.5238094988662143,0.5,0.5,0.0032111586251384328,0.025491534256428028,0.003532274134424923,0.3211158625138433,2.549153425642803,-0.09412015862513845,-0.025491534256428028,0.0,-9.412015862513845,-2.549153425642803
Basketball,NBA,2026_02_05,NBA_2026_02_05_Atlanta_Hawks_Utah_Jazz,2026_04_17,08:40 PM,Atlanta Hawks,Utah Jazz,-11.0,11.0,240.0,-425,334,-110,-110,-110,-110,1.235294,4.34,1.909091,1.909091,1.909091,1.909091,0.781,0.219,125.0,116.8,241.8,1,2025_NBA,,,,,,,,,,,,,,,,,,,,,,,,,over,240.0,-110.0,0.027481891510435785,0.030230077638471537,0.5382047746861913,3.8204774686191323,0.007557519409617884,total,nba,,,,,,,,,,,,,,,,,,,,,,,0.5382047746861913,0.4617952253138087,1.8580288526482611,2.165461973584632,1.8580288526482611,2.165461973584632,0.5238094988662143,0.5238094988662143,0.5,0.5,0.027481891510435785,0.03820477468619132,0.030230077638471537,2.7481891510435785,3.8204774686191323,-0.11839089151043558,-0.03820477468619132,0.0,-11.839089151043558,-3.8204774686191323
Basketball,NBA,2026_02_05,NBA_2026_02_05_Dallas_Mavericks_San_Antonio_Spurs,2026_04_17,09:40 PM,Dallas Mavericks,San Antonio Spurs,6.0,-6.0,222.5,200,-240,-110,-110,-110,-110,3.0,1.416667,1.909091,1.909091,1.909091,1.909091,0.446,0.554,111.8,114.2,226.0,1,2025_NBA,,,,,,,,,,,,,,,,,,,,,,,,,over,222.5,-110.0,0.0957646473468452,0.10534110154741944,0.573971930802065,7.397193080206499,0.02633527538685486,total,nba,,,,,,,,,,,,,,,,,,,,,,,0.573971930802065,0.426028069197935,1.7422454763643336,2.3472631788855076,1.7422454763643336,2.3472631788855076,0.5238094988662143,0.5238094988662143,0.5,0.5,0.0957646473468452,0.07397193080206499,0.10534110154741944,9.57646473468452,7.397193080206499,-0.186673647346845,-0.07397193080206499,0.0,-18.6673647346845,-7.397193080206499
Basketball,NBA,2026_02_05,NBA_2026_02_05_Detroit_Pistons_Washington_Wizards,2026_04_17,08:10 PM,Detroit Pistons,Washington Wizards,-17.0,17.0,229.5,-850,586,-110,-110,-115,-105,1.117647,6.86,1.909091,1.909091,1.869565,1.952381,0.848,0.152,118.4,108.2,226.6,1,2025_NBA,,,,,,,,,,,,,,,,,,,,,,,,,under,229.5,-105.0,0.09607072782403603,0.10087425917152489,0.5614020664122608,7.223633774942778,0.02521856479288122,total,nba,,,,,,,,,,,,,,,,,,,,,,,0.43859793358773924,0.5614020664122608,2.279992502062154,1.7812545764048875,2.279992502062154,1.7812545764048875,0.5348837831260214,0.5121951094586559,0.510834271337167,0.489165728662833,-0.18001265429203828,-0.07223633774942773,0.0,-18.001265429203826,-7.223633774942773,0.09607072782403603,0.07223633774942778,0.10087425917152489,9.607072782403602,7.223633774942778
Basketball,NBA,2026_02_05,NBA_2026_02_05_Los_Angeles_Lakers_Philadelphia_76ers,2026_04_17,11:10 PM,Los Angeles Lakers,Philadelphia 76ers,-3.5,3.5,233.0,-165,145,-105,-115,-110,-110,1.606061,2.45,1.952381,1.869565,1.909091,1.909091,0.577,0.423,116.1,113.5,229.6,1,2025_NBA,,,,,,,,,,,,,,,,,,,,,,,,,under,233.0,-110.0,0.0917744125655875,0.10095184372696187,0.5718818079209359,7.18818079209359,0.025237960931740466,total,nba,,,,,,,,,,,,,,,,,,,,,,,0.4281181920790641,0.5718818079209359,2.3358035666359207,1.7486130633101946,2.3358035666359207,1.7486130633101946,0.5238094988662143,0.5238094988662143,0.5,0.5,-0.1826834125655874,-0.0718818079209359,0.0,-18.26834125655874,-7.18818079209359,0.0917744125655875,0.0718818079209359,0.10095184372696187,9.17744125655875,7.18818079209359
Basketball,NBA,2026_02_05,NBA_2026_02_05_Orlando_Magic_Brooklyn_Nets,2026_04_17,08:10 PM,Orlando Magic,Brooklyn Nets,-11.5,11.5,213.0,-500,383,-110,-110,-110,-110,1.2,4.83,1.909091,1.909091,1.909091,1.909091,0.802,0.198,111.7,103.0,214.7,1,2025_NBA,,,,,,,,,,,,,,,,,,,,,,,,,over,213.0,-110.0,0.023441266232355318,0.02578539027705176,0.5360882567841738,3.608825678417382,0.00644634756926294,total,nba,,,,,,,,,,,,,,,,,,,,,,,0.5360882567841738,0.4639117432158262,1.8653644942694474,2.1555824240792476,1.8653644942694474,2.1555824240792476,0.5238094988662143,0.5238094988662143,0.5,0.5,0.023441266232355318,0.03608825678417382,0.02578539027705176,2.344126623235532,3.608825678417382,-0.11435026623235511,-0.03608825678417382,0.0,-11.435026623235512,-3.608825678417382
Basketball,NBA,2026_02_05,NBA_2026_02_05_Phoenix_Suns_Golden_State_Warriors,2026_04_17,11:10 PM,Phoenix Suns,Golden State Warriors,-7.0,7.0,220.0,-255,211,-110,-110,-110,-110,1.392157,3.11,1.909091,1.909091,1.909091,1.909091,0.696,0.304,111.1,105.7,216.8,1,2025_NBA,,,,,,,,,,,,,,,,,,,,,,,,,under,220.0,-110.0,0.08378249144771499,0.09216073137641334,0.5676955637252048,6.76955637252048,0.023040182844103335,total,nba,,,,,,,,,,,,,,,,,,,,,,,0.4323044362747952,0.5676955637252048,2.3131846821121864,1.761507511945353,2.3131846821121864,1.761507511945353,0.5238094988662143,0.5238094988662143,0.5,0.5,-0.1746914914477149,-0.0676955637252048,0.0,-17.46914914477149,-6.76955637252048,0.08378249144771499,0.0676955637252048,0.09216073137641334,8.378249144771498,6.76955637252048
Basketball,NBA,2026_02_06,NBA_2026_02_06_Detroit_Pistons_New_York_Knicks,2026_04_17,08:40 PM,Detroit Pistons,New York Knicks,-2.0,2.0,224.0,105,-125,-110,-110,-110,-110,2.05,1.8,1.909091,1.909091,1.909091,1.909091,0.515,0.485,111.4,111.1,222.5,1,2025_NBA,,,,,,,,,,,,,,,,,,,,,,,,,under,224.0,-110.0,0.015354277306573128,0.016889703348260104,0.5318522151676233,3.1852215167623266,0.004222425837065026,total,nba,,,,,,,,,,,,,,,,,,,,,,,0.46814778483237673,0.5318522151676233,2.1360776071130108,1.8802215568188074,2.1360776071130108,1.8802215568188074,0.5238094988662143,0.5238094988662143,0.5,0.5,-0.10626327730657303,-0.031852215167623266,0.0,-10.626327730657303,-3.1852215167623266,0.015354277306573128,0.031852215167623266,0.016889703348260104,1.5354277306573128,3.1852215167623266
Basketball,NBA,2026_02_06,NBA_2026_02_06_Milwaukee_Bucks_Indiana_Pacers,2026_04_17,09:10 PM,Milwaukee Bucks,Indiana Pacers,-1.5,1.5,224.5,105,-125,-110,-110,-110,-110,2.05,1.8,1.909091,1.909091,1.909091,1.909091,0.517,0.483,111.6,111.3,222.9,1,2025_NBA,,,,,,,,,,,,,,,,,,,,,,,,,under,224.5,-110.0,0.0193986902011114,0.02133855708736695,0.5339707170591195,3.397071705911947,0.005334639271841738,total,nba,,,,,,,,,,,,,,,,,,,,,,,0.46602928294088053,0.5339707170591195,2.145787907767285,1.8727618726127322,2.145787907767285,1.8727618726127322,0.5238094988662143,0.5238094988662143,0.5,0.5,-0.11030769020111142,-0.03397071705911947,0.0,-11.030769020111142,-3.397071705911947,0.0193986902011114,0.03397071705911947,0.02133855708736695,1.9398690201111402,3.397071705911947
Basketball,NBA,2026_02_06,NBA_2026_02_06_Portland_Trail_Blazers_Memphis_Grizzlies,2026_04_17,11:10 PM,Portland Trail Blazers,Memphis Grizzlies,-7.5,7.5,234.5,-250,207,-110,-110,-110,-110,1.4,3.07,1.909091,1.909091,1.909091,1.909091,0.659,0.341,118.8,114.1,232.9,1,2025_NBA,,,,,,,,,,,,,,,,,,,,,,,,,under,234.5,-110.0,0.0193986902011114,0.02133855708736695,0.5339707170591195,3.397071705911947,0.005334639271841738,total,nba,,,,,,,,,,,,,,,,,,,,,,,0.46602928294088053,0.5339707170591195,2.145787907767285,1.8727618726127322,2.145787907767285,1.8727618726127322,0.5238094988662143,0.5238094988662143,0.5,0.5,-0.11030769020111142,-0.03397071705911947,0.0,-11.030769020111142,-3.397071705911947,0.0193986902011114,0.03397071705911947,0.02133855708736695,1.9398690201111402,3.397071705911947
Basketball,NBA,2026_02_07,NBA_2026_02_07_Brooklyn_Nets_Washington_Wizards,2026_04_17,04:10 PM,Brooklyn Nets,Washington Wizards,-4.5,4.5,219.0,-180,157,-110,-110,-110,-110,1.555556,2.57,1.909091,1.909091,1.909091,1.909091,0.633,0.367,112.4,108.5,220.9,1,2025_NBA,,,,,,,,,,,,,,,,,,,,,,,,,over,219.0,-110.0,0.03152045231118228,0.034672494075051095,0.5403202111953711,4.03202111953711,0.008668123518762774,total,nba,,,,,,,,,,,,,,,,,,,,,,,0.5403202111953711,0.45967978880462884,1.8507543846780443,2.175427383049499,1.8507543846780443,2.175427383049499,0.5238094988662143,0.5238094988662143,0.5,0.5,0.03152045231118228,0.0403202111953711,0.034672494075051095,3.152045231118228,4.03202111953711,-0.1224294523111823,-0.04032021119537116,0.0,-12.24294523111823,-4.032021119537116
Basketball,NBA,2026_02_07,NBA_2026_02_07_Chicago_Bulls_Denver_Nuggets,2026_04_17,09:10 PM,Chicago Bulls,Denver Nuggets,5.0,-5.0,228.5,192,-230,-110,-110,-110,-110,2.92,1.434783,1.909091,1.909091,1.909091,1.909091,0.285,0.715,113.1,120.1,233.2,1,2025_NBA,,,,,,,,,,,,,,,,,,,,,,,,,over,228.5,-110.0,0.14330737724629872,0.15763809920711866,0.5988752643254296,9.887526432542959,0.039409524801779665,total,nba,,,,,,,,,,,,,,,,,,,,,,,0.5988752643254296,0.40112473567457047,1.6697968000505006,2.49299011270971,1.6697968000505006,2.49299011270971,0.5238094988662143,0.5238094988662143,0.5,0.5,0.14330737724629872,0.09887526432542959,0.15763809920711866,14.330737724629872,9.887526432542959,-0.2342163772462985,-0.09887526432542953,0.0,-23.42163772462985,-9.887526432542954
Basketball,NBA,2026_02_07,NBA_2026_02_07_Los_Angeles_Lakers_Golden_State_Warriors,2026_04_17,09:40 PM,Los Angeles Lakers,Golden State Warriors,-3.5,3.5,224.0,-155,135,-110,-110,-110,-110,1.645161,2.35,1.909091,1.909091,1.909091,1.909091,0.545,0.455,111.6,110.1,221.7,1,2025_NBA,,,,,,,,,,,,,,,,,,,,,,,,,under,224.0,-110.0,0.047651782594051895,0.05241695561176152,0.5487699552268864,4.8769955226886434,0.01310423890294038,total,nba,,,,,,,,,,,,,,,,,,,,,,,0.45123004477311357,0.5487699552268864,2.216164485462881,1.8222571962536736,2.216164485462881,1.8222571962536736,0.5238094988662143,0.5238094988662143,0.5,0.5,-0.1385607825940518,-0.04876995522688643,0.0,-13.85607825940518,-4.8769955226886434,0.047651782594051895,0.04876995522688643,0.05241695561176152,4.7651782594051895,4.8769955226886434
Basketball,NBA,2026_02_07,NBA_2026_02_07_Oklahoma_City_Thunder_Houston_Rockets,2026_04_17,04:40 PM,Oklahoma City Thunder,Houston Rockets,-5.0,5.0,213.0,-160,140,-110,-110,-110,-110,1.625,2.4,1.909091,1.909091,1.909091,1.909091,0.581,0.419,108.5,105.8,214.3,1,2025_NBA,,,,,,,,,,,,,,,,,,,,,,,,,over,213.0,-110.0,0.007260397257830009,0.00798643618496939,0.5276125639154079,2.7612563915407895,0.0019966090462423475,total,nba,,,,,,,,,,,,,,,,,,,,,,,0.5276125639154079,0.4723874360845921,1.895330150174987,2.116906428097564,1.895330150174987,2.116906428097564,0.5238094988662143,0.5238094988662143,0.5,0.5,0.007260397257830009,0.027612563915407895,0.00798643618496939,0.7260397257830009,2.7612563915407895,-0.09816939725782992,-0.027612563915407895,0.0,-9.81693972578299,-2.7612563915407895
Basketball,NBA,2026_02_07,NBA_2026_02_07_Orlando_Magic_Utah_Jazz,2026_04_17,08:10 PM,Orlando Magic,Utah Jazz,-9.5,9.5,234.5,-400,316,-110,-110,-110,-110,1.25,4.16,1.909091,1.909091,1.909091,1.909091,0.722,0.278,121.9,115.4,237.3,1,2025_NBA,,,,,,,,,,,,,,,,,,,,,,,,,over,234.5,-110.0,0.06775592788536677,0.07453151322075224,0.5593006974970637,5.930069749706368,0.01863287830518806,total,nba,,,,,,,,,,,,,,,,,,,,,,,0.5593006974970637,0.4406993025029363,1.787946992512467,2.2691209047088,1.787946992512467,2.2691209047088,0.5238094988662143,0.5238094988662143,0.5,0.5,0.06775592788536677,0.05930069749706368,0.07453151322075224,6.775592788536677,5.930069749706368,-0.1586649278853668,-0.05930069749706368,0.0,-15.866492788536679,-5.930069749706368
Basketball,NBA,2026_02_07,NBA_2026_02_07_Portland_Trail_Blazers_Memphis_Grizzlies,2026_04_17,11:10 PM,Portland Trail Blazers,Memphis Grizzlies,-9.5,9.5,237.5,-380,303,-110,-110,-110,-110,1.263158,4.03,1.909091,1.909091,1.909091,1.909091,0.714,0.286,120.0,113.9,233.9,1,2025_NBA,,,,,,,,,,,,,,,,,,,,,,,,,under,237.5,-110.0,0.09975091888479937,0.1097259998006792,0.5760599776987054,7.605997769870543,0.0274314999501698,total,nba,,,,,,,,,,,,,,,,,,,,,,,0.4239400223012946,0.5760599776987054,2.3588242378524455,1.7359303522436798,2.3588242378524455,1.7359303522436798,0.5238094988662143,0.5238094988662143,0.5,0.5,-0.19065991888479916,-0.07605997769870543,0.0,-19.065991888479918,-7.605997769870543,0.09975091888479937,0.07605997769870543,0.1097259998006792,9.975091888479938,7.605997769870543
Basketball,NBA,2026_02_07,NBA_2026_02_07_Sacramento_Kings_Cleveland_Cavaliers,2026_04_17,11:10 PM,Sacramento Kings,Cleveland Cavaliers,12.5,-12.5,234.0,431,-575,-110,-110,-110,-110,5.31,1.173913,1.909091,1.909091,1.909091,1.909091,0.163,0.837,110.5,121.2,231.7,1,2025_NBA,,,,,,,,,,,,,,,,,,,,,,,,,under,234.0,-110.0,0.047651782594051895,0.05241695561176152,0.5487699552268864,4.8769955226886434,0.01310423890294038,total,nba,,,,,,,,,,,,,,,,,,,,,,,0.45123004477311357,0.5487699552268864,2.216164485462881,1.8222571962536736,2.216164485462881,1.8222571962536736,0.5238094988662143,0.5238094988662143,0.5,0.5,-0.1385607825940518,-0.04876995522688643,0.0,-13.85607825940518,-4.8769955226886434,0.047651782594051895,0.04876995522688643,0.05241695561176152,4.7651782594051895,4.8769955226886434
Basketball,NBA,2026_02_08,NBA_2026_02_08_Boston_Celtics_New_York_Knicks,2026_04_17,01:40 PM,Boston Celtics,New York Knicks,-3.5,3.5,215.0,-155,135,-110,-110,-110,-110,1.645161,2.35,1.909091,1.909091,1.909091,1.909091,0.561,0.439,109.3,107.2,216.5,1,2025_NBA,,,,,,,,,,,,,,,,,,,,,,,,,over,215.0,-110.0,0.015354277306573128,0.016889703348260104,0.5318522151676233,3.1852215167623266,0.004222425837065026,total,nba,,,,,,,,,,,,,,,,,,,,,,,0.5318522151676233,0.46814778483237673,1.8802215568188074,2.1360776071130108,1.8802215568188074,2.1360776071130108,0.5238094988662143,0.5238094988662143,0.5,0.5,0.015354277306573128,0.031852215167623266,0.016889703348260104,1.5354277306573128,3.1852215167623266,-0.10626327730657303,-0.031852215167623266,0.0,-10.626327730657303,-3.1852215167623266
Basketball,NBA,2026_02_08,NBA_2026_02_08_Minnesota_Timberwolves_Los_Angeles_Clippers,2026_04_17,04:10 PM,Minnesota Timberwolves,Los Angeles Clippers,-8.5,8.5,226.0,-330,267,-110,-110,-110,-110,1.30303,3.67,1.909091,1.909091,1.909091,1.909091,0.691,0.309,114.3,108.9,223.2,1,2025_NBA,,,,,,,,,,,,,,,,,,,,,,,,,under,226.0,-110.0,0.06775592788536677,0.07453151322075224,0.5593006974970637,5.930069749706368,0.01863287830518806,total,nba,,,,,,,,,,,,,,,,,,,,,,,0.4406993025029363,0.5593006974970637,2.2691209047088,1.787946992512467,2.2691209047088,1.787946992512467,0.5238094988662143,0.5238094988662143,0.5,0.5,-0.1586649278853668,-0.05930069749706368,0.0,-15.866492788536679,-5.930069749706368,0.06775592788536677,0.05930069749706368,0.07453151322075224,6.775592788536677,5.930069749706368
Basketball,NBA,2026_02_08,NBA_2026_02_08_Washington_Wizards_Miami_Heat,2026_04_17,03:10 PM,Washington Wizards,Miami Heat,11.0,-11.0,234.0,374,-485,-110,-110,-110,-110,4.74,1.206186,1.909091,1.909091,1.909091,1.909091,0.195,0.805,113.0,122.5,235.5,1,2025_NBA,,,,,,,,,,,,,,,,,,,,,,,,,over,234.0,-110.0,0.015354277306573128,0.016889703348260104,0.5318522151676233,3.1852215167623266,0.004222425837065026,total,nba,,,,,,,,,,,,,,,,,,,,,,,0.5318522151676233,0.46814778483237673,1.8802215568188074,2.1360776071130108,1.8802215568188074,2.1360776071130108,0.5238094988662143,0.5238094988662143,0.5,0.5,0.015354277306573128,0.031852215167623266,0.016889703348260104,1.5354277306573128,3.1852215167623266,-0.10626327730657303,-0.031852215167623266,0.0,-10.626327730657303,-3.1852215167623266
Basketball,NBA,2026_02_09,NBA_2026_02_09_Denver_Nuggets_Cleveland_Cavaliers,2026_04_17,10:10 PM,Denver Nuggets,Cleveland Cavaliers,1.0,-1.0,234.0,-105,-115,-110,-110,-110,-110,1.952381,1.869565,1.909091,1.909091,1.909091,1.909091,0.562,0.438,119.4,117.5,236.9,1,2025_NBA,,,,,,,,,,,,,,,,,,,,,,,,,over,234.0,-110.0,0.07176763236904926,0.07894438771151553,0.5614020664122608,6.140206641226076,0.019736096927878883,total,nba,,,,,,,,,,,,,,,,,,,,,,,0.5614020664122608,0.4385979335877392,1.7812545764048875,2.279992502062154,1.7812545764048875,2.279992502062154,0.5238094988662143,0.5238094988662143,0.5,0.5,0.07176763236904926,0.06140206641226076,0.07894438771151553,7.176763236904926,6.140206641226076,-0.1626766323690494,-0.061402066412260814,0.0,-16.267663236904937,-6.140206641226081
Basketball,NBA,2026_02_09,NBA_2026_02_09_Golden_State_Warriors_Memphis_Grizzlies,2026_04_17,11:10 PM,Golden State Warriors,Memphis Grizzlies,-7.0,7.0,225.5,-280,230,-105,-115,-110,-110,1.357143,3.3,1.952381,1.869565,1.909091,1.909091,0.638,0.362,114.2,110.1,224.3,1,2025_NBA,,,,,,,,,,,,,,,,,,,,,,,,,under,225.5,-110.0,0.0032111586251384328,0.003532274134424923,0.525491534256428,2.549153425642803,0.0008830685336062308,total,nba,,,,,,,,,,,,,,,,,,,,,,,0.47450846574357197,0.525491534256428,2.1074439597889234,1.9029802286253816,2.1074439597889234,1.9029802286253816,0.5238094988662143,0.5238094988662143,0.5,0.5,-0.09412015862513845,-0.025491534256428028,0.0,-9.412015862513845,-2.549153425642803,0.0032111586251384328,0.025491534256428028,0.003532274134424923,0.3211158625138433,2.549153425642803
Basketball,NBA,2026_02_09,NBA_2026_02_09_Los_Angeles_Lakers_Oklahoma_City_Thunder,2026_04_17,11:10 PM,Los Angeles Lakers,Oklahoma City Thunder,3.5,-3.5,219.5,149,-170,-110,-110,-110,-110,2.49,1.588235,1.909091,1.909091,1.909091,1.909091,0.248,0.752,107.8,115.9,223.7,1,2025_NBA,,,,,,,,,,,,,,,,,,,,,,,,,over,219.5,-110.0,0.1235792332696537,0.13593714300290474,0.5885414751154626,8.854147511546262,0.033984285750726186,total,nba,,,,,,,,,,,,,,,,,,,,,,,0.5885414751154626,0.4114585248845374,1.6991155972547485,2.4303786153917164,1.6991155972547485,2.4303786153917164,0.5238094988662143,0.5238094988662143,0.5,0.5,0.1235792332696537,0.08854147511546262,0.13593714300290474,12.35792332696537,8.854147511546262,-0.2144882332696536,-0.08854147511546262,0.0,-21.44882332696536,-8.854147511546262
Basketball,NBA,2026_02_09,NBA_2026_02_09_Miami_Heat_Utah_Jazz,2026_04_17,08:40 PM,Miami Heat,Utah Jazz,-8.5,8.5,244.5,-320,260,-110,-110,-110,-110,1.3125,3.6,1.909091,1.909091,1.909091,1.909091,0.688,0.312,123.7,118.5,242.2,1,2025_NBA,,,,,,,,,,,,,,,,,,,,,,,,,under,244.5,-110.0,0.047651782594051895,0.05241695561176152,0.5487699552268864,4.8769955226886434,0.01310423890294038,total,nba,,,,,,,,,,,,,,,,,,,,,,,0.45123004477311357,0.5487699552268864,2.216164485462881,1.8222571962536736,2.216164485462881,1.8222571962536736,0.5238094988662143,0.5238094988662143,0.5,0.5,-0.1385607825940518,-0.04876995522688643,0.0,-13.85607825940518,-4.8769955226886434,0.047651782594051895,0.04876995522688643,0.05241695561176152,4.7651782594051895,4.8769955226886434
Basketball,NBA,2026_02_09,NBA_2026_02_09_Portland_Trail_Blazers_Philadelphia_76ers,2026_04_17,11:10 PM,Portland Trail Blazers,Philadelphia 76ers,2.0,-2.0,230.5,110,-130,-110,-110,-110,-110,2.1,1.769231,1.909091,1.909091,1.909091,1.909091,0.407,0.593,112.8,116.4,229.2,1,2025_NBA,,,,,,,,,,,,,,,,,,,,,,,,,under,230.5,-110.0,0.007260397257830009,0.00798643618496939,0.5276125639154079,2.7612563915407895,0.0019966090462423475,total,nba,,,,,,,,,,,,,,,,,,,,,,,0.4723874360845921,0.5276125639154079,2.116906428097564,1.895330150174987,2.116906428097564,1.895330150174987,0.5238094988662143,0.5238094988662143,0.5,0.5,-0.09816939725782992,-0.027612563915407895,0.0,-9.81693972578299,-2.7612563915407895,0.007260397257830009,0.027612563915407895,0.00798643618496939,0.7260397257830009,2.7612563915407895
Basketball,NBA,2026_02_10,NBA_2026_02_10_Houston_Rockets_Los_Angeles_Clippers,2026_04_17,09:10 PM,Houston Rockets,Los Angeles Clippers,-7.5,7.5,211.0,-290,237,-110,-110,-110,-110,1.344828,3.37,1.909091,1.909091,1.909091,1.909091,0.692,0.308,108.9,103.4,212.3,1,2025_NBA,,,,,,,,,,,,,,,,,,,,,,,,,over,211.0,-110.0,0.007260397257830009,0.00798643618496939,0.5276125639154079,2.7612563915407895,0.0019966090462423475,total,nba,,,,,,,,,,,,,,,,,,,,,,,0.5276125639154079,0.4723874360845921,1.895330150174987,2.116906428097564,1.895330150174987,2.116906428097564,0.5238094988662143,0.5238094988662143,0.5,0.5,0.007260397257830009,0.027612563915407895,0.00798643618496939,0.7260397257830009,2.7612563915407895,-0.09816939725782992,-0.027612563915407895,0.0,-9.81693972578299,-2.7612563915407895
Basketball,NBA,2026_02_10,NBA_2026_02_10_Los_Angeles_Lakers_San_Antonio_Spurs,2026_04_17,11:40 PM,Los Angeles Lakers,San Antonio Spurs,8.0,-8.0,228.0,245,-300,-105,-115,-110,-110,3.45,1.333333,1.952381,1.869565,1.909091,1.909091,0.196,0.804,110.4,120.0,230.4,1,2025_NBA,,,,,,,,,,,,,,,,,,,,,,,,,over,228.0,-110.0,0.05167832161588626,0.05684614809285995,0.5508790946140787,5.087909461407869,0.014211537023214987,total,nba,,,,,,,,,,,,,,,,,,,,,,,0.5508790946140787,0.44912090538592125,1.8152803578443204,2.226571927531894,1.8152803578443204,2.226571927531894,0.5238094988662143,0.5238094988662143,0.5,0.5,0.05167832161588626,0.05087909461407869,0.05684614809285995,5.167832161588626,5.087909461407869,-0.14258732161588616,-0.050879094614078746,0.0,-14.258732161588616,-5.087909461407874
Basketball,NBA,2026_02_10,NBA_2026_02_10_New_York_Knicks_Indiana_Pacers,2026_04_17,08:40 PM,New York Knicks,Indiana Pacers,-12.0,12.0,223.5,-625,461,-110,-110,-110,-110,1.16,5.61,1.909091,1.909091,1.909091,1.909091,0.817,0.183,117.0,107.8,224.8,1,2025_NBA,,,,,,,,,,,,,,,,,,,,,,,,,over,223.5,-110.0,0.007260397257830009,0.00798643618496939,0.5276125639154079,2.7612563915407895,0.0019966090462423475,total,nba,,,,,,,,,,,,,,,,,,,,,,,0.5276125639154079,0.4723874360845921,1.895330150174987,2.116906428097564,1.895330150174987,2.116906428097564,0.5238094988662143,0.5238094988662143,0.5,0.5,0.007260397257830009,0.027612563915407895,0.00798643618496939,0.7260397257830009,2.7612563915407895,-0.09816939725782992,-0.027612563915407895,0.0,-9.81693972578299,-2.7612563915407895
Basketball,NBA,2026_02_10,NBA_2026_02_10_Phoenix_Suns_Dallas_Mavericks,2026_04_17,10:10 PM,Phoenix Suns,Dallas Mavericks,-7.5,7.5,226.0,-280,230,-110,-110,-110,-110,1.357143,3.3,1.909091,1.909091,1.909091,1.909091,0.727,0.273,117.0,110.5,227.5,1,2025_NBA,,,,,,,,,,,,,,,,,,,,,,,,,over,226.0,-110.0,0.015354277306573128,0.016889703348260104,0.5318522151676233,3.1852215167623266,0.004222425837065026,total,nba,,,,,,,,,,,,,,,,,,,,,,,0.5318522151676233,0.46814778483237673,1.8802215568188074,2.1360776071130108,1.8802215568188074,2.1360776071130108,0.5238094988662143,0.5238094988662143,0.5,0.5,0.015354277306573128,0.031852215167623266,0.016889703348260104,1.5354277306573128,3.1852215167623266,-0.10626327730657303,-0.031852215167623266,0.0,-10.626327730657303,-3.1852215167623266
Basketball,NBA,2026_02_11,NBA_2026_02_11_Boston_Celtics_Chicago_Bulls,2026_04_17,08:40 PM,Boston Celtics,Chicago Bulls,-14.0,14.0,225.5,-750,534,-110,-110,-110,-110,1.133333,6.34,1.909091,1.909091,1.909091,1.909091,0.826,0.174,119.0,109.4,228.4,1,2025_NBA,,,,,,,,,,,,,,,,,,,,,,,,,over,225.5,-110.0,0.07176763236904926,0.07894438771151553,0.5614020664122608,6.140206641226076,0.019736096927878883,total,nba,,,,,,,,,,,,,,,,,,,,,,,0.5614020664122608,0.4385979335877392,1.7812545764048875,2.279992502062154,1.7812545764048875,2.279992502062154,0.5238094988662143,0.5238094988662143,0.5,0.5,0.07176763236904926,0.06140206641226076,0.07894438771151553,7.176763236904926,6.140206641226076,-0.1626766323690494,-0.061402066412260814,0.0,-16.267663236904937,-6.140206641226081
Basketball,NBA,2026_02_11,NBA_2026_02_11_Brooklyn_Nets_Indiana_Pacers,2026_04_17,08:40 PM,Brooklyn Nets,Indiana Pacers,-3.0,3.0,214.5,-185,161,-110,-110,-110,-110,1.540541,2.61,1.909091,1.909091,1.909091,1.909091,0.718,0.282,111.1,104.7,215.8,1,2025_NBA,,,,,,,,,,,,,,,,,,,,,,,,,over,214.5,-110.0,0.007260397257830009,0.00798643618496939,0.5276125639154079,2.7612563915407895,0.0019966090462423475,total,nba,,,,,,,,,,,,,,,,,,,,,,,0.5276125639154079,0.4723874360845921,1.895330150174987,2.116906428097564,1.895330150174987,2.116906428097564,0.5238094988662143,0.5238094988662143,0.5,0.5,0.007260397257830009,0.027612563915407895,0.00798643618496939,0.7260397257830009,2.7612563915407895,-0.09816939725782992,-0.027612563915407895,0.0,-9.81693972578299,-2.7612563915407895
Basketball,NBA,2026_02_11,NBA_2026_02_11_Charlotte_Hornets_Atlanta_Hawks,2026_04_17,08:10 PM,Charlotte Hornets,Atlanta Hawks,-6.5,6.5,232.5,-225,189,-110,-110,-110,-110,1.444444,2.89,1.909091,1.909091,1.909091,1.909091,0.607,0.393,118.7,115.4,234.1,1,2025_NBA,,,,,,,,,,,,,,,,,,,,,,,,,over,232.5,-110.0,0.0193986902011114,0.02133855708736695,0.5339707170591195,3.397071705911947,0.005334639271841738,total,nba,,,,,,,,,,,,,,,,,,,,,,,0.5339707170591195,0.4660292829408806,1.8727618726127322,2.1457879077672843,1.8727618726127322,2.1457879077672843,0.5238094988662143,0.5238094988662143,0.5,0.5,0.0193986902011114,0.03397071705911947,0.02133855708736695,1.9398690201111402,3.397071705911947,-0.11030769020111131,-0.033970717059119415,0.0,-11.03076902011113,-3.3970717059119417
Basketball,NBA,2026_02_11,NBA_2026_02_11_Cleveland_Cavaliers_Washington_Wizards,2026_04_17,08:10 PM,Cleveland Cavaliers,Washington Wizards,-18.5,18.5,236.0,-1500,874,-110,-110,-110,-110,1.066667,9.74,1.909091,1.909091,1.909091,1.909091,0.897,0.103,125.0,112.5,237.5,1,2025_NBA,,,,,,,,,,,,,,,,,,,,,,,,,over,236.0,-110.0,0.015354277306573128,0.016889703348260104,0.5318522151676233,3.1852215167623266,0.004222425837065026,total,nba,,,,,,,,,,,,,,,,,,,,,,,0.5318522151676233,0.46814778483237673,1.8802215568188074,2.1360776071130108,1.8802215568188074,2.1360776071130108,0.5238094988662143,0.5238094988662143,0.5,0.5,0.015354277306573128,0.031852215167623266,0.016889703348260104,1.5354277306573128,3.1852215167623266,-0.10626327730657303,-0.031852215167623266,0.0,-10.626327730657303,-3.1852215167623266
Basketball,NBA,2026_02_11,NBA_2026_02_11_Golden_State_Warriors_San_Antonio_Spurs,2026_04_17,11:10 PM,Golden State Warriors,San Antonio Spurs,6.0,-6.0,218.0,189,-225,-110,-110,-110,-110,2.89,1.444444,1.909091,1.909091,1.909091,1.909091,0.323,0.677,107.1,113.1,220.2,1,2025_NBA,,,,,,,,,,,,,,,,,,,,,,,,,over,218.0,-110.0,0.0436226132947406,0.04798486982572779,0.5466594380753671,4.66594380753671,0.011996217456431948,total,nba,,,,,,,,,,,,,,,,,,,,,,,0.5466594380753671,0.4533405619246329,1.8292924814775293,2.205847179777062,1.8292924814775293,2.205847179777062,0.5238094988662143,0.5238094988662143,0.5,0.5,0.0436226132947406,0.0466594380753671,0.04798486982572779,4.36226132947406,4.66594380753671,-0.13453161329474062,-0.0466594380753671,0.0,-13.453161329474062,-4.66594380753671
Basketball,NBA,2026_02_11,NBA_2026_02_11_New_Orleans_Pelicans_Miami_Heat,2026_04_17,09:10 PM,New Orleans Pelicans,Miami Heat,-2.0,2.0,233.0,-123,103,-110,-110,-110,-110,1.813008,2.03,1.909091,1.909091,1.909091,1.909091,0.507,0.493,119.0,119.2,238.2,1,2025_NBA,,,,,,,,,,,,,,,,,,,,,,,,,over,233.0,-110.0,0.16290433703856344,0.17919475282294448,0.6091403380135171,10.914033801351708,0.04479868820573612,total,nba,,,,,,,,,,,,,,,,,,,,,,,0.6091403380135171,0.3908596619864829,1.6416578210222053,2.5584630425090604,1.6416578210222053,2.5584630425090604,0.5238094988662143,0.5238094988662143,0.5,0.5,0.16290433703856344,0.10914033801351708,0.17919475282294448,16.290433703856344,10.914033801351708,-0.25381333703856335,-0.10914033801351708,0.0,-25.381333703856335,-10.914033801351708
Basketball,NBA,2026_02_11,NBA_2026_02_11_Orlando_Magic_Milwaukee_Bucks,2026_04_17,08:10 PM,Orlando Magic,Milwaukee Bucks,-10.5,10.5,221.5,-500,383,-110,-110,-110,-110,1.2,4.83,1.909091,1.909091,1.909091,1.909091,0.791,0.209,114.2,105.8,220.0,1,2025_NBA,,,,,,,,,,,,,,,,,,,,,,,,,under,221.5,-110.0,0.015354277306573128,0.016889703348260104,0.5318522151676233,3.1852215167623266,0.004222425837065026,total,nba,,,,,,,,,,,,,,,,,,,,,,,0.46814778483237673,0.5318522151676233,2.1360776071130108,1.8802215568188074,2.1360776071130108,1.8802215568188074,0.5238094988662143,0.5238094988662143,0.5,0.5,-0.10626327730657303,-0.031852215167623266,0.0,-10.626327730657303,-3.1852215167623266,0.015354277306573128,0.031852215167623266,0.016889703348260104,1.5354277306573128,3.1852215167623266
Basketball,NBA,2026_02_11,NBA_2026_02_11_Philadelphia_76ers_New_York_Knicks,2026_04_17,08:40 PM,Philadelphia 76ers,New York Knicks,1.0,-1.0,224.5,-135,115,-115,-105,-110,-110,1.740741,2.15,1.869565,1.952381,1.909091,1.909091,0.573,0.427,112.5,110.2,222.7,1,2025_NBA,,,,,,,,,,,,,,,,,,,,,,,,,under,224.5,-110.0,0.027481891510435785,0.030230077638471537,0.5382047746861913,3.8204774686191323,0.007557519409617884,total,nba,,,,,,,,,,,,,,,,,,,,,,,0.4617952253138087,0.5382047746861913,2.165461973584632,1.8580288526482611,2.165461973584632,1.8580288526482611,0.5238094988662143,0.5238094988662143,0.5,0.5,-0.11839089151043558,-0.03820477468619132,0.0,-11.839089151043558,-3.8204774686191323,0.027481891510435785,0.03820477468619132,0.030230077638471537,2.7481891510435785,3.8204774686191323
Basketball,NBA,2026_02_11,NBA_2026_02_11_Phoenix_Suns_Oklahoma_City_Thunder,2026_04_17,10:10 PM,Phoenix Suns,Oklahoma City Thunder,6.5,-6.5,217.5,245,-300,-110,-110,-110,-110,3.45,1.333333,1.909091,1.909091,1.909091,1.909091,0.26,0.74,103.0,110.9,213.9,1,2025_NBA,,,,,,,,,,,,,,,,,,,,,,,,,under,217.5,-110.0,0.09975091888479937,0.1097259998006792,0.5760599776987054,7.605997769870543,0.0274314999501698,total,nba,,,,,,,,,,,,,,,,,,,,,,,0.4239400223012946,0.5760599776987054,2.3588242378524455,1.7359303522436798,2.3588242378524455,1.7359303522436798,0.5238094988662143,0.5238094988662143,0.5,0.5,-0.19065991888479916,-0.07605997769870543,0.0,-19.065991888479918,-7.605997769870543,0.09975091888479937,0.07605997769870543,0.1097259998006792,9.975091888479938,7.605997769870543
Basketball,NBA,2026_02_11,NBA_2026_02_11_Toronto_Raptors_Detroit_Pistons,2026_04_17,08:40 PM,Toronto Raptors,Detroit Pistons,2.5,-2.5,224.5,100,-120,-110,-110,-110,-110,2.0,1.833333,1.909091,1.909091,1.909091,1.909091,0.492,0.508,109.3,110.1,219.4,1,2025_NBA,,,,,,,,,,,,,,,,,,,,,,,,,under,224.5,-110.0,0.15899606505879338,0.17489565407510718,0.6070931480263608,10.709314802636083,0.043723913518776795,total,nba,,,,,,,,,,,,,,,,,,,,,,,0.39290685197363917,0.6070931480263608,2.5451325039938264,1.6471936855999214,2.5451325039938264,1.6471936855999214,0.5238094988662143,0.5238094988662143,0.5,0.5,-0.24990506505879317,-0.10709314802636083,0.0,-24.990506505879317,-10.709314802636083,0.15899606505879338,0.10709314802636083,0.17489565407510718,15.899606505879337,10.709314802636083
Basketball,NBA,2026_02_11,NBA_2026_02_11_Utah_Jazz_Sacramento_Kings,2026_04_17,10:10 PM,Utah Jazz,Sacramento Kings,-7.0,7.0,233.0,-245,203,-110,-110,-110,-110,1.408163,3.03,1.909091,1.909091,1.909091,1.909091,0.701,0.299,118.1,112.6,230.7,1,2025_NBA,,,,,,,,,,,,,,,,,,,,,,,,,under,233.0,-110.0,0.047651782594051895,0.05241695561176152,0.5487699552268864,4.8769955226886434,0.01310423890294038,total,nba,,,,,,,,,,,,,,,,,,,,,,,0.45123004477311357,0.5487699552268864,2.216164485462881,1.8222571962536736,2.216164485462881,1.8222571962536736,0.5238094988662143,0.5238094988662143,0.5,0.5,-0.1385607825940518,-0.04876995522688643,0.0,-13.85607825940518,-4.8769955226886434,0.047651782594051895,0.04876995522688643,0.05241695561176152,4.7651782594051895,4.8769955226886434
Basketball,NBA,2026_02_12,NBA_2026_02_12_Los_Angeles_Lakers_Dallas_Mavericks,2026_04_17,11:10 PM,Los Angeles Lakers,Dallas Mavericks,-7.0,7.0,231.5,-250,207,-110,-110,-110,-110,1.4,3.07,1.909091,1.909091,1.909091,1.909091,0.619,0.381,115.0,111.4,226.4,1,2025_NBA,,,,,,,,,,,,,,,,,,,,,,,,,under,231.5,-110.0,0.15899606505879338,0.17489565407510718,0.6070931480263608,10.709314802636083,0.043723913518776795,total,nba,,,,,,,,,,,,,,,,,,,,,,,0.39290685197363917,0.6070931480263608,2.5451325039938264,1.6471936855999214,2.5451325039938264,1.6471936855999214,0.5238094988662143,0.5238094988662143,0.5,0.5,-0.24990506505879317,-0.10709314802636083,0.0,-24.990506505879317,-10.709314802636083,0.15899606505879338,0.10709314802636083,0.17489565407510718,15.899606505879337,10.709314802636083
Basketball,NBA,2026_02_12,NBA_2026_02_12_Oklahoma_City_Thunder_Milwaukee_Bucks,2026_04_17,08:40 PM,Oklahoma City Thunder,Milwaukee Bucks,-14.0,14.0,215.5,-650,476,-110,-110,-110,-110,1.153846,5.76,1.909091,1.909091,1.909091,1.909091,0.829,0.171,113.9,104.3,218.2,1,2025_NBA,,,,,,,,,,,,,,,,,,,,,,,,,over,215.5,-110.0,0.06374103289533517,0.07011512917335576,0.5571976573643347,5.719765736433469,0.01752878229333894,total,nba,,,,,,,,,,,,,,,,,,,,,,,0.5571976573643347,0.44280234263566526,1.794695269772339,2.2583439691121807,1.794695269772339,2.2583439691121807,0.5238094988662143,0.5238094988662143,0.5,0.5,0.06374103289533517,0.057197657364334686,0.07011512917335576,6.374103289533517,5.719765736433469,-0.1546500328953352,-0.05719765736433474,0.0,-15.465003289533518,-5.719765736433474
Basketball,NBA,2026_02_12,NBA_2026_02_12_Utah_Jazz_Portland_Trail_Blazers,2026_04_17,10:10 PM,Utah Jazz,Portland Trail Blazers,7.5,-7.5,236.0,237,-290,-110,-110,-110,-110,3.37,1.344828,1.909091,1.909091,1.909091,1.909091,0.336,0.664,116.8,122.5,239.3,1,2025_NBA,,,,,,,,,,,,,,,,,,,,,,,,,over,236.0,-110.0,0.08778032400350066,0.09655834674801604,0.5697896663928019,6.978966639280193,0.02413958668700401,total,nba,,,,,,,,,,,,,,,,,,,,,,,0.5697896663928019,0.43021033360719807,1.755033583411145,2.3244443981976644,1.755033583411145,2.3244443981976644,0.5238094988662143,0.5238094988662143,0.5,0.5,0.08778032400350066,0.06978966639280193,0.09655834674801604,8.778032400350067,6.978966639280193,-0.17868932400350057,-0.06978966639280193,0.0,-17.868932400350058,-6.978966639280193
Basketball,NBA,2026_02_19,NBA_2026_02_19_Charlotte_Hornets_Houston_Rockets,2026_04_17,08:10 PM,Charlotte Hornets,Houston Rockets,2.0,-2.0,214.5,140,-160,-110,-110,-110,-110,2.4,1.625,1.909091,1.909091,1.909091,1.909091,0.387,0.613,106.6,110.8,217.4,1,2025_NBA,,,,,,,,,,,,,,,,,,,,,,,,,over,214.5,-110.0,0.07176763236904926,0.07894438771151553,0.5614020664122608,6.140206641226076,0.019736096927878883,total,nba,,,,,,,,,,,,,,,,,,,,,,,0.5614020664122608,0.4385979335877392,1.7812545764048875,2.279992502062154,1.7812545764048875,2.279992502062154,0.5238094988662143,0.5238094988662143,0.5,0.5,0.07176763236904926,0.06140206641226076,0.07894438771151553,7.176763236904926,6.140206641226076,-0.1626766323690494,-0.061402066412260814,0.0,-16.267663236904937,-6.140206641226081
Basketball,NBA,2026_02_19,NBA_2026_02_19_Chicago_Bulls_Toronto_Raptors,2026_04_17,09:10 PM,Chicago Bulls,Toronto Raptors,4.5,-4.5,230.5,174,-200,-110,-110,-110,-110,2.74,1.5,1.909091,1.909091,1.909091,1.909091,0.368,0.632,113.8,118.4,232.2,1,2025_NBA,,,,,,,,,,,,,,,,,,,,,,,,,over,230.5,-110.0,0.023441266232355318,0.02578539027705176,0.5360882567841738,3.608825678417382,0.00644634756926294,total,nba,,,,,,,,,,,,,,,,,,,,,,,0.5360882567841738,0.4639117432158262,1.8653644942694474,2.1555824240792476,1.8653644942694474,2.1555824240792476,0.5238094988662143,0.5238094988662143,0.5,0.5,0.023441266232355318,0.03608825678417382,0.02578539027705176,2.344126623235532,3.608825678417382,-0.11435026623235511,-0.03608825678417382,0.0,-11.435026623235512,-3.608825678417382
Basketball,NBA,2026_02_19,NBA_2026_02_19_Cleveland_Cavaliers_Brooklyn_Nets,2026_04_17,08:10 PM,Cleveland Cavaliers,Brooklyn Nets,-13.5,13.5,226.5,-1100,709,-110,-110,-110,-110,1.090909,8.09,1.909091,1.909091,1.909091,1.909091,0.857,0.143,119.7,109.2,228.9,1,2025_NBA,,,,,,,,,,,,,,,,,,,,,,,,,over,226.5,-110.0,0.05167832161588626,0.05684614809285995,0.5508790946140787,5.087909461407869,0.014211537023214987,total,nba,,,,,,,,,,,,,,,,,,,,,,,0.5508790946140787,0.44912090538592125,1.8152803578443204,2.226571927531894,1.8152803578443204,2.226571927531894,0.5238094988662143,0.5238094988662143,0.5,0.5,0.05167832161588626,0.05087909461407869,0.05684614809285995,5.167832161588626,5.087909461407869,-0.14258732161588616,-0.050879094614078746,0.0,-14.258732161588616,-5.087909461407874
Basketball,NBA,2026_02_19,NBA_2026_02_19_Golden_State_Warriors_Boston_Celtics,2026_04_17,11:10 PM,Golden State Warriors,Boston Celtics,3.5,-3.5,223.5,120,-140,-110,-110,-110,-110,2.2,1.714286,1.909091,1.909091,1.909091,1.909091,0.468,0.532,106.6,108.5,215.1,1,2025_NBA,,,,,,,,,,,,,,,,,,,,,,,,,under,223.5,-110.0,0.28438913049172876,0.3128280122581005,0.6727752267920852,17.277522679208523,0.05,total,nba,,,,,,,,,,,,,,,,,,,,,,,0.32722477320791477,0.6727752267920852,3.056003340445779,1.4863805327199429,3.056003340445779,1.4863805327199429,0.5238094988662143,0.5238094988662143,0.5,0.5,-0.3752981304917288,-0.17277522679208523,0.0,-37.52981304917288,-17.277522679208523,0.28438913049172876,0.17277522679208523,0.3128280122581005,28.438913049172875,17.277522679208523
Basketball,NBA,2026_02_19,NBA_2026_02_19_New_York_Knicks_Detroit_Pistons,2026_04_17,08:42 PM,New York Knicks,Detroit Pistons,-3.0,3.0,222.5,-177,155,-110,-110,-110,-110,1.564972,2.55,1.909091,1.909091,1.909091,1.909091,0.617,0.383,113.5,110.2,223.7,1,2025_NBA,,,,,,,,,,,,,,,,,,,,,,,,,over,222.5,-110.0,0.0032111586251384328,0.003532274134424923,0.525491534256428,2.549153425642803,0.0008830685336062308,total,nba,,,,,,,,,,,,,,,,,,,,,,,0.525491534256428,0.47450846574357197,1.9029802286253816,2.1074439597889234,1.9029802286253816,2.1074439597889234,0.5238094988662143,0.5238094988662143,0.5,0.5,0.0032111586251384328,0.025491534256428028,0.003532274134424923,0.3211158625138433,2.549153425642803,-0.09412015862513845,-0.025491534256428028,0.0,-9.412015862513845,-2.549153425642803
Basketball,NBA,2026_02_19,NBA_2026_02_19_Sacramento_Kings_Orlando_Magic,2026_04_17,11:10 PM,Sacramento Kings,Orlando Magic,11.0,-11.0,223.5,306,-385,-110,-110,-110,-110,4.06,1.25974,1.909091,1.909091,1.909091,1.909091,0.206,0.794,107.8,117.0,224.8,1,2025_NBA,,,,,,,,,,,,,,,,,,,,,,,,,over,223.5,-110.0,0.007260397257830009,0.00798643618496939,0.5276125639154079,2.7612563915407895,0.0019966090462423475,total,nba,,,,,,,,,,,,,,,,,,,,,,,0.5276125639154079,0.4723874360845921,1.895330150174987,2.116906428097564,1.895330150174987,2.116906428097564,0.5238094988662143,0.5238094988662143,0.5,0.5,0.007260397257830009,0.027612563915407895,0.00798643618496939,0.7260397257830009,2.7612563915407895,-0.09816939725782992,-0.027612563915407895,0.0,-9.81693972578299,-2.7612563915407895
Basketball,NBA,2026_02_19,NBA_2026_02_19_San_Antonio_Spurs_Phoenix_Suns,2026_04_17,09:40 PM,San Antonio Spurs,Phoenix Suns,-6.5,6.5,225.5,-340,274,-110,-110,-110,-110,1.294118,3.74,1.909091,1.909091,1.909091,1.909091,0.681,0.319,116.8,111.6,228.4,1,2025_NBA,,,,,,,,,,,,,,,,,,,,,,,,,over,225.5,-110.0,0.07176763236904926,0.07894438771151553,0.5614020664122608,6.140206641226076,0.019736096927878883,total,nba,,,,,,,,,,,,,,,,,,,,,,,0.5614020664122608,0.4385979335877392,1.7812545764048875,2.279992502062154,1.7812545764048875,2.279992502062154,0.5238094988662143,0.5238094988662143,0.5,0.5,0.07176763236904926,0.06140206641226076,0.07894438771151553,7.176763236904926,6.140206641226076,-0.1626766323690494,-0.061402066412260814,0.0,-16.267663236904937,-6.140206641226081
Basketball,NBA,2026_02_19,NBA_2026_02_19_Washington_Wizards_Indiana_Pacers,2026_04_17,08:10 PM,Washington Wizards,Indiana Pacers,2.5,-2.5,234.5,170,-195,-110,-110,-110,-110,2.7,1.512821,1.909091,1.909091,1.909091,1.909091,0.476,0.524,115.5,117.0,232.5,1,2025_NBA,,,,,,,,,,,,,,,,,,,,,,,,,under,234.5,-110.0,0.035556835085732263,0.03911251468305408,0.5424345068337404,4.243450683374039,0.00977812867076352,total,nba,,,,,,,,,,,,,,,,,,,,,,,0.4575654931662596,0.5424345068337404,2.185479488586879,1.8435405332841523,2.185479488586879,1.8435405332841523,0.5238094988662143,0.5238094988662143,0.5,0.5,-0.12646583508573228,-0.04243450683374039,0.0,-12.646583508573228,-4.243450683374039,0.035556835085732263,0.04243450683374039,0.03911251468305408,3.5556835085732263,4.243450683374039
Basketball,NBA,2026_02_20,NBA_2026_02_20_Atlanta_Hawks_Miami_Heat,2026_04_17,08:40 PM,Atlanta Hawks,Miami Heat,2.5,-2.5,241.0,130,-150,-110,-110,-110,-110,2.3,1.666667,1.909091,1.909091,1.909091,1.909091,0.427,0.573,119.7,122.8,242.5,1,2025_NBA,,,,,,,,,,,,,,,,,,,,,,,,,over,241.0,-110.0,0.015354277306573128,0.016889703348260104,0.5318522151676233,3.1852215167623266,0.004222425837065026,total,nba,,,,,,,,,,,,,,,,,,,,,,,0.5318522151676233,0.46814778483237673,1.8802215568188074,2.1360776071130108,1.8802215568188074,2.1360776071130108,0.5238094988662143,0.5238094988662143,0.5,0.5,0.015354277306573128,0.031852215167623266,0.016889703348260104,1.5354277306573128,3.1852215167623266,-0.10626327730657303,-0.031852215167623266,0.0,-10.626327730657303,-3.1852215167623266
Basketball,NBA,2026_02_20,NBA_2026_02_20_Charlotte_Hornets_Cleveland_Cavaliers,2026_04_17,08:10 PM,Charlotte Hornets,Cleveland Cavaliers,4.5,-4.5,234.5,180,-210,-110,-110,-110,-110,2.8,1.47619,1.909091,1.909091,1.909091,1.909091,0.376,0.624,114.4,118.7,233.1,1,2025_NBA,,,,,,,,,,,,,,,,,,,,,,,,,under,234.5,-110.0,0.011308141594687182,0.012438954510260386,0.5297328108480356,2.9732810848035585,0.0031097386275650966,total,nba,,,,,,,,,,,,,,,,,,,,,,,0.4702671891519644,0.5297328108480356,2.126450713695986,1.8877441221719413,2.126450713695986,1.8877441221719413,0.5238094988662143,0.5238094988662143,0.5,0.5,-0.10221714159468709,-0.029732810848035585,0.0,-10.221714159468709,-2.9732810848035585,0.011308141594687182,0.029732810848035585,0.012438954510260386,1.1308141594687182,2.9732810848035585
Basketball,NBA,2026_02_20,NBA_2026_02_20_New_Orleans_Pelicans_Milwaukee_Bucks,2026_04_17,09:10 PM,New Orleans Pelicans,Milwaukee Bucks,-4.0,4.0,221.0,-165,145,-110,-110,-110,-110,1.606061,2.45,1.909091,1.909091,1.909091,1.909091,0.61,0.39,113.2,110.0,223.2,1,2025_NBA,,,,,,,,,,,,,,,,,,,,,,,,,over,221.0,-110.0,0.0436226132947406,0.04798486982572779,0.5466594380753671,4.66594380753671,0.011996217456431948,total,nba,,,,,,,,,,,,,,,,,,,,,,,0.5466594380753671,0.4533405619246329,1.8292924814775293,2.205847179777062,1.8292924814775293,2.205847179777062,0.5238094988662143,0.5238094988662143,0.5,0.5,0.0436226132947406,0.0466594380753671,0.04798486982572779,4.36226132947406,4.66594380753671,-0.13453161329474062,-0.0466594380753671,0.0,-13.453161329474062,-4.66594380753671
Basketball,NBA,2026_02_20,NBA_2026_02_20_Oklahoma_City_Thunder_Brooklyn_Nets,2026_04_17,09:10 PM,Oklahoma City Thunder,Brooklyn Nets,-16.5,16.5,218.0,-1250,776,-110,-110,-110,-110,1.08,8.76,1.909091,1.909091,1.909091,1.909091,0.89,0.11,112.9,101.1,214.0,1,2025_NBA,,,,,,,,,,,,,,,,,,,,,,,,,under,218.0,-110.0,0.11565419521982712,0.1272196020198496,0.5843902649060873,8.439026490608725,0.0318049005049624,total,nba,,,,,,,,,,,,,,,,,,,,,,,0.41560973509391275,0.5843902649060873,2.406103407982097,1.7111852473461413,2.406103407982097,1.7111852473461413,0.5238094988662143,0.5238094988662143,0.5,0.5,-0.20656319521982702,-0.08439026490608725,0.0,-20.656319521982702,-8.439026490608725,0.11565419521982712,0.08439026490608725,0.1272196020198496,11.565419521982712,8.439026490608725
Basketball,NBA,2026_02_20,NBA_2026_02_20_Washington_Wizards_Indiana_Pacers,2026_04_17,08:10 PM,Washington Wizards,Indiana Pacers,3.0,-3.0,233.0,115,-135,-110,-110,-110,-110,2.15,1.740741,1.909091,1.909091,1.909091,1.909091,0.485,0.515,114.7,115.7,230.4,1,2025_NBA,,,,,,,,,,,,,,,,,,,,,,,,,under,233.0,-110.0,0.059723058942541485,0.06569535826725968,0.5550930044416643,5.509300444166431,0.01642383956681492,total,nba,,,,,,,,,,,,,,,,,,,,,,,0.4449069955583357,0.5550930044416643,2.2476607695166733,1.8014999144257666,2.2476607695166733,1.8014999144257666,0.5238094988662143,0.5238094988662143,0.5,0.5,-0.15063205894254128,-0.05509300444166432,0.0,-15.063205894254128,-5.509300444166431,0.059723058942541485,0.05509300444166432,0.06569535826725968,5.9723058942541485,5.509300444166431
Basketball,NBA,2026_02_21,NBA_2026_02_21_New_Orleans_Pelicans_Philadelphia_76ers,2026_04_17,08:10 PM,New Orleans Pelicans,Philadelphia 76ers,3.5,-3.5,229.0,130,-150,-110,-110,-110,-110,2.3,1.666667,1.909091,1.909091,1.909091,1.909091,0.344,0.656,110.5,116.0,226.5,1,2025_NBA,,,,,,,,,,,,,,,,,,,,,,,,,under,229.0,-110.0,0.05570211783101153,0.061272323486880456,0.5529867972930633,5.298679729306333,0.015318080871720114,total,nba,,,,,,,,,,,,,,,,,,,,,,,0.4470132027069367,0.5529867972930633,2.2370703906381113,1.8083614380942183,2.2370703906381113,1.8083614380942183,0.5238094988662143,0.5238094988662143,0.5,0.5,-0.14661111783101155,-0.052986797293063326,0.0,-14.661111783101155,-5.298679729306333,0.05570211783101153,0.052986797293063326,0.061272323486880456,5.570211783101153,5.298679729306333
Basketball,NBA,2026_02_21,NBA_2026_02_21_New_York_Knicks_Houston_Rockets,2026_04_17,09:40 PM,New York Knicks,Houston Rockets,-2.5,2.5,214.5,-150,130,-110,-110,-110,-110,1.666667,2.3,1.909091,1.909091,1.909091,1.909091,0.572,0.428,112.2,109.8,222.0,1,2025_NBA,,,,,,,,,,,,,,,,,,,,,,,,,over,214.5,-110.0,0.25100198906025173,0.27610216035606094,0.6552867249702878,15.528672497028783,0.05,total,nba,,,,,,,,,,,,,,,,,,,,,,,0.6552867249702878,0.3447132750297121,1.5260495320507863,2.9009616757979697,1.5260495320507863,2.9009616757979697,0.5238094988662143,0.5238094988662143,0.5,0.5,0.25100198906025173,0.15528672497028784,0.27610216035606094,25.100198906025174,15.528672497028783,-0.34191098906025186,-0.1552867249702879,0.0,-34.19109890602519,-15.52867249702879
Basketball,NBA,2026_02_21,NBA_2026_02_21_Phoenix_Suns_Orlando_Magic,2026_04_17,06:10 PM,Phoenix Suns,Orlando Magic,-2.0,2.0,220.0,-125,105,-110,-110,-110,-110,1.8,2.05,1.909091,1.909091,1.909091,1.909091,0.532,0.468,111.5,110.5,222.0,1,2025_NBA,,,,,,,,,,,,,,,,,,,,,,,,,over,220.0,-110.0,0.035556835085732263,0.03911251468305408,0.5424345068337404,4.243450683374039,0.00977812867076352,total,nba,,,,,,,,,,,,,,,,,,,,,,,0.5424345068337404,0.4575654931662596,1.8435405332841523,2.185479488586879,1.8435405332841523,2.185479488586879,0.5238094988662143,0.5238094988662143,0.5,0.5,0.035556835085732263,0.04243450683374039,0.03911251468305408,3.5556835085732263,4.243450683374039,-0.12646583508573228,-0.04243450683374039,0.0,-12.646583508573228,-4.243450683374039
Basketball,NBA,2026_02_22,NBA_2026_02_22_Atlanta_Hawks_Brooklyn_Nets,2026_04_17,04:40 PM,Atlanta Hawks,Brooklyn Nets,-8.5,8.5,228.0,-360,289,-110,-110,-110,-110,1.277778,3.89,1.909091,1.909091,1.909091,1.909091,0.764,0.236,117.0,109.2,226.2,1,2025_NBA,,,,,,,,,,,,,,,,,,,,,,,,,under,228.0,-110.0,0.027481891510435785,0.030230077638471537,0.5382047746861913,3.8204774686191323,0.007557519409617884,total,nba,,,,,,,,,,,,,,,,,,,,,,,0.4617952253138087,0.5382047746861913,2.165461973584632,1.8580288526482611,2.165461973584632,1.8580288526482611,0.5238094988662143,0.5238094988662143,0.5,0.5,-0.11839089151043558,-0.03820477468619132,0.0,-11.839089151043558,-3.8204774686191323,0.027481891510435785,0.03820477468619132,0.030230077638471537,2.7481891510435785,3.8204774686191323
Basketball,NBA,2026_02_22,NBA_2026_02_22_Golden_State_Warriors_Denver_Nuggets,2026_04_17,04:40 PM,Golden State Warriors,Denver Nuggets,4.0,-4.0,230.5,165,-190,-110,-110,-110,-110,2.65,1.526316,1.909091,1.909091,1.909091,1.909091,0.299,0.701,110.9,117.2,228.1,1,2025_NBA,,,,,,,,,,,,,,,,,,,,,,,,,under,230.5,-110.0,0.05167832161588626,0.05684614809285995,0.5508790946140787,5.087909461407869,0.014211537023214987,total,nba,,,,,,,,,,,,,,,,,,,,,,,0.4491209053859213,0.5508790946140787,2.2265719275318934,1.8152803578443204,2.2265719275318934,1.8152803578443204,0.5238094988662143,0.5238094988662143,0.5,0.5,-0.14258732161588605,-0.05087909461407869,0.0,-14.258732161588606,-5.087909461407869,0.05167832161588626,0.05087909461407869,0.05684614809285995,5.167832161588626,5.087909461407869
Basketball,NBA,2026_02_22,NBA_2026_02_22_Los_Angeles_Clippers_Orlando_Magic,2026_04_17,10:10 PM,Los Angeles Clippers,Orlando Magic,-4.5,4.5,215.5,-180,157,-110,-110,-110,-110,1.555556,2.57,1.909091,1.909091,1.909091,1.909091,0.626,0.374,110.5,106.9,217.4,1,2025_NBA,,,,,,,,,,,,,,,,,,,,,,,,,over,215.5,-110.0,0.03152045231118228,0.034672494075051095,0.5403202111953711,4.03202111953711,0.008668123518762774,total,nba,,,,,,,,,,,,,,,,,,,,,,,0.5403202111953711,0.45967978880462884,1.8507543846780443,2.175427383049499,1.8507543846780443,2.175427383049499,0.5238094988662143,0.5238094988662143,0.5,0.5,0.03152045231118228,0.0403202111953711,0.034672494075051095,3.152045231118228,4.03202111953711,-0.1224294523111823,-0.04032021119537116,0.0,-12.24294523111823,-4.032021119537116
Basketball,NBA,2026_02_22,NBA_2026_02_22_Los_Angeles_Lakers_Boston_Celtics,2026_04_17,07:38 PM,Los Angeles Lakers,Boston Celtics,1.0,-1.0,227.5,110,-130,-110,-104,-110,-110,2.1,1.769231,1.909091,1.961538,1.909091,1.909091,0.473,0.527,114.5,116.2,230.7,1,2025_NBA,,,,,,,,,,,,,,,,,,,,,,,,,over,227.5,-110.0,0.08378249144771499,0.09216073137641334,0.5676955637252048,6.76955637252048,0.023040182844103335,total,nba,,,,,,,,,,,,,,,,,,,,,,,0.5676955637252048,0.4323044362747952,1.761507511945353,2.3131846821121864,1.761507511945353,2.3131846821121864,0.5238094988662143,0.5238094988662143,0.5,0.5,0.08378249144771499,0.0676955637252048,0.09216073137641334,8.378249144771498,6.76955637252048,-0.1746914914477149,-0.0676955637252048,0.0,-17.46914914477149,-6.76955637252048
Basketball,NBA,2026_02_22,NBA_2026_02_22_Milwaukee_Bucks_Toronto_Raptors,2026_04_17,04:40 PM,Milwaukee Bucks,Toronto Raptors,3.5,-3.5,222.5,135,-155,-110,-110,-110,-110,2.35,1.645161,1.909091,1.909091,1.909091,1.909091,0.42,0.58,108.5,111.9,220.4,1,2025_NBA,,,,,,,,,,,,,,,,,,,,,,,,,under,222.5,-110.0,0.039590926470102206,0.04355001476211107,0.5445476022201677,4.454760222016773,0.010887503690527767,total,nba,,,,,,,,,,,,,,,,,,,,,,,0.45545239777983226,0.5445476022201677,2.195619135774985,1.836386747316329,2.195619135774985,1.836386747316329,0.5238094988662143,0.5238094988662143,0.5,0.5,-0.13049992647010222,-0.04454760222016774,0.0,-13.049992647010223,-4.454760222016773,0.039590926470102206,0.04454760222016774,0.04355001476211107,3.9590926470102206,4.454760222016773
Basketball,NBA,2026_02_22,NBA_2026_02_22_Minnesota_Timberwolves_Philadelphia_76ers,2026_04_17,08:10 PM,Minnesota Timberwolves,Philadelphia 76ers,-9.0,9.0,237.0,-350,280,-110,-110,-110,-110,1.285714,3.8,1.909091,1.909091,1.909091,1.909091,0.703,0.297,120.5,115.1,235.6,1,2025_NBA,,,,,,,,,,,,,,,,,,,,,,,,,under,237.0,-110.0,0.011308141594687182,0.012438954510260386,0.5297328108480356,2.9732810848035585,0.0031097386275650966,total,nba,,,,,,,,,,,,,,,,,,,,,,,0.4702671891519644,0.5297328108480356,2.126450713695986,1.8877441221719413,2.126450713695986,1.8877441221719413,0.5238094988662143,0.5238094988662143,0.5,0.5,-0.10221714159468709,-0.029732810848035585,0.0,-10.221714159468709,-2.9732810848035585,0.011308141594687182,0.029732810848035585,0.012438954510260386,1.1308141594687182,2.9732810848035585
Basketball,NBA,2026_02_22,NBA_2026_02_22_Oklahoma_City_Thunder_Cleveland_Cavaliers,2026_04_17,02:10 PM,Oklahoma City Thunder,Cleveland Cavaliers,2.5,-2.5,224.0,125,-145,-110,-110,-110,-110,2.25,1.689655,1.909091,1.909091,1.909091,1.909091,0.399,0.601,111.8,115.7,227.5,1,2025_NBA,,,,,,,,,,,,,,,,,,,,,,,,,over,224.0,-110.0,0.0957646473468452,0.10534110154741944,0.573971930802065,7.397193080206499,0.02633527538685486,total,nba,,,,,,,,,,,,,,,,,,,,,,,0.573971930802065,0.426028069197935,1.7422454763643336,2.3472631788855076,1.7422454763643336,2.3472631788855076,0.5238094988662143,0.5238094988662143,0.5,0.5,0.0957646473468452,0.07397193080206499,0.10534110154741944,9.57646473468452,7.397193080206499,-0.186673647346845,-0.07397193080206499,0.0,-18.6673647346845,-7.397193080206499
Basketball,NBA,2026_02_22,NBA_2026_02_22_Phoenix_Suns_Portland_Trail_Blazers,2026_04_17,09:10 PM,Phoenix Suns,Portland Trail Blazers,2.5,-2.5,222.0,130,-150,-110,-110,-110,-110,2.3,1.666667,1.909091,1.909091,1.909091,1.909091,0.416,0.584,110.5,113.9,224.4,1,2025_NBA,,,,,,,,,,,,,,,,,,,,,,,,,over,222.0,-110.0,0.05167832161588626,0.05684614809285995,0.5508790946140787,5.087909461407869,0.014211537023214987,total,nba,,,,,,,,,,,,,,,,,,,,,,,0.5508790946140787,0.44912090538592125,1.8152803578443204,2.226571927531894,1.8152803578443204,2.226571927531894,0.5238094988662143,0.5238094988662143,0.5,0.5,0.05167832161588626,0.05087909461407869,0.05684614809285995,5.167832161588626,5.087909461407869,-0.14258732161588616,-0.050879094614078746,0.0,-14.258732161588616,-5.087909461407874
Basketball,NBA,2026_02_22,NBA_2026_02_22_Washington_Wizards_Charlotte_Hornets,2026_04_17,07:10 PM,Washington Wizards,Charlotte Hornets,10.0,-10.0,229.0,400,-525,-110,-110,-110,-110,5.0,1.190476,1.909091,1.909091,1.909091,1.909091,0.238,0.762,109.2,117.7,226.9,1,2025_NBA,,,,,,,,,,,,,,,,,,,,,,,,,under,229.0,-110.0,0.039590926470102206,0.04355001476211107,0.5445476022201677,4.454760222016773,0.010887503690527767,total,nba,,,,,,,,,,,,,,,,,,,,,,,0.45545239777983226,0.5445476022201677,2.195619135774985,1.836386747316329,2.195619135774985,1.836386747316329,0.5238094988662143,0.5238094988662143,0.5,0.5,-0.13049992647010222,-0.04454760222016774,0.0,-13.049992647010223,-4.454760222016773,0.039590926470102206,0.04454760222016774,0.04355001476211107,3.9590926470102206,4.454760222016773
Basketball,NBA,2026_02_23,NBA_2026_02_23_Houston_Rockets_Utah_Jazz,2026_04_17,10:40 PM,Houston Rockets,Utah Jazz,-15.5,15.5,224.0,-1050,686,-110,-110,-110,-110,1.095238,7.86,1.909091,1.909091,1.909091,1.909091,0.856,0.144,119.1,108.6,227.7,1,2025_NBA,,,,,,,,,,,,,,,,,,,,,,,,,over,224.0,-110.0,0.10373311805063357,0.11410641844505506,0.5781458914481465,7.814589144814654,0.028526604611263766,total,nba,,,,,,,,,,,,,,,,,,,,,,,0.5781458914481465,0.42185410855185346,1.7296672255080605,2.3704877580375205,1.7296672255080605,2.3704877580375205,0.5238094988662143,0.5238094988662143,0.5,0.5,0.10373311805063357,0.07814589144814654,0.11410641844505506,10.373311805063356,7.814589144814654,-0.19464211805063347,-0.07814589144814654,0.0,-19.464211805063346,-7.814589144814654
Basketball,NBA,2026_02_24,NBA_2026_02_24_Brooklyn_Nets_Dallas_Mavericks,2026_04_17,7:40 PM,Brooklyn Nets,Dallas Mavericks,1.5,-1.5,226.5,105,-125,-110,-110,-110,-110,2.05,1.8,1.909091,1.909091,1.909091,1.909091,0.434,0.566,110.2,113.0,223.2,1,2025_NBA,,,,,,,,,,,,,,,,,,,,,,,,,under,226.5,-110.0,0.08778032400350066,0.09655834674801604,0.5697896663928019,6.978966639280193,0.02413958668700401,total,nba,,,,,,,,,,,,,,,,,,,,,,,0.43021033360719807,0.5697896663928019,2.3244443981976644,1.755033583411145,2.3244443981976644,1.755033583411145,0.5238094988662143,0.5238094988662143,0.5,0.5,-0.17868932400350057,-0.06978966639280193,0.0,-17.868932400350058,-6.978966639280193,0.08778032400350066,0.06978966639280193,0.09655834674801604,8.778032400350067,6.978966639280193
Basketball,NBA,2026_02_24,NBA_2026_02_24_Chicago_Bulls_Charlotte_Hornets,2026_04_17,8:10 PM,Chicago Bulls,Charlotte Hornets,8.5,-8.5,232.5,260,-325,-120,100,-108,-112,3.6,1.307692,1.833333,2.0,1.925926,1.892857,0.311,0.689,111.8,118.0,229.8,1,2025_NBA,,,,,,,,,,,,,,,,,,,,,,,,,under,232.5,-112.0,0.054695486125682535,0.06125895426219706,0.5571976573643347,5.286787481319211,0.015314738565549265,total,nba,,,,,,,,,,,,,,,,,,,,,,,0.4428023426356653,0.5571976573643347,2.2583439691121803,1.794695269772339,2.2583439691121803,1.794695269772339,0.5192307492603558,0.5283019266642963,0.4956702174488574,0.5043297825511426,-0.14719545545706358,-0.052867874813192106,0.0,-14.719545545706358,-5.286787481319211,0.054695486125682535,0.052867874813192106,0.06125895426219706,5.4695486125682535,5.286787481319211
Basketball,NBA,2026_02_24,NBA_2026_02_24_Indiana_Pacers_Philadelphia_76ers,2026_04_17,7:10 PM,Indiana Pacers,Philadelphia 76ers,9.5,-9.5,233.5,330,-425,100,-120,-108,-112,4.3,1.235294,2.0,1.833333,1.925926,1.892857,0.232,0.768,111.2,119.9,231.1,1,2025_NBA,,,,,,,,,,,,,,,,,,,,,,,,,under,233.5,-112.0,0.04273535039392118,0.047863600099367735,0.5508790946140787,4.654931206293611,0.011965900024841934,total,nba,,,,,,,,,,,,,,,,,,,,,,,0.4491209053859213,0.5508790946140787,2.2265719275318934,1.8152803578443204,2.2265719275318934,1.8152803578443204,0.5192307492603558,0.5283019266642963,0.4956702174488574,0.5043297825511426,-0.13502637117371408,-0.04654931206293611,0.0,-13.502637117371407,-4.654931206293611,0.04273535039392118,0.04654931206293611,0.047863600099367735,4.273535039392118,4.654931206293611
Basketball,NBA,2026_02_24,NBA_2026_02_24_Los_Angeles_Lakers_Orlando_Magic,2026_04_17,10:40 PM,Los Angeles Lakers,Orlando Magic,-5.5,5.5,230.5,-205,170,-108,-112,-105,-115,1.487805,2.7,1.925926,1.892857,1.952381,1.869565,0.656,0.344,116.1,111.6,227.7,1,2025_NBA,,,,,,,,,,,,,,,,,,,,,,,,,under,230.5,-115.0,0.04564900851609788,0.05249637291760573,0.5593006974970637,4.846642615989671,0.013124093229401432,total,nba,,,,,,,,,,,,,,,,,,,,,,,0.4406993025029363,0.5593006974970637,2.2691209047088,1.787946992512467,2.2691209047088,1.787946992512467,0.5121951094586559,0.5348837831260214,0.489165728662833,0.510834271337167,-0.13958705508001468,-0.04846642615989666,0.0,-13.958705508001469,-4.846642615989666,0.04564900851609788,0.048466426159896714,0.05249637291760573,4.564900851609788,4.846642615989671
Basketball,NBA,2026_02_24,NBA_2026_02_24_Phoenix_Suns_Boston_Celtics,2026_04_17,9:10 PM,Phoenix Suns,Boston Celtics,5.5,-5.5,206.5,180,-218,-112,-108,-115,-105,2.8,1.458716,1.892857,1.925926,1.869565,1.952381,0.345,0.655,102.5,107.9,210.4,1,2025_NBA,,,,,,,,,,,,,,,,,,,,,,,,,over,206.5,-115.0,0.08866843625987553,0.10196872719103867,0.582311091756572,7.147682041940506,0.025492181797759667,total,nba,,,,,,,,,,,,,,,,,,,,,,,0.582311091756572,0.41768890824342797,1.7172951265335636,2.3941262989373007,1.7172951265335636,2.3941262989373007,0.5348837831260214,0.5121951094586559,0.510834271337167,0.489165728662833,0.08866843625987553,0.07147682041940506,0.10196872719103867,8.866843625987553,7.147682041940506,-0.18451211163478787,-0.07147682041940501,0.0,-18.45121116347879,-7.1476820419405005
Basketball,NBA,2026_02_24,NBA_2026_02_24_Toronto_Raptors_Oklahoma_City_Thunder,2026_04_17,7:40 PM,Toronto Raptors,Oklahoma City Thunder,-2.5,2.5,215.5,-142,120,-108,-112,-112,-108,1.704225,2.2,1.925926,1.892857,1.892857,1.925926,0.469,0.531,107.7,109.5,217.2,1,2025_NBA,,,,,,,,,,,,,,,,,,,,,,,,,over,215.5,-112.0,0.014738409471720892,0.0165070212494508,0.5360882567841738,3.175847423303124,0.0041267553123627,total,nba,,,,,,,,,,,,,,,,,,,,,,,0.5360882567841738,0.4639117432158262,1.8653644942694474,2.1555824240792476,1.8653644942694474,2.1555824240792476,0.5283019266642963,0.5192307492603558,0.5043297825511426,0.4956702174488574,0.014738409471720892,0.03175847423303124,0.0165070212494508,1.4738409471720892,3.175847423303124,-0.10654031203531678,-0.03175847423303124,0.0,-10.654031203531677,-3.175847423303124
Basketball,NBA,2026_02_25,NBA_2026_02_25_Detroit_Pistons_Oklahoma_City_Thunder,2026_04_17,08:40 PM,Detroit Pistons,Oklahoma City Thunder,-5.5,5.5,218.0,-300,245,-110,-110,-110,-110,1.333333,3.45,1.909091,1.909091,1.909091,1.909091,0.776,0.224,115.0,107.0,222.0,1,2025_NBA,,,,,,,,,,,,,,,,,,,,,,,,,over,218.0,-110.0,0.11565419521982712,0.1272196020198496,0.5843902649060873,8.439026490608725,0.0318049005049624,total,nba,,,,,,,,,,,,,,,,,,,,,,,0.5843902649060873,0.4156097350939128,1.7111852473461413,2.406103407982097,1.7111852473461413,2.406103407982097,0.5238094988662143,0.5238094988662143,0.5,0.5,0.11565419521982712,0.08439026490608725,0.1272196020198496,11.565419521982712,8.439026490608725,-0.2065631952198269,-0.0843902649060872,0.0,-20.65631952198269,-8.43902649060872
Basketball,NBA,2026_02_25,NBA_2026_02_25_Memphis_Grizzlies_Golden_State_Warriors,2026_04_17,08:40 PM,Memphis Grizzlies,Golden State Warriors,1.5,-1.5,226.5,145,-165,-110,-110,-110,-110,2.45,1.606061,1.909091,1.909091,1.909091,1.909091,0.408,0.592,113.8,117.3,231.1,1,2025_NBA,,,,,,,,,,,,,,,,,,,,,,,,,over,226.5,-110.0,0.1393718241433941,0.1533089912268344,0.5968137842268357,9.681378422683572,0.0383272478067086,total,nba,,,,,,,,,,,,,,,,,,,,,,,0.5968137842268357,0.40318621577316427,1.6755645168207478,2.4802435224189505,1.6755645168207478,2.4802435224189505,0.5238094988662143,0.5238094988662143,0.5,0.5,0.1393718241433941,0.09681378422683573,0.1533089912268344,13.93718241433941,9.681378422683572,-0.23028082414339401,-0.09681378422683573,0.0,-23.0280824143394,-9.681378422683572
Basketball,NBA,2026_02_25,NBA_2026_02_25_Milwaukee_Bucks_Cleveland_Cavaliers,2026_04_17,09:10 PM,Milwaukee Bucks,Cleveland Cavaliers,9.0,-9.0,230.0,296,-370,-110,-110,-110,-110,3.96,1.27027,1.909091,1.909091,1.909091,1.909091,0.478,0.522,113.1,114.6,227.7,1,2025_NBA,,,,,,,,,,,,,,,,,,,,,,,,,under,230.0,-110.0,0.047651782594051895,0.05241695561176152,0.5487699552268864,4.8769955226886434,0.01310423890294038,total,nba,,,,,,,,,,,,,,,,,,,,,,,0.45123004477311357,0.5487699552268864,2.216164485462881,1.8222571962536736,2.216164485462881,1.8222571962536736,0.5238094988662143,0.5238094988662143,0.5,0.5,-0.1385607825940518,-0.04876995522688643,0.0,-13.85607825940518,-4.8769955226886434,0.047651782594051895,0.04876995522688643,0.05241695561176152,4.7651782594051895,4.8769955226886434
Basketball,NBA,2026_02_26,NBA_2026_02_26_Brooklyn_Nets_San_Antonio_Spurs,2026_04_17,08:40 PM,Brooklyn Nets,San Antonio Spurs,14.0,-14.0,225.0,526,-735,-110,-110,-110,-110,6.26,1.136054,1.909091,1.909091,1.909091,1.909091,0.193,0.807,106.2,115.9,222.1,1,2025_NBA,,,,,,,,,,,,,,,,,,,,,,,,,under,225.0,-110.0,0.07176763236904926,0.07894438771151553,0.5614020664122608,6.140206641226076,0.019736096927878883,total,nba,,,,,,,,,,,,,,,,,,,,,,,0.43859793358773924,0.5614020664122608,2.279992502062154,1.7812545764048875,2.279992502062154,1.7812545764048875,0.5238094988662143,0.5238094988662143,0.5,0.5,-0.16267663236904928,-0.06140206641226076,0.0,-16.267663236904927,-6.140206641226076,0.07176763236904926,0.06140206641226076,0.07894438771151553,7.176763236904926,6.140206641226076
Basketball,NBA,2026_02_26,NBA_2026_02_26_Chicago_Bulls_Portland_Trail_Blazers,2026_04_17,09:10 PM,Chicago Bulls,Portland Trail Blazers,4.5,-4.5,235.0,153,-175,-110,-110,-110,-110,2.53,1.571429,1.909091,1.909091,1.909091,1.909091,0.383,0.617,114.7,118.8,233.5,1,2025_NBA,,,,,,,,,,,,,,,,,,,,,,,,,under,235.0,-110.0,0.015354277306573128,0.016889703348260104,0.5318522151676233,3.1852215167623266,0.004222425837065026,total,nba,,,,,,,,,,,,,,,,,,,,,,,0.46814778483237673,0.5318522151676233,2.1360776071130108,1.8802215568188074,2.1360776071130108,1.8802215568188074,0.5238094988662143,0.5238094988662143,0.5,0.5,-0.10626327730657303,-0.031852215167623266,0.0,-10.626327730657303,-3.1852215167623266,0.015354277306573128,0.031852215167623266,0.016889703348260104,1.5354277306573128,3.1852215167623266
Basketball,NBA,2026_02_26,NBA_2026_02_26_Dallas_Mavericks_Sacramento_Kings,2026_04_17,09:40 PM,Dallas Mavericks,Sacramento Kings,-8.5,8.5,233.5,-260,215,-110,-110,-110,-110,1.384615,3.15,1.909091,1.909091,1.909091,1.909091,0.75,0.25,119.1,111.7,230.8,1,2025_NBA,,,,,,,,,,,,,,,,,,,,,,,,,under,233.5,-110.0,0.06374103289533517,0.07011512917335576,0.5571976573643347,5.719765736433469,0.01752878229333894,total,nba,,,,,,,,,,,,,,,,,,,,,,,0.4428023426356653,0.5571976573643347,2.2583439691121803,1.794695269772339,2.2583439691121803,1.794695269772339,0.5238094988662143,0.5238094988662143,0.5,0.5,-0.15465003289533508,-0.057197657364334686,0.0,-15.465003289533508,-5.719765736433469,0.06374103289533517,0.057197657364334686,0.07011512917335576,6.374103289533517,5.719765736433469
Basketball,NBA,2026_02_26,NBA_2026_02_26_Indiana_Pacers_Charlotte_Hornets,2026_04_17,08:10 PM,Indiana Pacers,Charlotte Hornets,13.0,-13.0,230.0,561,-800,-110,-110,-110,-110,6.61,1.125,1.909091,1.909091,1.909091,1.909091,0.183,0.817,108.8,118.8,227.6,1,2025_NBA,,,,,,,,,,,,,,,,,,,,,,,,,under,230.0,-110.0,0.05167832161588626,0.05684614809285995,0.5508790946140787,5.087909461407869,0.014211537023214987,total,nba,,,,,,,,,,,,,,,,,,,,,,,0.4491209053859213,0.5508790946140787,2.2265719275318934,1.8152803578443204,2.2265719275318934,1.8152803578443204,0.5238094988662143,0.5238094988662143,0.5,0.5,-0.14258732161588605,-0.05087909461407869,0.0,-14.258732161588606,-5.087909461407869,0.05167832161588626,0.05087909461407869,0.05684614809285995,5.167832161588626,5.087909461407869
Basketball,NBA,2026_02_26,NBA_2026_02_26_Los_Angeles_Clippers_Minnesota_Timberwolves,2026_04_17,11:10 PM,Los Angeles Clippers,Minnesota Timberwolves,4.5,-4.5,226.0,180,-210,-110,-110,-110,-110,2.8,1.47619,1.909091,1.909091,1.909091,1.909091,0.317,0.683,109.3,115.4,224.7,1,2025_NBA,,,,,,,,,,,,,,,,,,,,,,,,,under,226.0,-110.0,0.007260397257830009,0.00798643618496939,0.5276125639154079,2.7612563915407895,0.0019966090462423475,total,nba,,,,,,,,,,,,,,,,,,,,,,,0.4723874360845921,0.5276125639154079,2.116906428097564,1.895330150174987,2.116906428097564,1.895330150174987,0.5238094988662143,0.5238094988662143,0.5,0.5,-0.09816939725782992,-0.027612563915407895,0.0,-9.81693972578299,-2.7612563915407895,0.007260397257830009,0.027612563915407895,0.00798643618496939,0.7260397257830009,2.7612563915407895
Basketball,NBA,2026_02_26,NBA_2026_02_26_Phoenix_Suns_Los_Angeles_Lakers,2026_04_17,10:10 PM,Phoenix Suns,Los Angeles Lakers,4.5,-4.5,216.5,174,-200,-105,-115,-110,-110,2.74,1.5,1.952381,1.869565,1.909091,1.909091,0.394,0.606,107.7,111.6,219.3,1,2025_NBA,,,,,,,,,,,,,,,,,,,,,,,,,over,216.5,-110.0,0.06775592788536677,0.07453151322075224,0.5593006974970637,5.930069749706368,0.01863287830518806,total,nba,,,,,,,,,,,,,,,,,,,,,,,0.5593006974970637,0.4406993025029363,1.787946992512467,2.2691209047088,1.787946992512467,2.2691209047088,0.5238094988662143,0.5238094988662143,0.5,0.5,0.06775592788536677,0.05930069749706368,0.07453151322075224,6.775592788536677,5.930069749706368,-0.1586649278853668,-0.05930069749706368,0.0,-15.866492788536679,-5.930069749706368
Basketball,NBA,2026_02_26,NBA_2026_02_26_Utah_Jazz_New_Orleans_Pelicans,2026_04_17,10:10 PM,Utah Jazz,New Orleans Pelicans,1.5,-1.5,237.0,161,-185,-110,-110,-110,-110,2.61,1.540541,1.909091,1.909091,1.909091,1.909091,0.366,0.634,118.5,123.1,241.6,1,2025_NBA,,,,,,,,,,,,,,,,,,,,,,,,,over,237.0,-110.0,0.1393718241433941,0.1533089912268344,0.5968137842268357,9.681378422683572,0.0383272478067086,total,nba,,,,,,,,,,,,,,,,,,,,,,,0.5968137842268357,0.40318621577316427,1.6755645168207478,2.4802435224189505,1.6755645168207478,2.4802435224189505,0.5238094988662143,0.5238094988662143,0.5,0.5,0.1393718241433941,0.09681378422683573,0.1533089912268344,13.93718241433941,9.681378422683572,-0.23028082414339401,-0.09681378422683573,0.0,-23.0280824143394,-9.681378422683572
Basketball,NBA,2026_02_27,NBA_2026_02_27_Boston_Celtics_Brooklyn_Nets,2026_04_17,08:40 PM,Boston Celtics,Brooklyn Nets,-18.5,18.5,210.0,-1400,836,-110,-110,-110,-110,1.071429,9.36,1.909091,1.909091,1.909091,1.909091,0.902,0.098,112.0,99.3,211.3,1,2025_NBA,,,,,,,,,,,,,,,,,,,,,,,,,over,210.0,-110.0,0.007260397257830009,0.00798643618496939,0.5276125639154079,2.7612563915407895,0.0019966090462423475,total,nba,,,,,,,,,,,,,,,,,,,,,,,0.5276125639154079,0.4723874360845921,1.895330150174987,2.116906428097564,1.895330150174987,2.116906428097564,0.5238094988662143,0.5238094988662143,0.5,0.5,0.007260397257830009,0.027612563915407895,0.00798643618496939,0.7260397257830009,2.7612563915407895,-0.09816939725782992,-0.027612563915407895,0.0,-9.81693972578299,-2.7612563915407895
Basketball,NBA,2026_02_27,NBA_2026_02_27_Dallas_Mavericks_Memphis_Grizzlies,2026_04_17,09:40 PM,Dallas Mavericks,Memphis Grizzlies,-5.5,5.5,236.5,-210,180,-110,-110,-110,-110,1.47619,2.8,1.909091,1.909091,1.909091,1.909091,0.605,0.395,121.7,118.5,240.2,1,2025_NBA,,,,,,,,,,,,,,,,,,,,,,,,,over,236.5,-110.0,0.10373311805063357,0.11410641844505506,0.5781458914481465,7.814589144814654,0.028526604611263766,total,nba,,,,,,,,,,,,,,,,,,,,,,,0.5781458914481465,0.42185410855185346,1.7296672255080605,2.3704877580375205,1.7296672255080605,2.3704877580375205,0.5238094988662143,0.5238094988662143,0.5,0.5,0.10373311805063357,0.07814589144814654,0.11410641844505506,10.373311805063356,7.814589144814654,-0.19464211805063347,-0.07814589144814654,0.0,-19.464211805063346,-7.814589144814654
Basketball,NBA,2026_02_27,NBA_2026_02_27_Detroit_Pistons_Cleveland_Cavaliers,2026_04_17,08:10 PM,Detroit Pistons,Cleveland Cavaliers,-7.0,7.0,225.0,-250,207,-110,-110,-110,-110,1.4,3.07,1.909091,1.909091,1.909091,1.909091,0.707,0.293,117.3,111.7,229.0,1,2025_NBA,,,,,,,,,,,,,,,,,,,,,,,,,over,225.0,-110.0,0.11565419521982712,0.1272196020198496,0.5843902649060873,8.439026490608725,0.0318049005049624,total,nba,,,,,,,,,,,,,,,,,,,,,,,0.5843902649060873,0.4156097350939128,1.7111852473461413,2.406103407982097,1.7111852473461413,2.406103407982097,0.5238094988662143,0.5238094988662143,0.5,0.5,0.11565419521982712,0.08439026490608725,0.1272196020198496,11.565419521982712,8.439026490608725,-0.2065631952198269,-0.0843902649060872,0.0,-20.65631952198269,-8.43902649060872
Basketball,NBA,2026_02_27,NBA_2026_02_27_Milwaukee_Bucks_New_York_Knicks,2026_04_17,09:10 PM,Milwaukee Bucks,New York Knicks,8.0,-8.0,223.0,252,-310,-110,-110,-110,-110,3.52,1.322581,1.909091,1.909091,1.909091,1.909091,0.291,0.709,107.4,114.0,221.4,1,2025_NBA,,,,,,,,,,,,,,,,,,,,,,,,,under,223.0,-110.0,0.0193986902011114,0.02133855708736695,0.5339707170591195,3.397071705911947,0.005334639271841738,total,nba,,,,,,,,,,,,,,,,,,,,,,,0.46602928294088053,0.5339707170591195,2.145787907767285,1.8727618726127322,2.145787907767285,1.8727618726127322,0.5238094988662143,0.5238094988662143,0.5,0.5,-0.11030769020111142,-0.03397071705911947,0.0,-11.030769020111142,-3.397071705911947,0.0193986902011114,0.03397071705911947,0.02133855708736695,1.9398690201111402,3.397071705911947
Basketball,NBA,2026_03_01,NBA_2026_03_01_Boston_Celtics_Philadelphia_76ers,2026_04_17,8:10 PM,Boston Celtics,Philadelphia 76ers,-9.5,9.5,221.5,-360,285,-108,-112,-110,-110,1.277778,3.85,1.925926,1.892857,1.909091,1.909091,0.673,0.327,114.2,109.1,223.3,1,2025_NBA,,,,,,,,,,,,,,,,,,,,,,,,,over,221.5,-110.0,0.027481891510435785,0.030230077638471537,0.5382047746861913,3.8204774686191323,0.007557519409617884,total,nba,,,,,,,,,,,,,,,,,,,,,,,0.5382047746861913,0.4617952253138087,1.8580288526482611,2.165461973584632,1.8580288526482611,2.165461973584632,0.5238094988662143,0.5238094988662143,0.5,0.5,0.027481891510435785,0.03820477468619132,0.030230077638471537,2.7481891510435785,3.8204774686191323,-0.11839089151043558,-0.03820477468619132,0.0,-11.839089151043558,-3.8204774686191323
Basketball,NBA,2026_03_01,NBA_2026_03_01_Brooklyn_Nets_Cleveland_Cavaliers,2026_04_17,3:40 PM,Brooklyn Nets,Cleveland Cavaliers,11.5,-11.5,222.5,440,-600,-102,-118,-112,-108,5.4,1.166667,1.980392,1.847458,1.892857,1.925926,0.168,0.832,106.8,117.4,224.2,1,2025_NBA,,,,,,,,,,,,,,,,,,,,,,,,,over,222.5,-112.0,0.014738409471720892,0.0165070212494508,0.5360882567841738,3.175847423303124,0.0041267553123627,total,nba,,,,,,,,,,,,,,,,,,,,,,,0.5360882567841738,0.4639117432158262,1.8653644942694474,2.1555824240792476,1.8653644942694474,2.1555824240792476,0.5283019266642963,0.5192307492603558,0.5043297825511426,0.4956702174488574,0.014738409471720892,0.03175847423303124,0.0165070212494508,1.4738409471720892,3.175847423303124,-0.10654031203531678,-0.03175847423303124,0.0,-10.654031203531677,-3.175847423303124
Basketball,NBA,2026_03_01,NBA_2026_03_01_Chicago_Bulls_Milwaukee_Bucks,2026_04_17,3:40 PM,Chicago Bulls,Milwaukee Bucks,3.5,-3.5,228.5,140,-166,-110,-110,-112,-108,2.4,1.60241,1.909091,1.909091,1.892857,1.925926,0.403,0.597,111.7,115.5,227.2,1,2025_NBA,,,,,,,,,,,,,,,,,,,,,,,,,under,228.5,-108.0,0.01614275477134597,0.017434173758319627,0.5276125639154079,3.1942346466550475,0.004358543439579907,total,nba,,,,,,,,,,,,,,,,,,,,,,,0.4723874360845921,0.5276125639154079,2.116906428097564,1.895330150174987,2.116906428097564,1.895330150174987,0.5283019266642963,0.5192307492603558,0.5043297825511426,0.4956702174488574,-0.1058381348952272,-0.031942346466550475,0.0,-10.58381348952272,-3.1942346466550475,0.01614275477134597,0.031942346466550475,0.017434173758319627,1.6142754771345968,3.1942346466550475
Basketball,NBA,2026_03_01,NBA_2026_03_01_Dallas_Mavericks_Oklahoma_City_Thunder,2026_04_17,8:10 PM,Dallas Mavericks,Oklahoma City Thunder,15.5,-15.5,233.5,675,-1050,-108,-112,-112,-108,7.75,1.095238,1.925926,1.892857,1.892857,1.925926,0.132,0.868,110.0,121.7,231.7,1,2025_NBA,,,,,,,,,,,,,,,,,,,,,,,,,under,233.5,-108.0,0.036542568892277805,0.03946597124638227,0.5382047746861913,4.25345572373339,0.009866492811595568,total,nba,,,,,,,,,,,,,,,,,,,,,,,0.4617952253138087,0.5382047746861913,2.165461973584632,1.8580288526482611,2.165461973584632,1.8580288526482611,0.5283019266642963,0.5192307492603558,0.5043297825511426,0.4956702174488574,-0.12588767519818,-0.0425345572373339,0.0,-12.588767519818001,-4.25345572373339,0.036542568892277805,0.0425345572373339,0.03946597124638227,3.6542568892277805,4.25345572373339
Basketball,NBA,2026_03_01,NBA_2026_03_01_Denver_Nuggets_Minnesota_Timberwolves,2026_04_17,3:40 PM,Denver Nuggets,Minnesota Timberwolves,-3.5,3.5,239.5,-155,130,100,-120,-108,-112,1.645161,2.3,2.0,1.833333,1.925926,1.892857,0.575,0.425,118.4,116.0,234.4,1,2025_NBA,,,,,,,,,,,,,,,,,,,,,,,,,under,239.5,-112.0,0.14914051489373326,0.1670374034069658,0.6070931480263608,10.276336547521826,0.04175935085174145,total,nba,,,,,,,,,,,,,,,,,,,,,,,0.39290685197363917,0.6070931480263608,2.5451325039938264,1.6471936855999214,2.5451325039938264,1.6471936855999214,0.5192307492603558,0.5283019266642963,0.4956702174488574,0.5043297825511426,-0.24329047820581695,-0.10276336547521825,0.0,-24.329047820581696,-10.276336547521826,0.14914051489373326,0.10276336547521825,0.1670374034069658,14.914051489373325,10.276336547521826
Basketball,NBA,2026_03_01,NBA_2026_03_01_Los_Angeles_Clippers_New_Orleans_Pelicans,2026_04_17,9:10 PM,Los Angeles Clippers,New Orleans Pelicans,-8.5,8.5,222.5,-360,285,-115,-105,-108,-112,1.277778,3.85,1.869565,1.952381,1.925926,1.892857,0.679,0.321,114.7,109.6,224.3,1,2025_NBA,,,,,,,,,,,,,,,,,,,,,,,,,over,222.5,-108.0,0.036542568892277805,0.03946597124638227,0.5382047746861913,4.25345572373339,0.009866492811595568,total,nba,,,,,,,,,,,,,,,,,,,,,,,0.5382047746861913,0.4617952253138087,1.8580288526482611,2.165461973584632,1.8580288526482611,2.165461973584632,0.5192307492603558,0.5283019266642963,0.4956702174488574,0.5043297825511426,0.036542568892277805,0.0425345572373339,0.03946597124638227,3.6542568892277805,4.25345572373339,-0.12588767519818,-0.0425345572373339,0.0,-12.588767519818001,-4.25345572373339
Basketball,NBA,2026_03_01,NBA_2026_03_01_Los_Angeles_Lakers_Sacramento_Kings,2026_04_17,9:40 PM,Los Angeles Lakers,Sacramento Kings,-12.5,12.5,232.5,-700,500,-112,-108,-108,-112,1.142857,6.0,1.892857,1.925926,1.925926,1.892857,0.864,0.136,118.8,108.0,226.8,1,2025_NBA,,,,,,,,,,,,,,,,,,,,,,,,,under,232.5,-112.0,0.1723029712063402,0.1929793586277984,0.6193299183225887,11.500013577144607,0.0482448396569496,total,nba,,,,,,,,,,,,,,,,,,,,,,,0.38067008167741134,0.6193299183225887,2.6269466609866736,1.614648300389604,2.6269466609866736,1.614648300389604,0.5192307492603558,0.5283019266642963,0.4956702174488574,0.5043297825511426,-0.2668575922753499,-0.11500013577144608,0.0,-26.685759227534987,-11.500013577144607,0.1723029712063402,0.11500013577144608,0.1929793586277984,17.23029712063402,11.500013577144607
Basketball,NBA,2026_03_01,NBA_2026_03_01_Orlando_Magic_Detroit_Pistons,2026_04_17,6:10 PM,Orlando Magic,Detroit Pistons,5.5,-5.5,223.5,180,-218,-112,-108,-105,-115,2.8,1.458716,1.892857,1.925926,1.952381,1.869565,0.359,0.641,109.6,114.5,224.1,1,2025_NBA,,,,,,,,,,,,,,,,,,,,,,,,,over,223.5,-105.0,0.0010878100559426063,0.0011422005016297116,0.5127522804493296,2.3586551786496655,0.0002855501254074279,total,nba,,,,,,,,,,,,,,,,,,,,,,,0.5127522804493296,0.4872477195506703,1.9502594881171287,2.0523441360016608,1.9502594881171287,2.0523441360016608,0.5121951094586559,0.5348837831260214,0.489165728662833,0.510834271337167,0.0010878100559426063,0.023586551786496657,0.0011422005016297116,0.10878100559426063,2.3586551786496655,-0.08905871719825109,-0.023586551786496657,0.0,-8.90587171982511,-2.3586551786496655
Basketball,NBA,2026_03_02,NBA_2026_03_02_Golden_State_Warriors_Los_Angeles_Clippers,2026_04_17,11:10 PM,Golden State Warriors,Los Angeles Clippers,-1.0,1.0,221.0,105,-125,-110,-110,-110,-110,2.05,1.8,1.909091,1.909091,1.909091,1.909091,0.506,0.494,108.1,108.1,216.2,1,2025_NBA,,,,,,,,,,,,,,,,,,,,,,,,,under,221.0,-110.0,0.14723768210656063,0.1619614341210734,0.6009339953446748,10.093399534467483,0.04049035853026835,total,nba,,,,,,,,,,,,,,,,,,,,,,,0.39906600465532516,0.6009339953446748,2.5058511332322175,1.664076267521585,2.5058511332322175,1.664076267521585,0.5238094988662143,0.5238094988662143,0.5,0.5,-0.23814668210656065,-0.10093399534467484,0.0,-23.814668210656066,-10.093399534467483,0.14723768210656063,0.10093399534467484,0.1619614341210734,14.723768210656063,10.093399534467483
Basketball,NBA,2026_03_02,NBA_2026_03_02_Washington_Wizards_Houston_Rockets,2026_04_17,08:10 PM,Washington Wizards,Houston Rockets,16.0,-16.0,225.0,754,-1200,-110,-110,-110,-110,8.54,1.083333,1.909091,1.909091,1.909091,1.909091,0.138,0.862,105.7,117.1,222.8,1,2025_NBA,,,,,,,,,,,,,,,,,,,,,,,,,under,225.0,-110.0,0.0436226132947406,0.04798486982572779,0.5466594380753671,4.66594380753671,0.011996217456431948,total,nba,,,,,,,,,,,,,,,,,,,,,,,0.4533405619246329,0.5466594380753671,2.205847179777062,1.8292924814775293,2.205847179777062,1.8292924814775293,0.5238094988662143,0.5238094988662143,0.5,0.5,-0.13453161329474062,-0.0466594380753671,0.0,-13.453161329474062,-4.66594380753671,0.0436226132947406,0.0466594380753671,0.04798486982572779,4.36226132947406,4.66594380753671
Basketball,NBA,2026_03_03,NBA_2026_03_03_Charlotte_Hornets_Dallas_Mavericks,2026_04_17,08:10 PM,Charlotte Hornets,Dallas Mavericks,-11.0,11.0,229.5,-600,446,-110,-110,-110,-110,1.166667,5.46,1.909091,1.909091,1.909091,1.909091,0.8,0.2,119.7,111.0,230.7,1,2025_NBA,,,,,,,,,,,,,,,,,,,,,,,,,over,229.5,-110.0,0.0032111586251384328,0.003532274134424923,0.525491534256428,2.549153425642803,0.0008830685336062308,total,nba,,,,,,,,,,,,,,,,,,,,,,,0.525491534256428,0.47450846574357197,1.9029802286253816,2.1074439597889234,1.9029802286253816,2.1074439597889234,0.5238094988662143,0.5238094988662143,0.5,0.5,0.0032111586251384328,0.025491534256428028,0.003532274134424923,0.3211158625138433,2.549153425642803,-0.09412015862513845,-0.025491534256428028,0.0,-9.412015862513845,-2.549153425642803
Basketball,NBA,2026_03_03,NBA_2026_03_03_Sacramento_Kings_Phoenix_Suns,2026_04_17,12:10 AM,Sacramento Kings,Phoenix Suns,10.5,-10.5,226.5,370,-480,-110,-110,-110,-110,4.7,1.208333,1.909091,1.909091,1.909091,1.909091,0.17,0.83,106.1,116.6,222.7,1,2025_NBA,,,,,,,,,,,,,,,,,,,,,,,,,under,226.5,-110.0,0.10771113605814531,0.11848223781573593,0.580229615067142,8.0229615067142,0.029620559453933982,total,nba,,,,,,,,,,,,,,,,,,,,,,,0.419770384932858,0.580229615067142,2.3822547656856483,1.7234556355491848,2.3822547656856483,1.7234556355491848,0.5238094988662143,0.5238094988662143,0.5,0.5,-0.1986201360581451,-0.08022961506714199,0.0,-19.86201360581451,-8.0229615067142,0.10771113605814531,0.08022961506714199,0.11848223781573593,10.77111360581453,8.0229615067142
Basketball,NBA,2026_03_03,NBA_2026_03_03_Toronto_Raptors_New_York_Knicks,2026_04_17,08:40 PM,Toronto Raptors,New York Knicks,1.5,-1.5,223.5,115,-135,-105,-115,-110,-110,2.15,1.740741,1.952381,1.869565,1.909091,1.909091,0.433,0.567,111.1,114.0,225.1,1,2025_NBA,,,,,,,,,,,,,,,,,,,,,,,,,over,223.5,-110.0,0.0193986902011114,0.02133855708736695,0.5339707170591195,3.397071705911947,0.005334639271841738,total,nba,,,,,,,,,,,,,,,,,,,,,,,0.5339707170591195,0.4660292829408806,1.8727618726127322,2.1457879077672843,1.8727618726127322,2.1457879077672843,0.5238094988662143,0.5238094988662143,0.5,0.5,0.0193986902011114,0.03397071705911947,0.02133855708736695,1.9398690201111402,3.397071705911947,-0.11030769020111131,-0.033970717059119415,0.0,-11.03076902011113,-3.3970717059119417
Basketball,NBA,2026_03_04,NBA_2026_03_04_Boston_Celtics_Charlotte_Hornets,2026_04_17,08:40 PM,Boston Celtics,Charlotte Hornets,-6.0,6.0,216.0,-260,215,-110,-110,-110,-110,1.384615,3.15,1.909091,1.909091,1.909091,1.909091,0.675,0.325,109.0,104.0,213.0,1,2025_NBA,,,,,,,,,,,,,,,,,,,,,,,,,under,216.0,-110.0,0.07577603507253672,0.08335363024442735,0.5635017058236285,6.350170582362846,0.020838407561106838,total,nba,,,,,,,,,,,,,,,,,,,,,,,0.43649829417637154,0.5635017058236285,2.2909596975330673,1.7746175205244046,2.2909596975330673,1.7746175205244046,0.5238094988662143,0.5238094988662143,0.5,0.5,-0.16668503507253662,-0.06350170582362846,0.0,-16.66850350725366,-6.350170582362846,0.07577603507253672,0.06350170582362846,0.08335363024442735,7.577603507253672,6.350170582362846
Basketball,NBA,2026_03_04,NBA_2026_03_04_Memphis_Grizzlies_Portland_Trail_Blazers,2026_04_17,09:10 PM,Memphis Grizzlies,Portland Trail Blazers,6.5,-6.5,237.5,207,-250,-110,-110,-110,-110,3.07,1.4,1.909091,1.909091,1.909091,1.909091,0.295,0.705,114.6,121.0,235.6,1,2025_NBA,,,,,,,,,,,,,,,,,,,,,,,,,under,237.5,-110.0,0.0315204523111825,0.03467249407505134,0.5403202111953712,4.032021119537122,0.008668123518762835,total,nba,,,,,,,,,,,,,,,,,,,,,,,0.4596797888046288,0.5403202111953712,2.1754273830494992,1.8507543846780439,2.1754273830494992,1.8507543846780439,0.5238094988662143,0.5238094988662143,0.5,0.5,-0.12242945231118241,-0.040320211195371214,0.0,-12.242945231118242,-4.032021119537122,0.0315204523111825,0.040320211195371214,0.03467249407505134,3.15204523111825,4.032021119537122
Basketball,NBA,2026_03_04,NBA_2026_03_04_Milwaukee_Bucks_Atlanta_Hawks,2026_04_17,10:40 PM,Milwaukee Bucks,Atlanta Hawks,1.0,-1.0,231.0,-118,-102,-110,-110,-110,-110,1.847458,1.980392,1.909091,1.909091,1.909091,1.909091,0.5,0.5,116.9,117.3,234.2,1,2025_NBA,,,,,,,,,,,,,,,,,,,,,,,,,over,231.0,-110.0,0.08378249144771499,0.09216073137641334,0.5676955637252048,6.76955637252048,0.023040182844103335,total,nba,,,,,,,,,,,,,,,,,,,,,,,0.5676955637252048,0.4323044362747952,1.761507511945353,2.3131846821121864,1.761507511945353,2.3131846821121864,0.5238094988662143,0.5238094988662143,0.5,0.5,0.08378249144771499,0.0676955637252048,0.09216073137641334,8.378249144771498,6.76955637252048,-0.1746914914477149,-0.0676955637252048,0.0,-17.46914914477149,-6.76955637252048
Basketball,NBA,2026_03_04,NBA_2026_03_04_New_York_Knicks_Oklahoma_City_Thunder,2026_04_17,08:10 PM,New York Knicks,Oklahoma City Thunder,3.5,-3.5,222.0,165,-190,-110,-110,-110,-110,2.65,1.526316,1.909091,1.909091,1.909091,1.909091,0.382,0.618,109.5,113.7,223.2,1,2025_NBA,,,,,,,,,,,,,,,,,,,,,,,,,over,222.0,-110.0,0.0032111586251384328,0.003532274134424923,0.525491534256428,2.549153425642803,0.0008830685336062308,total,nba,,,,,,,,,,,,,,,,,,,,,,,0.525491534256428,0.47450846574357197,1.9029802286253816,2.1074439597889234,1.9029802286253816,2.1074439597889234,0.5238094988662143,0.5238094988662143,0.5,0.5,0.0032111586251384328,0.025491534256428028,0.003532274134424923,0.3211158625138433,2.549153425642803,-0.09412015862513845,-0.025491534256428028,0.0,-9.412015862513845,-2.549153425642803
Basketball,NBA,2026_03_04,NBA_2026_03_04_Philadelphia_76ers_Utah_Jazz,2026_04_17,08:40 PM,Philadelphia 76ers,Utah Jazz,-9.5,9.5,241.5,-420,330,-105,-115,-110,-110,1.238095,4.3,1.952381,1.869565,1.909091,1.909091,0.774,0.226,123.8,115.8,239.6,1,2025_NBA,,,,,,,,,,,,,,,,,,,,,,,,,under,241.5,-110.0,0.0315204523111825,0.03467249407505134,0.5403202111953712,4.032021119537122,0.008668123518762835,total,nba,,,,,,,,,,,,,,,,,,,,,,,0.4596797888046288,0.5403202111953712,2.1754273830494992,1.8507543846780439,2.1754273830494992,1.8507543846780439,0.5238094988662143,0.5238094988662143,0.5,0.5,-0.12242945231118241,-0.040320211195371214,0.0,-12.242945231118242,-4.032021119537122,0.0315204523111825,0.040320211195371214,0.03467249407505134,3.15204523111825,4.032021119537122
Basketball,NBA,2026_03_05,NBA_2026_03_05_Denver_Nuggets_Los_Angeles_Lakers,2026_04_17,10:10 PM,Denver Nuggets,Los Angeles Lakers,-5.5,5.5,240.5,-198,164,-110,-110,-110,-110,1.505051,2.64,1.909091,1.909091,1.909091,1.909091,0.614,0.386,120.5,117.3,237.8,1,2025_NBA,,,,,,,,,,,,,,,,,,,,,,,,,under,240.5,-110.0,0.06374103289533517,0.07011512917335576,0.5571976573643347,5.719765736433469,0.01752878229333894,total,nba,,,,,,,,,,,,,,,,,,,,,,,0.4428023426356653,0.5571976573643347,2.2583439691121803,1.794695269772339,2.2583439691121803,1.794695269772339,0.5238094988662143,0.5238094988662143,0.5,0.5,-0.15465003289533508,-0.057197657364334686,0.0,-15.465003289533508,-5.719765736433469,0.06374103289533517,0.057197657364334686,0.07011512917335576,6.374103289533517,5.719765736433469
Basketball,NBA,2026_03_05,NBA_2026_03_05_Miami_Heat_Brooklyn_Nets,2026_04_17,7:40 PM,Miami Heat,Brooklyn Nets,-12.5,12.5,225.5,-800,550,-115,-105,-110,-110,1.125,6.5,1.869565,1.952381,1.909091,1.909091,0.845,0.155,118.5,108.3,226.8,1,2025_NBA,,,,,,,,,,,,,,,,,,,,,,,,,over,225.5,-110.0,0.007260397257830009,0.00798643618496939,0.5276125639154079,2.7612563915407895,0.0019966090462423475,total,nba,,,,,,,,,,,,,,,,,,,,,,,0.5276125639154079,0.4723874360845921,1.895330150174987,2.116906428097564,1.895330150174987,2.116906428097564,0.5238094988662143,0.5238094988662143,0.5,0.5,0.007260397257830009,0.027612563915407895,0.00798643618496939,0.7260397257830009,2.7612563915407895,-0.09816939725782992,-0.027612563915407895,0.0,-9.81693972578299,-2.7612563915407895
Basketball,NBA,2026_03_05,NBA_2026_03_05_Phoenix_Suns_Chicago_Bulls,2026_04_17,9:10 PM,Phoenix Suns,Chicago Bulls,-11.5,11.5,224.5,-535,400,-110,-110,-112,-108,1.186916,5.0,1.909091,1.909091,1.892857,1.925926,0.787,0.213,117.2,109.0,226.2,1,2025_NBA,,,,,,,,,,,,,,,,,,,,,,,,,over,224.5,-112.0,0.014738409471720892,0.0165070212494508,0.5360882567841738,3.175847423303124,0.0041267553123627,total,nba,,,,,,,,,,,,,,,,,,,,,,,0.5360882567841738,0.4639117432158262,1.8653644942694474,2.1555824240792476,1.8653644942694474,2.1555824240792476,0.5283019266642963,0.5192307492603558,0.5043297825511426,0.4956702174488574,0.014738409471720892,0.03175847423303124,0.0165070212494508,1.4738409471720892,3.175847423303124,-0.10654031203531678,-0.03175847423303124,0.0,-10.654031203531677,-3.175847423303124
Basketball,NBA,2026_03_05,NBA_2026_03_05_San_Antonio_Spurs_Detroit_Pistons,2026_04_17,8:10 PM,San Antonio Spurs,Detroit Pistons,-3.5,3.5,227.5,-155,130,-108,-112,-112,-108,1.645161,2.3,1.925926,1.892857,1.892857,1.925926,0.624,0.376,114.7,111.1,225.8,1,2025_NBA,,,,,,,,,,,,,,,,,,,,,,,,,under,227.5,-108.0,0.0324663120353168,0.03506361419305295,0.5360882567841738,4.04180393353164,0.008765903548263237,total,nba,,,,,,,,,,,,,,,,,,,,,,,0.4639117432158262,0.5360882567841738,2.1555824240792476,1.8653644942694474,2.1555824240792476,1.8653644942694474,0.5283019266642963,0.5192307492603558,0.5043297825511426,0.4956702174488574,-0.12188140947172088,-0.0404180393353164,0.0,-12.188140947172087,-4.04180393353164,0.0324663120353168,0.0404180393353164,0.03506361419305295,3.24663120353168,4.04180393353164
Basketball,NBA,2026_03_06,NBA_2026_03_06_Charlotte_Hornets_Miami_Heat,2026_04_17,08:10 PM,Charlotte Hornets,Miami Heat,-5.0,5.0,232.0,-255,211,-110,-110,-110,-110,1.392157,3.11,1.909091,1.909091,1.909091,1.909091,0.698,0.302,119.9,114.4,234.3,1,2025_NBA,,,,,,,,,,,,,,,,,,,,,,,,,over,232.0,-110.0,0.04765178259405167,0.052416955611761275,0.5487699552268863,4.876995522688632,0.013104238902940319,total,nba,,,,,,,,,,,,,,,,,,,,,,,0.5487699552268863,0.4512300447731136,1.8222571962536738,2.2161644854628806,1.8222571962536738,2.2161644854628806,0.5238094988662143,0.5238094988662143,0.5,0.5,0.04765178259405167,0.04876995522688632,0.052416955611761275,4.765178259405167,4.876995522688632,-0.1385607825940517,-0.048769955226886375,0.0,-13.85607825940517,-4.876995522688637
Basketball,NBA,2026_03_06,NBA_2026_03_06_Denver_Nuggets_New_York_Knicks,2026_04_17,10:10 PM,Denver Nuggets,New York Knicks,-1.0,1.0,231.0,103,-123,-108,-110,-110,-110,2.03,1.813008,1.925926,1.909091,1.909091,1.909091,0.522,0.478,115.2,114.5,229.7,1,2025_NBA,,,,,,,,,,,,,,,,,,,,,,,,,under,231.0,-110.0,0.007260397257830009,0.00798643618496939,0.5276125639154079,2.7612563915407895,0.0019966090462423475,total,nba,,,,,,,,,,,,,,,,,,,,,,,0.4723874360845921,0.5276125639154079,2.116906428097564,1.895330150174987,2.116906428097564,1.895330150174987,0.5238094988662143,0.5238094988662143,0.5,0.5,-0.09816939725782992,-0.027612563915407895,0.0,-9.81693972578299,-2.7612563915407895,0.007260397257830009,0.027612563915407895,0.00798643618496939,0.7260397257830009,2.7612563915407895
Basketball,NBA,2026_03_06,NBA_2026_03_06_Houston_Rockets_Portland_Trail_Blazers,2026_04_17,09:10 PM,Houston Rockets,Portland Trail Blazers,-7.0,7.0,224.0,-260,215,-110,-110,-105,-115,1.384615,3.15,1.909091,1.909091,1.952381,1.869565,0.722,0.278,116.1,109.8,225.9,1,2025_NBA,,,,,,,,,,,,,,,,,,,,,,,,,over,224.0,-105.0,0.05491091425382977,0.057656457083698404,0.5403202111953711,5.115448253253812,0.014414114270924601,total,nba,,,,,,,,,,,,,,,,,,,,,,,0.5403202111953711,0.45967978880462884,1.8507543846780443,2.175427383049499,1.8507543846780443,2.175427383049499,0.5121951094586559,0.5348837831260214,0.489165728662833,0.510834271337167,0.05491091425382977,0.051154482532538126,0.057656457083698404,5.491091425382977,5.115448253253812,-0.14059875564347413,-0.051154482532538126,0.0,-14.059875564347413,-5.115448253253812
Basketball,NBA,2026_03_06,NBA_2026_03_06_Phoenix_Suns_New_Orleans_Pelicans,2026_04_17,10:10 PM,Phoenix Suns,New Orleans Pelicans,-7.0,7.0,227.0,-230,192,-110,-110,-110,-110,1.434783,2.92,1.909091,1.909091,1.909091,1.909091,0.657,0.343,116.6,112.0,228.6,1,2025_NBA,,,,,,,,,,,,,,,,,,,,,,,,,over,227.0,-110.0,0.0193986902011114,0.02133855708736695,0.5339707170591195,3.397071705911947,0.005334639271841738,total,nba,,,,,,,,,,,,,,,,,,,,,,,0.5339707170591195,0.4660292829408806,1.8727618726127322,2.1457879077672843,1.8727618726127322,2.1457879077672843,0.5238094988662143,0.5238094988662143,0.5,0.5,0.0193986902011114,0.03397071705911947,0.02133855708736695,1.9398690201111402,3.397071705911947,-0.11030769020111131,-0.033970717059119415,0.0,-11.03076902011113,-3.3970717059119417
Basketball,NBA,2026_03_06,NBA_2026_03_06_San_Antonio_Spurs_Los_Angeles_Clippers,2026_04_17,10:40 PM,San Antonio Spurs,Los Angeles Clippers,-9.0,9.0,224.0,-305,249,-110,-110,-110,-110,1.327869,3.49,1.909091,1.909091,1.909091,1.909091,0.681,0.319,113.7,108.4,222.1,1,2025_NBA,,,,,,,,,,,,,,,,,,,,,,,,,under,224.0,-110.0,0.0315204523111825,0.03467249407505134,0.5403202111953712,4.032021119537122,0.008668123518762835,total,nba,,,,,,,,,,,,,,,,,,,,,,,0.4596797888046288,0.5403202111953712,2.1754273830494992,1.8507543846780439,2.1754273830494992,1.8507543846780439,0.5238094988662143,0.5238094988662143,0.5,0.5,-0.12242945231118241,-0.040320211195371214,0.0,-12.242945231118242,-4.032021119537122,0.0315204523111825,0.040320211195371214,0.03467249407505134,3.15204523111825,4.032021119537122
Basketball,NBA,2026_03_07,NBA_2026_03_07_Atlanta_Hawks_Philadelphia_76ers,2026_04_17,07:10 PM,Atlanta Hawks,Philadelphia 76ers,-5.5,5.5,233.0,-215,183,-105,-115,-110,-110,1.465116,2.83,1.952381,1.869565,1.909091,1.909091,0.654,0.346,119.6,115.1,234.7,1,2025_NBA,,,,,,,,,,,,,,,,,,,,,,,,,over,233.0,-110.0,0.023441266232355318,0.02578539027705176,0.5360882567841738,3.608825678417382,0.00644634756926294,total,nba,,,,,,,,,,,,,,,,,,,,,,,0.5360882567841738,0.4639117432158262,1.8653644942694474,2.1555824240792476,1.8653644942694474,2.1555824240792476,0.5238094988662143,0.5238094988662143,0.5,0.5,0.023441266232355318,0.03608825678417382,0.02578539027705176,2.344126623235532,3.608825678417382,-0.11435026623235511,-0.03608825678417382,0.0,-11.435026623235512,-3.608825678417382
Basketball,NBA,2026_03_07,NBA_2026_03_07_Memphis_Grizzlies_Los_Angeles_Clippers,2026_04_17,09:10 PM,Memphis Grizzlies,Los Angeles Clippers,7.5,-7.5,228.0,245,-300,-110,-110,-110,-110,3.45,1.333333,1.909091,1.909091,1.909091,1.909091,0.265,0.735,106.2,113.8,220.0,1,2025_NBA,,,,,,,,,,,,,,,,,,,,,,,,,under,228.0,-110.0,0.26963427472876345,0.2965976725418725,0.6650464931890431,16.504649318904306,0.05,total,nba,,,,,,,,,,,,,,,,,,,,,,,0.3349535068109569,0.6650464931890431,2.985488969859886,1.5036542711544598,2.985488969859886,1.5036542711544598,0.5238094988662143,0.5238094988662143,0.5,0.5,-0.36054327472876335,-0.16504649318904308,0.0,-36.05432747287634,-16.504649318904306,0.26963427472876345,0.16504649318904308,0.2965976725418725,26.963427472876344,16.504649318904306
Basketball,NBA,2026_03_07,NBA_2026_03_07_Oklahoma_City_Thunder_Golden_State_Warriors,2026_04_17,09:40 PM,Oklahoma City Thunder,Golden State Warriors,-15.0,15.0,220.0,-800,561,-110,-110,-110,-110,1.125,6.61,1.909091,1.909091,1.909091,1.909091,0.79,0.21,115.1,106.9,222.0,1,2025_NBA,,,,,,,,,,,,,,,,,,,,,,,,,over,220.0,-110.0,0.035556835085732263,0.03911251468305408,0.5424345068337404,4.243450683374039,0.00977812867076352,total,nba,,,,,,,,,,,,,,,,,,,,,,,0.5424345068337404,0.4575654931662596,1.8435405332841523,2.185479488586879,1.8435405332841523,2.185479488586879,0.5238094988662143,0.5238094988662143,0.5,0.5,0.035556835085732263,0.04243450683374039,0.03911251468305408,3.5556835085732263,4.243450683374039,-0.12646583508573228,-0.04243450683374039,0.0,-12.646583508573228,-4.243450683374039
Basketball,NBA,2026_03_08,NBA_2026_03_08_Los_Angeles_Lakers_New_York_Knicks,2026_04_17,3:40 PM,Los Angeles Lakers,New York Knicks,2.5,-2.5,228.5,130,-155,-102,-118,-110,-110,2.3,1.645161,1.980392,1.847458,1.909091,1.909091,0.366,0.634,110.4,115.1,225.5,1,2025_NBA,,,,,,,,,,,,,,,,,,,,,,,,,under,228.5,-110.0,0.07577603507253672,0.08335363024442735,0.5635017058236285,6.350170582362846,0.020838407561106838,total,nba,,,,,,,,,,,,,,,,,,,,,,,0.43649829417637154,0.5635017058236285,2.2909596975330673,1.7746175205244046,2.2909596975330673,1.7746175205244046,0.5238094988662143,0.5238094988662143,0.5,0.5,-0.16668503507253662,-0.06350170582362846,0.0,-16.66850350725366,-6.350170582362846,0.07577603507253672,0.06350170582362846,0.08335363024442735,7.577603507253672,6.350170582362846
Basketball,NBA,2026_03_08,NBA_2026_03_08_Miami_Heat_Detroit_Pistons,2026_04_17,6:10 PM,Miami Heat,Detroit Pistons,1.5,-1.5,229.5,-105,-115,-115,-105,-115,-105,1.952381,1.869565,1.869565,1.952381,1.869565,1.952381,0.444,0.556,114.5,117.1,231.6,1,2025_NBA,,,,,,,,,,,,,,,,,,,,,,,,,over,229.5,-115.0,0.018067137944747902,0.02077721383076348,0.5445476022201677,3.371333088300077,0.00519430345769087,total,nba,,,,,,,,,,,,,,,,,,,,,,,0.5445476022201677,0.45545239777983226,1.836386747316329,2.195619135774985,1.836386747316329,2.195619135774985,0.5348837831260214,0.5121951094586559,0.510834271337167,0.489165728662833,0.018067137944747902,0.03371333088300077,0.02077721383076348,1.8067137944747902,3.371333088300077,-0.11078339217021338,-0.033713330883000714,0.0,-11.078339217021338,-3.371333088300071
Basketball,NBA,2026_03_08,NBA_2026_03_08_Sacramento_Kings_Chicago_Bulls,2026_04_17,9:10 PM,Sacramento Kings,Chicago Bulls,2.5,-2.5,233.5,114,-135,-112,-108,-115,-105,2.14,1.740741,1.892857,1.925926,1.869565,1.952381,0.318,0.682,112.4,118.3,230.7,1,2025_NBA,,,,,,,,,,,,,,,,,,,,,,,,,under,233.5,-105.0,0.0919680550800146,0.09656645300569269,0.5593006974970637,7.013496883423071,0.024141613251423173,total,nba,,,,,,,,,,,,,,,,,,,,,,,0.4406993025029363,0.5593006974970637,2.2691209047088,1.787946992512467,2.2691209047088,1.787946992512467,0.5348837831260214,0.5121951094586559,0.510834271337167,0.489165728662833,-0.17608400851609785,-0.07013496883423065,0.0,-17.608400851609783,-7.013496883423064,0.0919680550800146,0.0701349688342307,0.09656645300569269,9.19680550800146,7.013496883423071
Basketball,NBA,2026_03_08,NBA_2026_03_08_San_Antonio_Spurs_Houston_Rockets,2026_04_17,8:10 PM,San Antonio Spurs,Houston Rockets,-5.5,5.5,221.5,-218,180,-108,-112,-115,-105,1.458716,2.8,1.925926,1.892857,1.869565,1.952381,0.64,0.36,113.8,109.6,223.4,1,2025_NBA,,,,,,,,,,,,,,,,,,,,,,,,,over,221.5,-115.0,0.010163755643473937,0.011688321912075507,0.5403202111953711,2.9485939858204135,0.0029220804780188767,total,nba,,,,,,,,,,,,,,,,,,,,,,,0.5403202111953711,0.45967978880462884,1.8507543846780443,2.175427383049499,1.8507543846780443,2.175427383049499,0.5348837831260214,0.5121951094586559,0.510834271337167,0.489165728662833,0.010163755643473937,0.029485939858204135,0.011688321912075507,1.0163755643473937,2.9485939858204135,-0.10252991425382996,-0.029485939858204135,0.0,-10.252991425382996,-2.9485939858204135
Basketball,NBA,2026_03_08,NBA_2026_03_08_Toronto_Raptors_Dallas_Mavericks,2026_04_17,6:10 PM,Toronto Raptors,Dallas Mavericks,-10.5,10.5,229.5,-440,340,-108,-112,-108,-112,1.227273,4.4,1.925926,1.892857,1.925926,1.892857,0.773,0.227,117.7,109.8,227.5,1,2025_NBA,,,,,,,,,,,,,,,,,,,,,,,,,under,229.5,-112.0,0.026750953301793334,0.029961072491780132,0.5424345068337404,3.8104724282597813,0.007490268122945033,total,nba,,,,,,,,,,,,,,,,,,,,,,,0.4575654931662596,0.5424345068337404,2.185479488586879,1.8435405332841523,2.185479488586879,1.8435405332841523,0.5192307492603558,0.5283019266642963,0.4956702174488574,0.5043297825511426,-0.11876272000827826,-0.03810472428259781,0.0,-11.876272000827825,-3.8104724282597813,0.026750953301793334,0.03810472428259781,0.029961072491780132,2.6750953301793334,3.8104724282597813
Basketball,NBA,2026_03_09,NBA_2026_03_09_Brooklyn_Nets_Memphis_Grizzlies,2026_04_17,7:30 PM,Brooklyn Nets,Memphis Grizzlies,1.5,-1.5,220.5,-105,-115,-115,-105,-115,-105,1.952381,1.869565,1.869565,1.952381,1.869565,1.952381,0.481,0.519,110.5,111.9,222.4,1,2025_NBA,,,,,,,,,,,,,,,,,,,,,,,,,over,220.5,-115.0,0.010163755643473937,0.011688321912075507,0.5403202111953711,2.9485939858204135,0.0029220804780188767,total,nba,,,,,,,,,,,,,,,,,,,,,,,0.5403202111953711,0.45967978880462884,1.8507543846780443,2.175427383049499,1.8507543846780443,2.175427383049499,0.5348837831260214,0.5121951094586559,0.510834271337167,0.489165728662833,0.010163755643473937,0.029485939858204135,0.011688321912075507,1.0163755643473937,2.9485939858204135,-0.10252991425382996,-0.029485939858204135,0.0,-10.252991425382996,-2.9485939858204135
Basketball,NBA,2026_03_10,NBA_2026_03_10_Atlanta_Hawks_Dallas_Mavericks,2026_04_17,7:40 PM,Atlanta Hawks,Dallas Mavericks,-9.5,9.5,240.5,-410,320,-112,-108,-112,-108,1.243902,4.2,1.892857,1.925926,1.892857,1.925926,0.712,0.288,122.3,116.2,238.5,1,2025_NBA,,,,,,,,,,,,,,,,,,,,,,,,,under,240.5,-108.0,0.04468872000827839,0.04826381374783544,0.5424345068337404,4.676428938488297,0.01206595343695886,total,nba,,,,,,,,,,,,,,,,,,,,,,,0.4575654931662596,0.5424345068337404,2.185479488586879,1.8435405332841523,2.185479488586879,1.8435405332841523,0.5283019266642963,0.5192307492603558,0.5043297825511426,0.4956702174488574,-0.13389395330179332,-0.04676428938488297,0.0,-13.389395330179333,-4.676428938488297,0.04468872000827839,0.04676428938488297,0.04826381374783544,4.468872000827839,4.676428938488297
Basketball,NBA,2026_03_10,NBA_2026_03_10_Brooklyn_Nets_Detroit_Pistons,2026_04_17,7:40 PM,Brooklyn Nets,Detroit Pistons,14.5,-14.5,216.5,700,-1100,-105,-115,-105,-115,8.0,1.090909,1.952381,1.869565,1.952381,1.869565,0.171,0.829,103.6,114.0,217.6,1,2025_NBA,,,,,,,,,,,,,,,,,,,,,,,,,over,216.5,-105.0,0.021817218008002293,0.02290807776299858,0.523369781824348,3.420405316151504,0.005727019440749645,total,nba,,,,,,,,,,,,,,,,,,,,,,,0.523369781824348,0.476630218175652,1.910694951692143,2.0980625270206246,1.910694951692143,2.0980625270206246,0.5121951094586559,0.5348837831260214,0.489165728662833,0.510834271337167,0.021817218008002293,0.034204053161515036,0.02290807776299858,2.1817218008002293,3.420405316151504,-0.10890882615643727,-0.03420405316151498,0.0,-10.890882615643726,-3.420405316151498
Basketball,NBA,2026_03_10,NBA_2026_03_10_Houston_Rockets_Toronto_Raptors,2026_04_17,8:10 PM,Houston Rockets,Toronto Raptors,-4.5,4.5,220.5,-192,160,-108,-112,-105,-115,1.520833,2.6,1.925926,1.892857,1.952381,1.869565,0.678,0.322,111.4,106.2,217.6,1,2025_NBA,,,,,,,,,,,,,,,,,,,,,,,,,under,220.5,-115.0,0.04957765429203831,0.05701431668942317,0.5614020664122608,5.056779507509379,0.014253579172355792,total,nba,,,,,,,,,,,,,,,,,,,,,,,0.43859793358773924,0.5614020664122608,2.279992502062154,1.7812545764048875,2.279992502062154,1.7812545764048875,0.5121951094586559,0.5348837831260214,0.489165728662833,0.510834271337167,-0.1436897278240361,-0.050567795075093736,0.0,-14.36897278240361,-5.056779507509374,0.04957765429203831,0.05056779507509379,0.05701431668942317,4.957765429203831,5.056779507509379
Basketball,NBA,2026_03_10,NBA_2026_03_10_Miami_Heat_Washington_Wizards,2026_04_17,7:40 PM,Miami Heat,Washington Wizards,-16.5,16.5,238.5,-1100,700,-105,-115,-105,-115,1.090909,8.0,1.952381,1.869565,1.952381,1.869565,0.856,0.144,125.3,114.7,240.0,1,2025_NBA,,,,,,,,,,,,,,,,,,,,,,,,,over,238.5,-105.0,0.038378159701179415,0.04029706567138511,0.5318522151676233,4.268648650479029,0.010074266417846277,total,nba,,,,,,,,,,,,,,,,,,,,,,,0.5318522151676233,0.46814778483237673,1.8802215568188074,2.1360776071130108,1.8802215568188074,2.1360776071130108,0.5121951094586559,0.5348837831260214,0.489165728662833,0.510834271337167,0.038378159701179415,0.04268648650479029,0.04029706567138511,3.8378159701179415,4.268648650479029,-0.12476728664985759,-0.04268648650479023,0.0,-12.476728664985758,-4.268648650479023
Basketball,NBA,2026_03_10,NBA_2026_03_10_Philadelphia_76ers_Memphis_Grizzlies,2026_04_17,7:10 PM,Philadelphia 76ers,Memphis Grizzlies,-3.5,3.5,228.5,-162,136,-112,-108,-115,-105,1.617284,2.36,1.892857,1.925926,1.869565,1.952381,0.679,0.321,119.3,114.2,233.5,1,2025_NBA,,,,,,,,,,,,,,,,,,,,,,,,,over,228.5,-115.0,0.13116720049680697,0.1508423182819076,0.6050429915498028,9.420872021263582,0.0377105795704769,total,nba,,,,,,,,,,,,,,,,,,,,,,,0.6050429915498028,0.3949570084501972,1.6527751151013659,2.5319211423136365,1.6527751151013659,2.5319211423136365,0.5348837831260214,0.5121951094586559,0.510834271337167,0.489165728662833,0.13116720049680697,0.09420872021263582,0.1508423182819076,13.116720049680698,9.420872021263582,-0.22889344088499552,-0.09420872021263577,0.0,-22.889344088499552,-9.420872021263577
Basketball,NBA,2026_03_10,NBA_2026_03_10_Sacramento_Kings_Indiana_Pacers,2026_04_17,10:10 PM,Sacramento Kings,Indiana Pacers,-2.5,2.5,236.5,-155,130,-118,-102,-112,-108,1.645161,2.3,1.847458,1.980392,1.892857,1.925926,0.571,0.429,116.4,114.1,230.5,1,2025_NBA,,,,,,,,,,,,,,,,,,,,,,,,,under,236.5,-108.0,0.20448311126373087,0.2208417424974898,0.6254046683329114,12.9734450884054,0.05,total,nba,,,,,,,,,,,,,,,,,,,,,,,0.3745953316670886,0.6254046683329114,2.669547416807433,1.5989647193801988,2.669547416807433,1.5989647193801988,0.5283019266642963,0.5192307492603558,0.5043297825511426,0.4956702174488574,-0.2909446042866297,-0.129734450884054,0.0,-29.09446042866297,-12.9734450884054,0.20448311126373087,0.129734450884054,0.2208417424974898,20.448311126373085,12.9734450884054
Basketball,NBA,2026_03_11,NBA_2026_03_11_Denver_Nuggets_Houston_Rockets,2026_04_17,10:10 PM,Denver Nuggets,Houston Rockets,-5.5,5.5,229.5,-218,180,-110,-110,-105,-115,1.458716,2.8,1.909091,1.909091,1.952381,1.869565,0.65,0.35,117.3,113.0,230.3,1,2025_NBA,,,,,,,,,,,,,,,,,,,,,,,,,over,229.5,-105.0,0.00938251608855456,0.009851641400400277,0.5170007883136307,2.783505965079774,0.002462910350100069,total,nba,,,,,,,,,,,,,,,,,,,,,,,0.5170007883136307,0.48299921168636933,1.934233027500463,2.070396753875739,1.934233027500463,2.070396753875739,0.5121951094586559,0.5348837831260214,0.489165728662833,0.510834271337167,0.00938251608855456,0.027835059650797744,0.009851641400400277,0.938251608855456,2.783505965079774,-0.09700157880357296,-0.027835059650797633,0.0,-9.700157880357295,-2.7835059650797636
Basketball,NBA,2026_03_12,NBA_2026_03_12_Detroit_Pistons_Philadelphia_76ers,2026_04_17,7:10 PM,Detroit Pistons,Philadelphia 76ers,-14.5,14.5,220.5,-900,600,-110,-110,-112,-108,1.111111,7.0,1.909091,1.909091,1.892857,1.925926,0.888,0.112,118.8,107.2,226.0,1,2025_NBA,,,,,,,,,,,,,,,,,,,,,,,,,over,220.5,-112.0,0.16460596066803057,0.1843587054455871,0.6152635728256443,11.093379027450167,0.04608967636139678,total,nba,,,,,,,,,,,,,,,,,,,,,,,0.6152635728256443,0.38473642717435574,1.6253196908886134,2.599182009731607,1.6253196908886134,2.599182009731607,0.5283019266642963,0.5192307492603558,0.5043297825511426,0.4956702174488574,0.16460596066803057,0.11093379027450168,0.1843587054455871,16.460596066803056,11.093379027450167,-0.25902611175780177,-0.11093379027450168,0.0,-25.902611175780176,-11.093379027450167
Basketball,NBA,2026_03_12,NBA_2026_03_12_Indiana_Pacers_Phoenix_Suns,2026_04_17,7:10 PM,Indiana Pacers,Phoenix Suns,8.5,-8.5,225.5,300,-380,-108,-112,-110,-110,4.0,1.263158,1.925926,1.892857,1.909091,1.909091,0.2,0.8,107.4,116.9,224.3,1,2025_NBA,,,,,,,,,,,,,,,,,,,,,,,,,under,225.5,-110.0,0.0032111586251384328,0.003532274134424923,0.525491534256428,2.549153425642803,0.0008830685336062308,total,nba,,,,,,,,,,,,,,,,,,,,,,,0.47450846574357197,0.525491534256428,2.1074439597889234,1.9029802286253816,2.1074439597889234,1.9029802286253816,0.5238094988662143,0.5238094988662143,0.5,0.5,-0.09412015862513845,-0.025491534256428028,0.0,-9.412015862513845,-2.549153425642803,0.0032111586251384328,0.025491534256428028,0.003532274134424923,0.3211158625138433,2.549153425642803
Basketball,NBA,2026_03_12,NBA_2026_03_12_Los_Angeles_Lakers_Chicago_Bulls,2026_04_17,10:40 PM,Los Angeles Lakers,Chicago Bulls,-11.5,11.5,235.5,-535,400,-102,-118,-108,-112,1.186916,5.0,1.980392,1.847458,1.925926,1.892857,0.841,0.159,119.9,109.9,229.8,1,2025_NBA,,,,,,,,,,,,,,,,,,,,,,,,,under,235.5,-112.0,0.1723029712063402,0.1929793586277984,0.6193299183225887,11.500013577144607,0.0482448396569496,total,nba,,,,,,,,,,,,,,,,,,,,,,,0.38067008167741134,0.6193299183225887,2.6269466609866736,1.614648300389604,2.6269466609866736,1.614648300389604,0.5192307492603558,0.5283019266642963,0.4956702174488574,0.5043297825511426,-0.2668575922753499,-0.11500013577144608,0.0,-26.685759227534987,-11.500013577144607,0.1723029712063402,0.11500013577144608,0.1929793586277984,17.23029712063402,11.500013577144607
Basketball,NBA,2026_03_12,NBA_2026_03_12_Memphis_Grizzlies_Dallas_Mavericks,2026_04_17,8:10 PM,Memphis Grizzlies,Dallas Mavericks,4.5,-4.5,237.5,164,-198,-108,-112,-110,-110,2.64,1.505051,1.925926,1.892857,1.909091,1.909091,0.371,0.629,114.6,119.0,233.6,1,2025_NBA,,,,,,,,,,,,,,,,,,,,,,,,,under,237.5,-110.0,0.1116848644726458,0.12285333863457663,0.582311091756572,8.231109175657203,0.03071333465864416,total,nba,,,,,,,,,,,,,,,,,,,,,,,0.41768890824342797,0.582311091756572,2.3941262989373007,1.7172951265335636,2.3941262989373007,1.7172951265335636,0.5238094988662143,0.5238094988662143,0.5,0.5,-0.20259386447264582,-0.08231109175657203,0.0,-20.259386447264582,-8.231109175657203,0.1116848644726458,0.08231109175657203,0.12285333863457663,11.16848644726458,8.231109175657203
Basketball,NBA,2026_03_12,NBA_2026_03_12_Miami_Heat_Milwaukee_Bucks,2026_04_17,7:40 PM,Miami Heat,Milwaukee Bucks,-6.5,6.5,231.5,-238,195,-112,-108,-108,-112,1.420168,2.95,1.892857,1.925926,1.925926,1.892857,0.678,0.322,116.9,111.7,228.6,1,2025_NBA,,,,,,,,,,,,,,,,,,,,,,,,,under,231.5,-112.0,0.06265383122291257,0.07017230219723056,0.5614020664122608,5.707228386111818,0.01754307554930764,total,nba,,,,,,,,,,,,,,,,,,,,,,,0.43859793358773924,0.5614020664122608,2.279992502062154,1.7812545764048875,2.279992502062154,1.7812545764048875,0.5192307492603558,0.5283019266642963,0.4956702174488574,0.5043297825511426,-0.15529283615709966,-0.05707228386111818,0.0,-15.529283615709966,-5.707228386111818,0.06265383122291257,0.05707228386111818,0.07017230219723056,6.265383122291257,5.707228386111818
Basketball,NBA,2026_03_12,NBA_2026_03_12_Oklahoma_City_Thunder_Boston_Celtics,2026_04_17,9:40 PM,Oklahoma City Thunder,Boston Celtics,-6.5,6.5,216.5,-270,220,-110,-110,-105,-115,1.37037,3.2,1.909091,1.909091,1.952381,1.869565,0.715,0.285,111.6,105.6,217.2,1,2025_NBA,,,,,,,,,,,,,,,,,,,,,,,,,over,216.5,-105.0,0.005235575206826937,0.005497353692300658,0.5148767454747957,2.5711016811962697,0.0013743384230751644,total,nba,,,,,,,,,,,,,,,,,,,,,,,0.5148767454747957,0.48512325452520433,1.942212400907417,2.0613318175784245,1.942212400907417,2.0613318175784245,0.5121951094586559,0.5348837831260214,0.489165728662833,0.510834271337167,0.005235575206826937,0.025711016811962695,0.005497353692300658,0.5235575206826937,2.5711016811962697,-0.09303054265358646,-0.02571101681196264,0.0,-9.303054265358647,-2.571101681196264
Basketball,NBA,2026_03_12,NBA_2026_03_12_Orlando_Magic_Washington_Wizards,2026_04_17,7:10 PM,Orlando Magic,Washington Wizards,-15.5,15.5,232.5,-1350,800,-105,-115,-108,-112,1.074074,9.0,1.952381,1.869565,1.925926,1.892857,0.869,0.131,120.2,109.3,229.5,1,2025_NBA,,,,,,,,,,,,,,,,,,,,,,,,,under,232.5,-112.0,0.06662814838019582,0.07462353812558555,0.5635017058236285,5.917192327248588,0.018655884531396386,total,nba,,,,,,,,,,,,,,,,,,,,,,,0.43649829417637154,0.5635017058236285,2.2909596975330673,1.7746175205244046,2.2909596975330673,1.7746175205244046,0.5192307492603558,0.5283019266642963,0.4956702174488574,0.5043297825511426,-0.1593365862900774,-0.05917192327248588,0.0,-15.933658629007741,-5.917192327248588,0.06662814838019582,0.05917192327248588,0.07462353812558555,6.662814838019582,5.917192327248588
Basketball,NBA,2026_03_12,NBA_2026_03_12_San_Antonio_Spurs_Denver_Nuggets,2026_04_17,9:10 PM,San Antonio Spurs,Denver Nuggets,-5.5,5.5,236.5,-225,185,-118,-102,-115,-105,1.444444,2.85,1.847458,1.980392,1.869565,1.952381,0.656,0.344,118.0,113.4,231.4,1,2025_NBA,,,,,,,,,,,,,,,,,,,,,,,,,under,236.5,-105.0,0.18527712743685432,0.19454097408164833,0.6070931480263608,11.792741936352785,0.04863524352041208,total,nba,,,,,,,,,,,,,,,,,,,,,,,0.39290685197363917,0.6070931480263608,2.5451325039938264,1.6471936855999214,2.5451325039938264,1.6471936855999214,0.5348837831260214,0.5121951094586559,0.510834271337167,0.489165728662833,-0.26543510128990333,-0.1179274193635278,0.0,-26.543510128990334,-11.79274193635278,0.18527712743685432,0.11792741936352785,0.19454097408164833,18.52771274368543,11.792741936352785
Basketball,NBA,2026_03_13,NBA_2026_03_13_Detroit_Pistons_Memphis_Grizzlies,2026_04_17,7:40 PM,Detroit Pistons,Memphis Grizzlies,-15.5,15.5,232.5,-1200,750,-110,-110,-110,-110,1.083333,8.5,1.909091,1.909091,1.909091,1.909091,0.897,0.103,121.4,108.9,230.3,1,2025_NBA,,,,,,,,,,,,,,,,,,,,,,,,,under,232.5,-110.0,0.0436226132947406,0.04798486982572779,0.5466594380753671,4.66594380753671,0.011996217456431948,total,nba,,,,,,,,,,,,,,,,,,,,,,,0.4533405619246329,0.5466594380753671,2.205847179777062,1.8292924814775293,2.205847179777062,1.8292924814775293,0.5238094988662143,0.5238094988662143,0.5,0.5,-0.13453161329474062,-0.0466594380753671,0.0,-13.453161329474062,-4.66594380753671,0.0436226132947406,0.0466594380753671,0.04798486982572779,4.36226132947406,4.66594380753671
Basketball,NBA,2026_03_13,NBA_2026_03_13_Los_Angeles_Clippers_Chicago_Bulls,2026_04_17,10:40 PM,Los Angeles Clippers,Chicago Bulls,-13.5,13.5,234.5,-650,470,-102,-118,-110,-110,1.153846,5.7,1.980392,1.847458,1.909091,1.909091,0.846,0.154,121.2,111.0,232.2,1,2025_NBA,,,,,,,,,,,,,,,,,,,,,,,,,under,234.5,-110.0,0.047651782594051895,0.05241695561176152,0.5487699552268864,4.8769955226886434,0.01310423890294038,total,nba,,,,,,,,,,,,,,,,,,,,,,,0.45123004477311357,0.5487699552268864,2.216164485462881,1.8222571962536736,2.216164485462881,1.8222571962536736,0.5238094988662143,0.5238094988662143,0.5,0.5,-0.1385607825940518,-0.04876995522688643,0.0,-13.85607825940518,-4.8769955226886434,0.047651782594051895,0.04876995522688643,0.05241695561176152,4.7651782594051895,4.8769955226886434
Basketball,NBA,2026_03_13,NBA_2026_03_13_Toronto_Raptors_Phoenix_Suns,2026_04_17,7:40 PM,Toronto Raptors,Phoenix Suns,-4.5,4.5,218.5,-185,154,-108,-112,-110,-110,1.540541,2.54,1.925926,1.892857,1.909091,1.909091,0.642,0.358,112.1,107.8,219.9,1,2025_NBA,,,,,,,,,,,,,,,,,,,,,,,,,over,218.5,-110.0,0.011308141594687182,0.012438954510260386,0.5297328108480356,2.9732810848035585,0.0031097386275650966,total,nba,,,,,,,,,,,,,,,,,,,,,,,0.5297328108480356,0.4702671891519644,1.8877441221719413,2.126450713695986,1.8877441221719413,2.126450713695986,0.5238094988662143,0.5238094988662143,0.5,0.5,0.011308141594687182,0.029732810848035585,0.012438954510260386,1.1308141594687182,2.9732810848035585,-0.10221714159468709,-0.029732810848035585,0.0,-10.221714159468709,-2.9732810848035585
Basketball,NBA,2026_03_14,NBA_2026_03_14_Atlanta_Hawks_Milwaukee_Bucks,2026_04_17,3:10 PM,Atlanta Hawks,Milwaukee Bucks,-9.5,9.5,229.5,-355,280,-108,-112,-115,-105,1.28169,3.8,1.925926,1.892857,1.869565,1.952381,0.796,0.204,118.1,109.6,227.7,1,2025_NBA,,,,,,,,,,,,,,,,,,,,,,,,,under,229.5,-105.0,0.05078077620660082,0.05331981235094025,0.5382047746861913,4.903904602335834,0.013329953087735063,total,nba,,,,,,,,,,,,,,,,,,,,,,,0.4617952253138087,0.5382047746861913,2.165461973584632,1.8580288526482611,2.165461973584632,1.8580288526482611,0.5348837831260214,0.5121951094586559,0.510834271337167,0.489165728662833,-0.13664380958618927,-0.04903904602335829,0.0,-13.664380958618928,-4.903904602335829,0.05078077620660082,0.049039046023358346,0.05331981235094025,5.078077620660082,4.903904602335834
Basketball,NBA,2026_03_14,NBA_2026_03_14_Boston_Celtics_Washington_Wizards,2026_04_17,6:10 PM,Boston Celtics,Washington Wizards,-19.5,19.5,230.5,-2100,1100,-112,-108,-108,-112,1.047619,12.0,1.892857,1.925926,1.925926,1.892857,0.901,0.099,120.2,107.6,227.8,1,2025_NBA,,,,,,,,,,,,,,,,,,,,,,,,,under,230.5,-112.0,0.054695486125682535,0.06125895426219706,0.5571976573643347,5.286787481319211,0.015314738565549265,total,nba,,,,,,,,,,,,,,,,,,,,,,,0.4428023426356653,0.5571976573643347,2.2583439691121803,1.794695269772339,2.2583439691121803,1.794695269772339,0.5192307492603558,0.5283019266642963,0.4956702174488574,0.5043297825511426,-0.14719545545706358,-0.052867874813192106,0.0,-14.719545545706358,-5.286787481319211,0.054695486125682535,0.052867874813192106,0.06125895426219706,5.4695486125682535,5.286787481319211
Basketball,NBA,2026_03_14,NBA_2026_03_14_Los_Angeles_Clippers_Sacramento_Kings,2026_04_17,10:40 PM,Los Angeles Clippers,Sacramento Kings,-13.5,13.5,231.5,-950,625,-112,-108,-108,-112,1.105263,7.25,1.892857,1.925926,1.925926,1.892857,0.879,0.121,117.9,106.5,224.4,1,2025_NBA,,,,,,,,,,,,,,,,,,,,,,,,,under,231.5,-112.0,0.2254420850378378,0.25249517564160634,0.6474034145410021,14.307363198985957,0.05,total,nba,,,,,,,,,,,,,,,,,,,,,,,0.35259658545899786,0.6474034145410021,2.836102336890855,1.5446319521020486,2.836102336890855,1.5446319521020486,0.5192307492603558,0.5283019266642963,0.4956702174488574,0.5043297825511426,-0.32092506855329406,-0.14307363198985956,0.0,-32.092506855329404,-14.307363198985957,0.2254420850378378,0.14307363198985956,0.25249517564160634,22.54420850378378,14.307363198985957
Basketball,NBA,2026_03_14,NBA_2026_03_14_Los_Angeles_Lakers_Denver_Nuggets,2026_04_17,8:40 PM,Los Angeles Lakers,Denver Nuggets,3.5,-3.5,246.5,130,-155,-118,-102,-105,-115,2.3,1.645161,1.847458,1.980392,1.952381,1.869565,0.434,0.566,118.5,121.4,239.9,1,2025_NBA,,,,,,,,,,,,,,,,,,,,,,,,,under,246.5,-115.0,0.1917727035203951,0.22053866418312032,0.6374598922853151,12.662562094814811,0.05,total,nba,,,,,,,,,,,,,,,,,,,,,,,0.3625401077146849,0.6374598922853151,2.758315504189647,1.5687261459147908,2.758315504189647,1.5687261459147908,0.5121951094586559,0.5348837831260214,0.489165728662833,0.510834271337167,-0.2921835819598958,-0.12662562094814805,0.0,-29.21835819598958,-12.662562094814806,0.1917727035203951,0.1266256209481481,0.22053866418312032,19.17727035203951,12.662562094814811
Basketball,NBA,2026_03_14,NBA_2026_03_14_San_Antonio_Spurs_Charlotte_Hornets,2026_04_17,3:40 PM,San Antonio Spurs,Charlotte Hornets,-5.5,5.5,228.5,-218,180,-102,-118,-112,-108,1.458716,2.8,1.980392,1.847458,1.892857,1.925926,0.676,0.324,116.0,111.0,227.0,1,2025_NBA,,,,,,,,,,,,,,,,,,,,,,,,,under,228.5,-108.0,0.02430800934892008,0.026252647996621786,0.5318522151676233,3.6181997718765846,0.006563161999155446,total,nba,,,,,,,,,,,,,,,,,,,,,,,0.46814778483237673,0.5318522151676233,2.1360776071130108,1.8802215568188074,2.1360776071130108,1.8802215568188074,0.5283019266642963,0.5192307492603558,0.5043297825511426,0.4956702174488574,-0.11386318844554189,-0.036181997718765846,0.0,-11.38631884455419,-3.6181997718765846,0.02430800934892008,0.036181997718765846,0.026252647996621786,2.430800934892008,3.6181997718765846
Basketball,NBA,2026_03_15,NBA_2026_03_15_Cleveland_Cavaliers_Dallas_Mavericks,2026_04_17,3:40 PM,Cleveland Cavaliers,Dallas Mavericks,-16.5,16.5,235.5,-1600,900,-112,-108,-110,-110,1.0625,10.0,1.892857,1.925926,1.909091,1.909091,0.84,0.16,121.2,111.2,232.4,1,2025_NBA,,,,,,,,,,,,,,,,,,,,,,,,,under,235.5,-110.0,0.07978102500097384,0.08775911872515935,0.5655995575910073,6.559955759100733,0.021939779681289837,total,nba,,,,,,,,,,,,,,,,,,,,,,,0.43440044240899267,0.5655995575910073,2.3020234382231344,1.7680353291986015,2.3020234382231344,1.7680353291986015,0.5238094988662143,0.5238094988662143,0.5,0.5,-0.17069002500097374,-0.06559955759100733,0.0,-17.069002500097376,-6.559955759100733,0.07978102500097384,0.06559955759100733,0.08775911872515935,7.978102500097384,6.559955759100733
Basketball,NBA,2026_03_15,NBA_2026_03_15_Oklahoma_City_Thunder_Minnesota_Timberwolves,2026_04_17,1:10 PM,Oklahoma City Thunder,Minnesota Timberwolves,-9.5,9.5,225.5,-395,310,-102,-118,-105,-115,1.253165,4.1,1.980392,1.847458,1.952381,1.869565,0.741,0.259,117.2,110.1,227.3,1,2025_NBA,,,,,,,,,,,,,,,,,,,,,,,,,over,225.5,-105.0,0.05078077620660082,0.05331981235094025,0.5382047746861913,4.903904602335834,0.013329953087735063,total,nba,,,,,,,,,,,,,,,,,,,,,,,0.5382047746861913,0.4617952253138087,1.8580288526482611,2.165461973584632,1.8580288526482611,2.165461973584632,0.5121951094586559,0.5348837831260214,0.489165728662833,0.510834271337167,0.05078077620660082,0.049039046023358346,0.05331981235094025,5.078077620660082,4.903904602335834,-0.13664380958618927,-0.04903904602335829,0.0,-13.664380958618928,-4.903904602335829
Basketball,NBA,2026_03_15,NBA_2026_03_15_Philadelphia_76ers_Portland_Trail_Blazers,2026_04_17,6:10 PM,Philadelphia 76ers,Portland Trail Blazers,8.5,-8.5,229.5,270,-340,-115,-105,-105,-115,3.7,1.294118,1.869565,1.952381,1.952381,1.869565,0.31,0.69,112.4,118.6,231.0,1,2025_NBA,,,,,,,,,,,,,,,,,,,,,,,,,over,229.5,-105.0,0.038378159701179415,0.04029706567138511,0.5318522151676233,4.268648650479029,0.010074266417846277,total,nba,,,,,,,,,,,,,,,,,,,,,,,0.5318522151676233,0.46814778483237673,1.8802215568188074,2.1360776071130108,1.8802215568188074,2.1360776071130108,0.5121951094586559,0.5348837831260214,0.489165728662833,0.510834271337167,0.038378159701179415,0.04268648650479029,0.04029706567138511,3.8378159701179415,4.268648650479029,-0.12476728664985759,-0.04268648650479023,0.0,-12.476728664985758,-4.268648650479023
Basketball,NBA,2026_03_16,NBA_2026_03_16_Atlanta_Hawks_Orlando_Magic,2026_04_17,7:10 PM,Atlanta Hawks,Orlando Magic,-2.5,2.5,229.5,-142,120,-110,-110,-108,-112,1.704225,2.2,1.909091,1.909091,1.925926,1.892857,0.578,0.422,116.7,114.1,230.8,1,2025_NBA,,,,,,,,,,,,,,,,,,,,,,,,,over,229.5,-108.0,0.01614275477134597,0.017434173758319627,0.5276125639154079,3.1942346466550475,0.004358543439579907,total,nba,,,,,,,,,,,,,,,,,,,,,,,0.5276125639154079,0.4723874360845921,1.895330150174987,2.116906428097564,1.895330150174987,2.116906428097564,0.5192307492603558,0.5283019266642963,0.4956702174488574,0.5043297825511426,0.01614275477134597,0.031942346466550475,0.017434173758319627,1.6142754771345968,3.1942346466550475,-0.1058381348952272,-0.031942346466550475,0.0,-10.58381348952272,-3.1942346466550475
Basketball,NBA,2026_03_16,NBA_2026_03_16_Brooklyn_Nets_Portland_Trail_Blazers,2026_04_17,7:40 PM,Brooklyn Nets,Portland Trail Blazers,10.5,-10.5,222.5,340,-440,-118,-102,-110,-110,4.4,1.227273,1.847458,1.980392,1.909091,1.909091,0.214,0.786,107.5,116.4,223.9,1,2025_NBA,,,,,,,,,,,,,,,,,,,,,,,,,over,222.5,-110.0,0.011308141594687182,0.012438954510260386,0.5297328108480356,2.9732810848035585,0.0031097386275650966,total,nba,,,,,,,,,,,,,,,,,,,,,,,0.5297328108480356,0.4702671891519644,1.8877441221719413,2.126450713695986,1.8877441221719413,2.126450713695986,0.5238094988662143,0.5238094988662143,0.5,0.5,0.011308141594687182,0.029732810848035585,0.012438954510260386,1.1308141594687182,2.9732810848035585,-0.10221714159468709,-0.029732810848035585,0.0,-10.221714159468709,-2.9732810848035585
Basketball,NBA,2026_03_16,NBA_2026_03_16_Chicago_Bulls_Memphis_Grizzlies,2026_04_17,8:10 PM,Chicago Bulls,Memphis Grizzlies,-6.5,6.5,243.5,-245,200,-102,-118,-108,-112,1.408163,3.0,1.980392,1.847458,1.925926,1.892857,0.679,0.321,122.8,117.6,240.4,1,2025_NBA,,,,,,,,,,,,,,,,,,,,,,,,,under,243.5,-112.0,0.0705990817830413,0.07907098424836387,0.5655995575910073,6.126977503986475,0.019767746062090967,total,nba,,,,,,,,,,,,,,,,,,,,,,,0.43440044240899267,0.5655995575910073,2.3020234382231344,1.7680353291986015,2.3020234382231344,1.7680353291986015,0.5192307492603558,0.5283019266642963,0.4956702174488574,0.5043297825511426,-0.16337689355301832,-0.06126977503986475,0.0,-16.337689355301833,-6.126977503986475,0.0705990817830413,0.06126977503986475,0.07907098424836387,7.059908178304131,6.126977503986475
Basketball,NBA,2026_03_16,NBA_2026_03_16_New_Orleans_Pelicans_Dallas_Mavericks,2026_04_17,8:10 PM,New Orleans Pelicans,Dallas Mavericks,-8.5,8.5,239.5,-355,280,-112,-108,-105,-115,1.28169,3.8,1.892857,1.925926,1.952381,1.869565,0.754,0.246,122.6,115.1,237.7,1,2025_NBA,,,,,,,,,,,,,,,,,,,,,,,,,under,239.5,-115.0,0.00620880958618919,0.007140132809150835,0.5382047746861913,2.7370503349024355,0.0017850332022877088,total,nba,,,,,,,,,,,,,,,,,,,,,,,0.4617952253138087,0.5382047746861913,2.165461973584632,1.8580288526482611,2.165461973584632,1.8580288526482611,0.5121951094586559,0.5348837831260214,0.489165728662833,0.510834271337167,-0.0983997762066009,-0.0273705033490243,0.0,-9.83997762066009,-2.73705033490243,0.00620880958618919,0.027370503349024355,0.007140132809150835,0.620880958618919,2.7370503349024355
Basketball,NBA,2026_03_16,NBA_2026_03_16_Washington_Wizards_Golden_State_Warriors,2026_04_17,7:10 PM,Washington Wizards,Golden State Warriors,7.5,-7.5,232.5,250,-310,-110,-110,-105,-115,3.5,1.322581,1.909091,1.909091,1.952381,1.869565,0.238,0.762,110.3,118.6,228.9,1,2025_NBA,,,,,,,,,,,,,,,,,,,,,,,,,under,232.5,-115.0,0.0769815722062801,0.08852883016942979,0.5760599776987054,6.522570636153846,0.022132207542357448,total,nba,,,,,,,,,,,,,,,,,,,,,,,0.4239400223012946,0.5760599776987054,2.3588242378524455,1.7359303522436798,2.3588242378524455,1.7359303522436798,0.5121951094586559,0.5348837831260214,0.489165728662833,0.510834271337167,-0.17230755531937625,-0.0652257063615384,0.0,-17.230755531937625,-6.522570636153841,0.0769815722062801,0.06522570636153846,0.08852883016942979,7.69815722062801,6.522570636153846
Basketball,NBA,2026_03_17,NBA_2026_03_17_Charlotte_Hornets_Miami_Heat,2026_04_17,07:10 PM,Charlotte Hornets,Miami Heat,-3.5,3.5,232.5,-175,153,-110,-110,-110,-110,1.571429,2.53,1.909091,1.909091,1.909091,1.909091,0.609,0.391,118.6,115.5,234.1,1,2025_NBA,,,,,,,,,,,,,,,,,,,,,,,,,over,232.5,-110.0,0.0193986902011114,0.02133855708736695,0.5339707170591195,3.397071705911947,0.005334639271841738,total,nba,,,,,,,,,,,,,,,,,,,,,,,0.5339707170591195,0.4660292829408806,1.8727618726127322,2.1457879077672843,1.8727618726127322,2.1457879077672843,0.5238094988662143,0.5238094988662143,0.5,0.5,0.0193986902011114,0.03397071705911947,0.02133855708736695,1.9398690201111402,3.397071705911947,-0.11030769020111131,-0.033970717059119415,0.0,-11.03076902011113,-3.3970717059119417
Basketball,NBA,2026_03_17,NBA_2026_03_17_Milwaukee_Bucks_Cleveland_Cavaliers,2026_04_17,08:10 PM,Milwaukee Bucks,Cleveland Cavaliers,9.0,-9.0,229.0,354,-455,-105,-115,-110,-110,4.54,1.21978,1.952381,1.869565,1.909091,1.909091,0.152,0.848,108.0,119.2,227.2,1,2025_NBA,,,,,,,,,,,,,,,,,,,,,,,,,under,229.0,-110.0,0.027481891510435785,0.030230077638471537,0.5382047746861913,3.8204774686191323,0.007557519409617884,total,nba,,,,,,,,,,,,,,,,,,,,,,,0.4617952253138087,0.5382047746861913,2.165461973584632,1.8580288526482611,2.165461973584632,1.8580288526482611,0.5238094988662143,0.5238094988662143,0.5,0.5,-0.11839089151043558,-0.03820477468619132,0.0,-11.839089151043558,-3.8204774686191323,0.027481891510435785,0.03820477468619132,0.030230077638471537,2.7481891510435785,3.8204774686191323
Basketball,NBA,2026_03_17,NBA_2026_03_17_Minnesota_Timberwolves_Phoenix_Suns,2026_04_17,08:10 PM,Minnesota Timberwolves,Phoenix Suns,-8.0,8.0,227.0,-182,159,-110,-110,-110,-110,1.549451,2.59,1.909091,1.909091,1.909091,1.909091,0.669,0.331,113.0,107.9,220.9,1,2025_NBA,,,,,,,,,,,,,,,,,,,,,,,,,under,227.0,-110.0,0.19780716769234097,0.21758786270278865,0.6274227722472846,12.74227722472846,0.05,total,nba,,,,,,,,,,,,,,,,,,,,,,,0.3725772277527154,0.6274227722472846,2.6840073024101025,1.5938216530111413,2.6840073024101025,1.5938216530111413,0.5238094988662143,0.5238094988662143,0.5,0.5,-0.28871616769234076,-0.1274227722472846,0.0,-28.871616769234077,-12.74227722472846,0.19780716769234097,0.1274227722472846,0.21758786270278865,19.780716769234097,12.74227722472846
Basketball,NBA,2026_03_18,NBA_2026_03_18_Brooklyn_Nets_Oklahoma_City_Thunder,2026_04_17,07:40 PM,Brooklyn Nets,Oklahoma City Thunder,19.5,-19.5,214.5,1156,-2500,-110,-110,-110,-110,12.56,1.04,1.909091,1.909091,1.909091,1.909091,0.079,0.921,100.6,115.6,216.2,1,2025_NBA,,,,,,,,,,,,,,,,,,,,,,,,,over,214.5,-110.0,0.023441266232355318,0.02578539027705176,0.5360882567841738,3.608825678417382,0.00644634756926294,total,nba,,,,,,,,,,,,,,,,,,,,,,,0.5360882567841738,0.4639117432158262,1.8653644942694474,2.1555824240792476,1.8653644942694474,2.1555824240792476,0.5238094988662143,0.5238094988662143,0.5,0.5,0.023441266232355318,0.03608825678417382,0.02578539027705176,2.344126623235532,3.608825678417382,-0.11435026623235511,-0.03608825678417382,0.0,-11.435026623235512,-3.608825678417382
Basketball,NBA,2026_03_18,NBA_2026_03_18_Chicago_Bulls_Toronto_Raptors,2026_04_17,08:10 PM,Chicago Bulls,Toronto Raptors,7.5,-7.5,233.0,245,-300,-110,-110,-110,-110,3.45,1.333333,1.909091,1.909091,1.909091,1.909091,0.284,0.716,108.2,115.2,223.4,1,2025_NBA,,,,,,,,,,,,,,,,,,,,,,,,,under,233.0,-110.0,0.32779239870043697,0.3605716025133204,0.6955102709616445,19.551027096164454,0.05,total,nba,,,,,,,,,,,,,,,,,,,,,,,0.30448972903835547,0.6955102709616445,3.28418302698819,1.4377932889723597,3.28418302698819,1.4377932889723597,0.5238094988662143,0.5238094988662143,0.5,0.5,-0.4187013987004369,-0.19551027096164453,0.0,-41.87013987004369,-19.551027096164454,0.32779239870043697,0.19551027096164453,0.3605716025133204,32.779239870043696,19.551027096164454
Basketball,NBA,2026_03_18,NBA_2026_03_18_Dallas_Mavericks_Atlanta_Hawks,2026_04_17,08:40 PM,Dallas Mavericks,Atlanta Hawks,8.0,-8.0,236.5,267,-330,-110,-110,-110,-110,3.67,1.30303,1.909091,1.909091,1.909091,1.909091,0.289,0.711,115.9,122.6,238.5,1,2025_NBA,,,,,,,,,,,,,,,,,,,,,,,,,over,236.5,-110.0,0.035556835085732263,0.03911251468305408,0.5424345068337404,4.243450683374039,0.00977812867076352,total,nba,,,,,,,,,,,,,,,,,,,,,,,0.5424345068337404,0.4575654931662596,1.8435405332841523,2.185479488586879,1.8435405332841523,2.185479488586879,0.5238094988662143,0.5238094988662143,0.5,0.5,0.035556835085732263,0.04243450683374039,0.03911251468305408,3.5556835085732263,4.243450683374039,-0.12646583508573228,-0.04243450683374039,0.0,-12.646583508573228,-4.243450683374039
Basketball,NBA,2026_03_18,NBA_2026_03_18_Memphis_Grizzlies_Denver_Nuggets,2026_04_17,08:40 PM,Memphis Grizzlies,Denver Nuggets,12.5,-12.5,240.5,561,-800,-110,-110,-110,-110,6.61,1.125,1.909091,1.909091,1.909091,1.909091,0.157,0.843,115.8,126.8,242.6,1,2025_NBA,,,,,,,,,,,,,,,,,,,,,,,,,over,240.5,-110.0,0.039590926470102206,0.04355001476211107,0.5445476022201677,4.454760222016773,0.010887503690527767,total,nba,,,,,,,,,,,,,,,,,,,,,,,0.5445476022201677,0.45545239777983226,1.836386747316329,2.195619135774985,1.836386747316329,2.195619135774985,0.5238094988662143,0.5238094988662143,0.5,0.5,0.039590926470102206,0.04454760222016774,0.04355001476211107,3.9590926470102206,4.454760222016773,-0.13049992647010222,-0.04454760222016774,0.0,-13.049992647010223,-4.454760222016773
Basketball,NBA,2026_03_19,NBA_2026_03_19_Chicago_Bulls_Cleveland_Cavaliers,2026_04_17,8:10 PM,Chicago Bulls,Cleveland Cavaliers,12.5,-12.5,240.5,525,-750,-102,-118,-112,-108,6.25,1.133333,1.980392,1.847458,1.892857,1.925926,0.188,0.812,113.3,123.2,236.5,1,2025_NBA,,,,,,,,,,,,,,,,,,,,,,,,,under,240.5,-108.0,0.125492405329521,0.13553178691333972,0.5843902649060873,8.872004745722982,0.03388294672833493,total,nba,,,,,,,,,,,,,,,,,,,,,,,0.41560973509391275,0.5843902649060873,2.406103407982097,1.7111852473461413,2.406103407982097,1.7111852473461413,0.5283019266642963,0.5192307492603558,0.5043297825511426,0.4956702174488574,-0.2133102036593416,-0.08872004745722983,0.0,-21.33102036593416,-8.872004745722982,0.125492405329521,0.08872004745722983,0.13553178691333972,12.5492405329521,8.872004745722982
Basketball,NBA,2026_03_19,NBA_2026_03_19_Miami_Heat_Los_Angeles_Lakers,2026_04_17,8:10 PM,Miami Heat,Los Angeles Lakers,-2.5,2.5,239.5,-155,130,-115,-105,-110,-110,1.645161,2.3,1.869565,1.952381,1.909091,1.909091,0.584,0.416,119.5,116.8,236.3,1,2025_NBA,,,,,,,,,,,,,,,,,,,,,,,,,under,239.5,-110.0,0.08378249144771499,0.09216073137641334,0.5676955637252048,6.76955637252048,0.023040182844103335,total,nba,,,,,,,,,,,,,,,,,,,,,,,0.4323044362747952,0.5676955637252048,2.3131846821121864,1.761507511945353,2.3131846821121864,1.761507511945353,0.5238094988662143,0.5238094988662143,0.5,0.5,-0.1746914914477149,-0.0676955637252048,0.0,-17.46914914477149,-6.76955637252048,0.08378249144771499,0.0676955637252048,0.09216073137641334,8.378249144771498,6.76955637252048
Basketball,NBA,2026_03_19,NBA_2026_03_19_New_Orleans_Pelicans_Los_Angeles_Clippers,2026_04_17,8:10 PM,New Orleans Pelicans,Los Angeles Clippers,-1.5,1.5,233.5,-120,100,-112,-108,-110,-110,1.833333,2.0,1.892857,1.925926,1.909091,1.909091,0.566,0.434,117.2,115.0,232.2,1,2025_NBA,,,,,,,,,,,,,,,,,,,,,,,,,under,233.5,-110.0,0.007260397257830009,0.00798643618496939,0.5276125639154079,2.7612563915407895,0.0019966090462423475,total,nba,,,,,,,,,,,,,,,,,,,,,,,0.4723874360845921,0.5276125639154079,2.116906428097564,1.895330150174987,2.116906428097564,1.895330150174987,0.5238094988662143,0.5238094988662143,0.5,0.5,-0.09816939725782992,-0.027612563915407895,0.0,-9.81693972578299,-2.7612563915407895,0.007260397257830009,0.027612563915407895,0.00798643618496939,0.7260397257830009,2.7612563915407895
Basketball,NBA,2026_03_19,NBA_2026_03_19_Sacramento_Kings_Philadelphia_76ers,2026_04_17,10:10 PM,Sacramento Kings,Philadelphia 76ers,3.5,-3.5,230.5,130,-155,-112,-108,-115,-105,2.3,1.645161,1.892857,1.925926,1.869565,1.952381,0.333,0.667,111.7,117.3,229.0,1,2025_NBA,,,,,,,,,,,,,,,,,,,,,,,,,under,230.5,-105.0,0.038378159701179415,0.04029706567138511,0.5318522151676233,4.268648650479029,0.010074266417846277,total,nba,,,,,,,,,,,,,,,,,,,,,,,0.46814778483237673,0.5318522151676233,2.1360776071130108,1.8802215568188074,2.1360776071130108,1.8802215568188074,0.5348837831260214,0.5121951094586559,0.510834271337167,0.489165728662833,-0.12476728664985759,-0.04268648650479023,0.0,-12.476728664985758,-4.268648650479023,0.038378159701179415,0.04268648650479029,0.04029706567138511,3.8378159701179415,4.268648650479029
Basketball,NBA,2026_03_19,NBA_2026_03_19_Washington_Wizards_Detroit_Pistons,2026_04_17,7:10 PM,Washington Wizards,Detroit Pistons,15.5,-15.5,230.5,800,-1350,-105,-115,-110,-110,9.0,1.074074,1.952381,1.869565,1.909091,1.909091,0.095,0.905,107.8,121.4,229.2,1,2025_NBA,,,,,,,,,,,,,,,,,,,,,,,,,under,230.5,-110.0,0.007260397257830009,0.00798643618496939,0.5276125639154079,2.7612563915407895,0.0019966090462423475,total,nba,,,,,,,,,,,,,,,,,,,,,,,0.4723874360845921,0.5276125639154079,2.116906428097564,1.895330150174987,2.116906428097564,1.895330150174987,0.5238094988662143,0.5238094988662143,0.5,0.5,-0.09816939725782992,-0.027612563915407895,0.0,-9.81693972578299,-2.7612563915407895,0.007260397257830009,0.027612563915407895,0.00798643618496939,0.7260397257830009,2.7612563915407895
Basketball,NBA,2026_03_20,NBA_2026_03_20_Brooklyn_Nets_New_York_Knicks,2026_04_17,7:40 PM,Brooklyn Nets,New York Knicks,17.5,-17.5,215.5,1000,-1800,-105,-115,-115,-105,11.0,1.055556,1.952381,1.869565,1.869565,1.952381,0.092,0.908,102.3,116.1,218.4,1,2025_NBA,,,,,,,,,,,,,,,,,,,,,,,,,over,215.5,-115.0,0.04957765429203831,0.05701431668942317,0.5614020664122608,5.056779507509379,0.014253579172355792,total,nba,,,,,,,,,,,,,,,,,,,,,,,0.5614020664122608,0.4385979335877392,1.7812545764048875,2.279992502062154,1.7812545764048875,2.279992502062154,0.5348837831260214,0.5121951094586559,0.510834271337167,0.489165728662833,0.04957765429203831,0.05056779507509379,0.05701431668942317,4.957765429203831,5.056779507509379,-0.14368972782403622,-0.05056779507509379,0.0,-14.368972782403622,-5.056779507509379
Basketball,NBA,2026_03_20,NBA_2026_03_20_Memphis_Grizzlies_Boston_Celtics,2026_04_17,8:10 PM,Memphis Grizzlies,Boston Celtics,15.5,-15.5,228.5,750,-1200,-112,-108,-110,-110,8.5,1.083333,1.892857,1.925926,1.909091,1.909091,0.126,0.874,106.9,118.7,225.6,1,2025_NBA,,,,,,,,,,,,,,,,,,,,,,,,,under,228.5,-110.0,0.07176763236904926,0.07894438771151553,0.5614020664122608,6.140206641226076,0.019736096927878883,total,nba,,,,,,,,,,,,,,,,,,,,,,,0.43859793358773924,0.5614020664122608,2.279992502062154,1.7812545764048875,2.279992502062154,1.7812545764048875,0.5238094988662143,0.5238094988662143,0.5,0.5,-0.16267663236904928,-0.06140206641226076,0.0,-16.267663236904927,-6.140206641226076,0.07176763236904926,0.06140206641226076,0.07894438771151553,7.176763236904926,6.140206641226076
Basketball,NBA,2026_03_21,NBA_2026_03_21_Atlanta_Hawks_Golden_State_Warriors,2026_04_17,8:10 PM,Atlanta Hawks,Golden State Warriors,-10.5,10.5,229.5,-410,320,-105,-115,-105,-115,1.243902,4.2,1.952381,1.869565,1.952381,1.869565,0.764,0.236,118.9,111.3,230.2,1,2025_NBA,,,,,,,,,,,,,,,,,,,,,,,,,over,229.5,-105.0,0.005235575206826937,0.005497353692300658,0.5148767454747957,2.5711016811962697,0.0013743384230751644,total,nba,,,,,,,,,,,,,,,,,,,,,,,0.5148767454747957,0.48512325452520433,1.942212400907417,2.0613318175784245,1.942212400907417,2.0613318175784245,0.5121951094586559,0.5348837831260214,0.489165728662833,0.510834271337167,0.005235575206826937,0.025711016811962695,0.005497353692300658,0.5235575206826937,2.5711016811962697,-0.09303054265358646,-0.02571101681196264,0.0,-9.303054265358647,-2.571101681196264
Basketball,NBA,2026_03_21,NBA_2026_03_21_Charlotte_Hornets_Memphis_Grizzlies,2026_04_17,7:10 PM,Charlotte Hornets,Memphis Grizzlies,-16.5,16.5,234.5,-1200,750,-112,-108,-112,-108,1.083333,8.5,1.892857,1.925926,1.892857,1.925926,0.896,0.104,122.2,109.9,232.1,1,2025_NBA,,,,,,,,,,,,,,,,,,,,,,,,,under,234.5,-108.0,0.060952371173714104,0.06582855560132678,0.5508790946140787,5.520887716522127,0.016457138900331694,total,nba,,,,,,,,,,,,,,,,,,,,,,,0.4491209053859213,0.5508790946140787,2.2265719275318934,1.8152803578443204,2.2265719275318934,1.8152803578443204,0.5283019266642963,0.5192307492603558,0.5043297825511426,0.4956702174488574,-0.14987835039392117,-0.05520887716522127,0.0,-14.987835039392117,-5.520887716522127,0.060952371173714104,0.05520887716522127,0.06582855560132678,6.09523711737141,5.520887716522127
Basketball,NBA,2026_03_21,NBA_2026_03_21_Dallas_Mavericks_Los_Angeles_Clippers,2026_04_17,8:40 PM,Dallas Mavericks,Los Angeles Clippers,6.5,-6.5,233.5,235,-290,-102,-118,-110,-110,3.35,1.344828,1.980392,1.847458,1.909091,1.909091,0.313,0.687,112.6,118.7,231.3,1,2025_NBA,,,,,,,,,,,,,,,,,,,,,,,,,under,233.5,-110.0,0.0436226132947406,0.04798486982572779,0.5466594380753671,4.66594380753671,0.011996217456431948,total,nba,,,,,,,,,,,,,,,,,,,,,,,0.4533405619246329,0.5466594380753671,2.205847179777062,1.8292924814775293,2.205847179777062,1.8292924814775293,0.5238094988662143,0.5238094988662143,0.5,0.5,-0.13453161329474062,-0.0466594380753671,0.0,-13.453161329474062,-4.66594380753671,0.0436226132947406,0.0466594380753671,0.04798486982572779,4.36226132947406,4.66594380753671
Basketball,NBA,2026_03_21,NBA_2026_03_21_Houston_Rockets_Miami_Heat,2026_04_17,8:10 PM,Houston Rockets,Miami Heat,-1.5,1.5,229.5,-135,114,-118,-102,-110,-110,1.740741,2.14,1.847458,1.980392,1.909091,1.909091,0.583,0.417,115.5,112.8,228.3,1,2025_NBA,,,,,,,,,,,,,,,,,,,,,,,,,under,229.5,-110.0,0.0032111586251384328,0.003532274134424923,0.525491534256428,2.549153425642803,0.0008830685336062308,total,nba,,,,,,,,,,,,,,,,,,,,,,,0.47450846574357197,0.525491534256428,2.1074439597889234,1.9029802286253816,2.1074439597889234,1.9029802286253816,0.5238094988662143,0.5238094988662143,0.5,0.5,-0.09412015862513845,-0.025491534256428028,0.0,-9.412015862513845,-2.549153425642803,0.0032111586251384328,0.025491534256428028,0.003532274134424923,0.3211158625138433,2.549153425642803
Basketball,NBA,2026_03_21,NBA_2026_03_21_Orlando_Magic_Los_Angeles_Lakers,2026_04_17,7:10 PM,Orlando Magic,Los Angeles Lakers,2.5,-2.5,232.5,124,-148,-105,-115,-115,-105,2.24,1.675676,1.952381,1.869565,1.869565,1.952381,0.43,0.57,114.0,117.1,231.1,1,2025_NBA,,,,,,,,,,,,,,,,,,,,,,,,,under,232.5,-105.0,0.034240274976298446,0.03595228692749914,0.5297328108480356,4.056708218520261,0.008988071731874785,total,nba,,,,,,,,,,,,,,,,,,,,,,,0.4702671891519644,0.5297328108480356,2.126450713695986,1.8877441221719413,2.126450713695986,1.8877441221719413,0.5348837831260214,0.5121951094586559,0.510834271337167,0.489165728662833,-0.1208049225131077,-0.04056708218520255,0.0,-12.08049225131077,-4.056708218520255,0.034240274976298446,0.04056708218520261,0.03595228692749914,3.4240274976298446,4.056708218520261
Basketball,NBA,2026_03_21,NBA_2026_03_21_San_Antonio_Spurs_Indiana_Pacers,2026_04_17,8:10 PM,San Antonio Spurs,Indiana Pacers,-18.5,18.5,233.5,-2100,1100,-115,-105,-110,-110,1.047619,12.0,1.869565,1.952381,1.909091,1.909091,0.926,0.074,123.3,108.8,232.1,1,2025_NBA,,,,,,,,,,,,,,,,,,,,,,,,,under,233.5,-110.0,0.011308141594687182,0.012438954510260386,0.5297328108480356,2.9732810848035585,0.0031097386275650966,total,nba,,,,,,,,,,,,,,,,,,,,,,,0.4702671891519644,0.5297328108480356,2.126450713695986,1.8877441221719413,2.126450713695986,1.8877441221719413,0.5238094988662143,0.5238094988662143,0.5,0.5,-0.10221714159468709,-0.029732810848035585,0.0,-10.221714159468709,-2.9732810848035585,0.011308141594687182,0.029732810848035585,0.012438954510260386,1.1308141594687182,2.9732810848035585
Basketball,NBA,2026_03_21,NBA_2026_03_21_Washington_Wizards_Oklahoma_City_Thunder,2026_04_17,5:10 PM,Washington Wizards,Oklahoma City Thunder,20.5,-20.5,229.5,1300,-2800,-105,-115,-110,-110,14.0,1.035714,1.952381,1.869565,1.909091,1.909091,0.035,0.965,104.3,123.9,228.2,1,2025_NBA,,,,,,,,,,,,,,,,,,,,,,,,,under,229.5,-110.0,0.007260397257830009,0.00798643618496939,0.5276125639154079,2.7612563915407895,0.0019966090462423475,total,nba,,,,,,,,,,,,,,,,,,,,,,,0.4723874360845921,0.5276125639154079,2.116906428097564,1.895330150174987,2.116906428097564,1.895330150174987,0.5238094988662143,0.5238094988662143,0.5,0.5,-0.09816939725782992,-0.027612563915407895,0.0,-9.81693972578299,-2.7612563915407895,0.007260397257830009,0.027612563915407895,0.00798643618496939,0.7260397257830009,2.7612563915407895
Basketball,NBA,2026_03_22,NBA_2026_03_22_Denver_Nuggets_Portland_Trail_Blazers,2026_04_17,5:10 PM,Denver Nuggets,Portland Trail Blazers,-8.5,8.5,240.5,-375,295,-110,-110,-112,-108,1.266667,3.95,1.909091,1.909091,1.892857,1.925926,0.757,0.243,123.5,116.0,239.5,1,2025_NBA,,,,,,,,,,,,,,,,,,,,,,,,,under,240.5,-108.0,0.0038838558317546568,0.0041945639627298525,0.5212473666338969,2.5577149185039505,0.0010486409906824631,total,nba,,,,,,,,,,,,,,,,,,,,,,,0.4787526333661031,0.5212473666338969,2.0887613567136203,1.9184749199939068,2.0887613567136203,1.9184749199939068,0.5283019266642963,0.5192307492603558,0.5043297825511426,0.4956702174488574,-0.09378972666453822,-0.025577149185039505,0.0,-9.378972666453823,-2.5577149185039505,0.0038838558317546568,0.025577149185039505,0.0041945639627298525,0.3883855831754657,2.5577149185039505
Basketball,NBA,2026_03_22,NBA_2026_03_22_New_York_Knicks_Washington_Wizards,2026_04_17,7:40 PM,New York Knicks,Washington Wizards,-19.5,19.5,226.5,-2400,1200,-115,-105,-115,-105,1.041667,13.0,1.869565,1.952381,1.869565,1.952381,0.951,0.049,122.7,106.0,228.7,1,2025_NBA,,,,,,,,,,,,,,,,,,,,,,,,,over,226.5,-115.0,0.022015352345373662,0.025317661526595096,0.5466594380753671,3.582516673820013,0.006329415381648774,total,nba,,,,,,,,,,,,,,,,,,,,,,,0.5466594380753671,0.4533405619246329,1.8292924814775293,2.205847179777062,1.8292924814775293,2.205847179777062,0.5348837831260214,0.5121951094586559,0.510834271337167,0.489165728662833,0.022015352345373662,0.03582516673820013,0.025317661526595096,2.201535234537366,3.582516673820013,-0.11490650036902328,-0.035825166738200076,0.0,-11.490650036902327,-3.582516673820008
Basketball,NBA,2026_03_23,NBA_2026_03_23_Chicago_Bulls_Houston_Rockets,2026_04_17,8:00 PM,Chicago Bulls,Houston Rockets,8.5,-8.5,229.5,280,-355,-115,-105,-112,-108,3.8,1.28169,1.869565,1.952381,1.892857,1.925926,0.197,0.803,109.1,118.6,227.7,1,2025_NBA,,,,,,,,,,,,,,,,,,,,,,,,,under,229.5,-108.0,0.036542568892277805,0.03946597124638227,0.5382047746861913,4.25345572373339,0.009866492811595568,total,nba,,,,,,,,,,,,,,,,,,,,,,,0.4617952253138087,0.5382047746861913,2.165461973584632,1.8580288526482611,2.165461973584632,1.8580288526482611,0.5283019266642963,0.5192307492603558,0.5043297825511426,0.4956702174488574,-0.12588767519818,-0.0425345572373339,0.0,-12.588767519818001,-4.25345572373339,0.036542568892277805,0.0425345572373339,0.03946597124638227,3.6542568892277805,4.25345572373339
Basketball,NBA,2026_03_23,NBA_2026_03_23_Los_Angeles_Clippers_Milwaukee_Bucks,2026_04_17,10:30 PM,Los Angeles Clippers,Milwaukee Bucks,-13.5,13.5,224.5,-800,550,-105,-115,-108,-112,1.125,6.5,1.952381,1.869565,1.925926,1.892857,0.827,0.173,116.1,106.4,222.5,1,2025_NBA,,,,,,,,,,,,,,,,,,,,,,,,,under,224.5,-112.0,0.026750953301793334,0.029961072491780132,0.5424345068337404,3.8104724282597813,0.007490268122945033,total,nba,,,,,,,,,,,,,,,,,,,,,,,0.4575654931662596,0.5424345068337404,2.185479488586879,1.8435405332841523,2.185479488586879,1.8435405332841523,0.5192307492603558,0.5283019266642963,0.4956702174488574,0.5043297825511426,-0.11876272000827826,-0.03810472428259781,0.0,-11.876272000827825,-3.8104724282597813,0.026750953301793334,0.03810472428259781,0.029961072491780132,2.6750953301793334,3.8104724282597813
Basketball,NBA,2026_03_23,NBA_2026_03_23_Miami_Heat_San_Antonio_Spurs,2026_04_17,7:00 PM,Miami Heat,San Antonio Spurs,5.5,-5.5,240.5,170,-205,-115,-105,-110,-110,2.7,1.487805,1.869565,1.952381,1.909091,1.909091,0.345,0.655,116.5,121.8,238.3,1,2025_NBA,,,,,,,,,,,,,,,,,,,,,,,,,under,240.5,-110.0,0.0436226132947406,0.04798486982572779,0.5466594380753671,4.66594380753671,0.011996217456431948,total,nba,,,,,,,,,,,,,,,,,,,,,,,0.4533405619246329,0.5466594380753671,2.205847179777062,1.8292924814775293,2.205847179777062,1.8292924814775293,0.5238094988662143,0.5238094988662143,0.5,0.5,-0.13453161329474062,-0.0466594380753671,0.0,-13.453161329474062,-4.66594380753671,0.0436226132947406,0.0466594380753671,0.04798486982572779,4.36226132947406,4.66594380753671
Basketball,NBA,2026_03_23,NBA_2026_03_23_Orlando_Magic_Indiana_Pacers,2026_04_17,7:00 PM,Orlando Magic,Indiana Pacers,-12.5,12.5,232.5,-800,550,-115,-105,-115,-105,1.125,6.5,1.869565,1.952381,1.869565,1.952381,0.875,0.125,121.4,110.2,231.6,1,2025_NBA,,,,,,,,,,,,,,,,,,,,,,,,,under,232.5,-105.0,0.013528515148960363,0.014204940196161373,0.5191243487561907,2.9958620093357755,0.003551235049040343,total,nba,,,,,,,,,,,,,,,,,,,,,,,0.48087565124380927,0.5191243487561907,2.0795396843517637,1.9263207406779812,2.0795396843517637,1.9263207406779812,0.5348837831260214,0.5121951094586559,0.510834271337167,0.489165728662833,-0.10097171308236774,-0.029958620093357702,0.0,-10.097171308236774,-2.99586200933577,0.013528515148960363,0.029958620093357757,0.014204940196161373,1.3528515148960363,2.9958620093357755
Basketball,NBA,2026_03_23,NBA_2026_03_23_Philadelphia_76ers_Oklahoma_City_Thunder,2026_04_17,7:00 PM,Philadelphia 76ers,Oklahoma City Thunder,15.5,-15.5,223.5,700,-1100,-110,-110,-108,-112,8.0,1.090909,1.909091,1.909091,1.925926,1.892857,0.085,0.915,105.2,119.5,224.7,1,2025_NBA,,,,,,,,,,,,,,,,,,,,,,,,,over,223.5,-108.0,0.012057808604345466,0.013022432250898462,0.525491534256428,2.982131680757061,0.0032556080627246155,total,nba,,,,,,,,,,,,,,,,,,,,,,,0.525491534256428,0.47450846574357197,1.9029802286253816,2.1074439597889234,1.9029802286253816,2.1074439597889234,0.5192307492603558,0.5283019266642963,0.4956702174488574,0.5043297825511426,0.012057808604345466,0.029821316807570608,0.013022432250898462,1.2057808604345466,2.982131680757061,-0.10182332905801961,-0.029821316807570608,0.0,-10.18233290580196,-2.982131680757061
Basketball,NBA,2026_03_24,5cc255e5f9f9fefa4cc7e5316e16a519,2026-03-24T13:50:34Z,11:10 PM,Phoenix Suns,Denver Nuggets,5.5,-5.5,233.5,200,-244,-112,-108,-110,-110,3.0,1.41,1.89,1.93,1.91,1.91,0.337,0.663,112.6,118.2,230.8,1,2025_NBA,,,,,,,,,,,,,,,,,,,,,,,,,under,233.5,-110.0,0.0642475255658792,0.07060167644602111,0.5571976573643347,5.719765736433469,0.017650419111505278,total,nba,,,,,,,,,,,,,,,,,,,,,,,0.4428023426356653,0.5571976573643347,2.2583439691121803,1.794695269772339,2.2583439691121803,1.794695269772339,0.5235602094240838,0.5235602094240838,0.5,0.5,-0.15424752556587928,-0.057197657364334686,0.0,-15.42475255658793,-5.719765736433469,0.0642475255658792,0.057197657364334686,0.07060167644602111,6.42475255658792,5.719765736433469
Basketball,NBA,2026_03_25,bb33d3e33ac233af2a20161310f567f2,2026-03-25T19:43:40Z,07:40 PM,Cleveland Cavaliers,Miami Heat,-2.5,2.5,242.5,-147,124,-110,-110,-115,-105,1.68,2.24,1.91,1.91,1.87,1.95,0.562,0.438,121.9,119.9,241.8,1,2025_NBA,,,,,,,,,,,,,,,,,,,,,,,,,under,242.5,-105.0,0.004009653675851599,0.00422068807984373,0.5148767454747957,2.5347949663277247,0.0010551720199609325,total,nba,,,,,,,,,,,,,,,,,,,,,,,0.48512325452520433,0.5148767454747957,2.0613318175784245,1.942212400907417,2.0613318175784245,1.942212400907417,0.53475935828877,0.5128205128205129,0.5104712041884817,0.4895287958115184,-0.09281951403786781,-0.025347949663277358,0.0,-9.281951403786781,-2.534794966327736,0.004009653675851599,0.025347949663277247,0.00422068807984373,0.4009653675851599,2.5347949663277247
Basketball,NBA,2026_03_25,8aaad66627fe854cc273103047d880e6,2026-03-25T19:43:40Z,07:10 PM,Detroit Pistons,Atlanta Hawks,-2.5,2.5,228.5,-154,130,-118,-102,-115,-105,1.65,2.3,1.85,1.98,1.87,1.95,0.592,0.408,115.0,112.1,227.1,1,2025_NBA,,,,,,,,,,,,,,,,,,,,,,,,,under,228.5,-105.0,0.03297898115366937,0.0347147170038625,0.5297328108480356,4.020401503651716,0.008678679250965625,total,nba,,,,,,,,,,,,,,,,,,,,,,,0.4702671891519644,0.5297328108480356,2.126450713695986,1.8877441221719413,2.126450713695986,1.8877441221719413,0.53475935828877,0.5128205128205129,0.5104712041884817,0.4895287958115184,-0.12060035628582644,-0.04020401503651727,0.0,-12.060035628582643,-4.020401503651727,0.03297898115366937,0.04020401503651716,0.0347147170038625,3.2978981153669373,4.020401503651716
Basketball,NBA,2026_03_25,f0853d396988ee8ea615897e136d22cb,2026-03-25T19:43:40Z,10:10 PM,Golden State Warriors,Brooklyn Nets,-12.5,12.5,216.5,-625,455,-105,-115,-115,-105,1.16,5.55,1.95,1.87,1.87,1.95,0.853,0.147,112.9,102.5,215.4,1,2025_NBA,,,,,,,,,,,,,,,,,,,,,,,,,under,216.5,-105.0,0.02057107455747853,0.021653762692082724,0.523369781824348,3.384098601282959,0.005413440673020681,total,nba,,,,,,,,,,,,,,,,,,,,,,,0.476630218175652,0.523369781824348,2.0980625270206246,1.910694951692143,2.0980625270206246,1.910694951692143,0.53475935828877,0.5128205128205129,0.5104712041884817,0.4895287958115184,-0.10870149201153079,-0.0338409860128297,0.0,-10.87014920115308,-3.38409860128297,0.02057107455747853,0.03384098601282959,0.021653762692082724,2.057107455747853,3.384098601282959
Basketball,NBA,2026_03_25,3d71d6b6b1bc85b5ec831ae9dba2c93c,2026-03-25T19:43:40Z,07:10 PM,Indiana Pacers,Los Angeles Lakers,9.5,-9.5,238.5,380,-500,-112,-108,-105,-115,4.8,1.2,1.89,1.93,1.95,1.87,0.15,0.85,112.5,123.7,236.2,1,2025_NBA,,,,,,,,,,,,,,,,,,,,,,,,,under,238.5,-115.0,0.026199816274277588,0.03011473134974448,0.5487699552268864,3.8298751038404744,0.00752868283743612,total,nba,,,,,,,,,,,,,,,,,,,,,,,0.45123004477311357,0.5487699552268864,2.216164485462881,1.8222571962536736,2.216164485462881,1.8222571962536736,0.5128205128205129,0.53475935828877,0.4895287958115184,0.5104712041884817,-0.12010141269242858,-0.038298751038404855,0.0,-12.010141269242858,-3.8298751038404855,0.026199816274277588,0.038298751038404744,0.03011473134974448,2.6199816274277588,3.8298751038404744
Basketball,NBA,2026_03_25,24a4d71edcffcb5584a61d2aa89c66d8,2026-03-25T19:43:40Z,10:40 PM,Los Angeles Clippers,Toronto Raptors,-3.5,3.5,226.5,-185,154,-118,-102,-115,-105,1.54,2.54,1.85,1.98,1.87,1.95,0.611,0.389,114.3,111.1,225.4,1,2025_NBA,,,,,,,,,,,,,,,,,,,,,,,,,under,226.5,-105.0,0.02057107455747853,0.021653762692082724,0.523369781824348,3.384098601282959,0.005413440673020681,total,nba,,,,,,,,,,,,,,,,,,,,,,,0.476630218175652,0.523369781824348,2.0980625270206246,1.910694951692143,2.0980625270206246,1.910694951692143,0.53475935828877,0.5128205128205129,0.5104712041884817,0.4895287958115184,-0.10870149201153079,-0.0338409860128297,0.0,-10.87014920115308,-3.38409860128297,0.02057107455747853,0.03384098601282959,0.021653762692082724,2.057107455747853,3.384098601282959
Basketball,NBA,2026_03_25,eaf07668d23364ac54cbcf69f4808ba9,2026-03-25T19:43:40Z,07:10 PM,Philadelphia 76ers,Chicago Bulls,-6.5,6.5,240.5,-244,200,-110,-110,-108,-112,1.41,3.0,1.91,1.91,1.93,1.89,0.685,0.315,121.7,116.5,238.2,1,2025_NBA,,,,,,,,,,,,,,,,,,,,,,,,,under,240.5,-112.0,0.03717521537881541,0.04176990492001719,0.5487699552268864,4.353435313264564,0.010442476230004298,total,nba,,,,,,,,,,,,,,,,,,,,,,,0.45123004477311357,0.5487699552268864,2.216164485462881,1.8222571962536736,2.216164485462881,1.8222571962536736,0.5181347150259068,0.5291005291005292,0.4947643979057591,0.5052356020942408,-0.1291260135878909,-0.04353435313264553,0.0,-12.91260135878909,-4.353435313264553,0.03717521537881541,0.04353435313264564,0.04176990492001719,3.7175215378815407,4.353435313264564
Basketball,NBA,2026_03_25,d17b632d984be98852b4bc409ae1d056,2026-03-25T19:43:40Z,10:10 PM,Portland Trail Blazers,Milwaukee Bucks,-13.5,13.5,225.5,-769,525,-102,-118,-115,-105,1.13,6.25,1.98,1.85,1.87,1.95,0.862,0.138,117.6,106.8,224.4,1,2025_NBA,,,,,,,,,,,,,,,,,,,,,,,,,under,225.5,-105.0,0.02057107455747853,0.021653762692082724,0.523369781824348,3.384098601282959,0.005413440673020681,total,nba,,,,,,,,,,,,,,,,,,,,,,,0.476630218175652,0.523369781824348,2.0980625270206246,1.910694951692143,2.0980625270206246,1.910694951692143,0.53475935828877,0.5128205128205129,0.5104712041884817,0.4895287958115184,-0.10870149201153079,-0.0338409860128297,0.0,-10.87014920115308,-3.38409860128297,0.02057107455747853,0.03384098601282959,0.021653762692082724,2.057107455747853,3.384098601282959
Basketball,NBA,2026_03_26,b5dcac663f902f16c62d91c7552bd07a,2026-03-26T15:57:09Z,07:10 PM,Charlotte Hornets,New York Knicks,-1.5,1.5,222.5,-120,100,-102,-118,-108,-112,1.83,2.0,1.98,1.85,1.93,1.89,0.511,0.489,112.3,112.1,224.4,1,2025_NBA,,,,,,,,,,,,,,,,,,,,,,,,,over,222.5,-108.0,0.04281800760706611,0.046040868394694866,0.5403202111953711,4.5555813289612,0.011510217098673716,total,nba,,,,,,,,,,,,,,,,,,,,,,,0.5403202111953711,0.45967978880462884,1.8507543846780443,2.175427383049499,1.8507543846780443,2.175427383049499,0.5181347150259068,0.5291005291005292,0.4947643979057591,0.5052356020942408,0.04281800760706611,0.045555813289612,0.046040868394694866,4.281800760706611,4.5555813289612,-0.13120519915925155,-0.045555813289611946,0.0,-13.120519915925154,-4.555581328961194
Basketball,NBA,2026_03_27,5ce07242b2ab7c9c82700854c237a77a,2026-03-27T09:56:03Z,07:40 PM,Cleveland Cavaliers,Miami Heat,-4.5,4.5,242.5,-204,170,-115,-105,-108,-112,1.49,2.7,1.87,1.95,1.93,1.89,0.685,0.315,122.8,117.4,240.2,1,2025_NBA,,,,,,,,,,,,,,,,,,,,,,,,,under,242.5,-112.0,0.03717521537881541,0.04176990492001719,0.5487699552268864,4.353435313264564,0.010442476230004298,total,nba,,,,,,,,,,,,,,,,,,,,,,,0.45123004477311357,0.5487699552268864,2.216164485462881,1.8222571962536736,2.216164485462881,1.8222571962536736,0.5181347150259068,0.5291005291005292,0.4947643979057591,0.5052356020942408,-0.1291260135878909,-0.04353435313264553,0.0,-12.91260135878909,-4.353435313264553,0.03717521537881541,0.04353435313264564,0.04176990492001719,3.7175215378815407,4.353435313264564
Basketball,NBA,2026_03_27,a2b709618069c3dd7c15f6192c11e93c,2026-03-27T09:56:03Z,09:10 PM,Denver Nuggets,Utah Jazz,-18.5,18.5,248.5,-2000,1100,-108,-112,-110,-110,1.05,12.0,1.93,1.89,1.91,1.91,0.902,0.098,129.4,116.8,246.2,1,2025_NBA,,,,,,,,,,,,,,,,,,,,,,,,,under,248.5,-110.0,0.048150614483353005,0.05291276316851985,0.5487699552268864,4.8769955226886434,0.013228190792129963,total,nba,,,,,,,,,,,,,,,,,,,,,,,0.45123004477311357,0.5487699552268864,2.216164485462881,1.8222571962536736,2.216164485462881,1.8222571962536736,0.5235602094240838,0.5235602094240838,0.5,0.5,-0.13815061448335308,-0.04876995522688643,0.0,-13.815061448335308,-4.8769955226886434,0.048150614483353005,0.04876995522688643,0.05291276316851985,4.8150614483353005,4.8769955226886434
Basketball,NBA,2026_03_27,79aaaf1d88e3174addc5d58bd07e024d,2026-03-27T09:56:03Z,10:10 PM,Golden State Warriors,Washington Wizards,-13.5,13.5,232.5,-1000,650,-118,-102,-110,-110,1.1,7.5,1.85,1.98,1.91,1.91,0.875,0.125,121.1,109.9,231.0,1,2025_NBA,,,,,,,,,,,,,,,,,,,,,,,,,under,232.5,-110.0,0.015837730970160502,0.01740409996720922,0.5318522151676233,3.1852215167623266,0.004351024991802305,total,nba,,,,,,,,,,,,,,,,,,,,,,,0.46814778483237673,0.5318522151676233,2.1360776071130108,1.8802215568188074,2.1360776071130108,1.8802215568188074,0.5235602094240838,0.5235602094240838,0.5,0.5,-0.10583773097016047,-0.031852215167623266,0.0,-10.583773097016048,-3.1852215167623266,0.015837730970160502,0.031852215167623266,0.01740409996720922,1.5837730970160502,3.1852215167623266
Basketball,NBA,2026_03_27,cfb595cba37696e470059102db23fca9,2026-03-27T09:56:03Z,07:10 PM,Indiana Pacers,Los Angeles Clippers,8.5,-8.5,238.5,330,-417,-105,-115,-105,-115,4.3,1.24,1.95,1.87,1.95,1.87,0.188,0.812,112.9,122.8,235.7,1,2025_NBA,,,,,,,,,,,,,,,,,,,,,,,,,under,238.5,-115.0,0.04589230431950919,0.052749775079895554,0.5593006974970637,4.8829493308581995,0.013187443769973889,total,nba,,,,,,,,,,,,,,,,,,,,,,,0.4406993025029363,0.5593006974970637,2.2691209047088,1.787946992512467,2.2691209047088,1.787946992512467,0.5128205128205129,0.53475935828877,0.4895287958115184,0.5104712041884817,-0.14063636011927416,-0.048829493308582106,0.0,-14.063636011927416,-4.88294933085821,0.04589230431950919,0.048829493308581995,0.052749775079895554,4.589230431950919,4.8829493308581995
Basketball,NBA,2026_03_27,b552edb9183af4efd9e7b1b203525ac0,2026-03-27T09:56:03Z,10:40 PM,Los Angeles Lakers,Brooklyn Nets,-16.5,16.5,222.5,-1667,950,-110,-110,-105,-115,1.06,10.5,1.91,1.91,1.95,1.87,0.876,0.124,115.3,104.2,219.5,1,2025_NBA,,,,,,,,,,,,,,,,,,,,,,,,,under,222.5,-115.0,0.05374818989018526,0.061779528609408337,0.5635017058236285,5.303050163514678,0.015444882152352084,total,nba,,,,,,,,,,,,,,,,,,,,,,,0.43649829417637154,0.5635017058236285,2.2909596975330673,1.7746175205244046,2.2909596975330673,1.7746175205244046,0.5128205128205129,0.53475935828877,0.4895287958115184,0.5104712041884817,-0.14882832635607557,-0.05303050163514689,0.0,-14.882832635607556,-5.303050163514689,0.05374818989018526,0.053030501635146776,0.061779528609408337,5.374818989018526,5.303050163514678
Basketball,NBA,2026_03_28,def835f85134dff31d0e29a14591d960,2026-03-28T09:38:03Z,06:10 PM,Charlotte Hornets,Philadelphia 76ers,-5.5,5.5,233.5,-217,180,-115,-105,-108,-112,1.46,2.8,1.87,1.95,1.93,1.89,0.7,0.3,118.1,112.6,230.7,1,2025_NBA,,,,,,,,,,,,,,,,,,,,,,,,,under,233.5,-112.0,0.05707831826945031,0.06413294187578687,0.5593006974970637,5.40650954028229,0.016033235468946718,total,nba,,,,,,,,,,,,,,,,,,,,,,,0.4406993025029363,0.5593006974970637,2.2691209047088,1.787946992512467,2.2691209047088,1.787946992512467,0.5181347150259068,0.5291005291005292,0.4947643979057591,0.5052356020942408,-0.14945034616933295,-0.05406509540282278,0.0,-14.945034616933295,-5.406509540282278,0.05707831826945031,0.054065095402822894,0.06413294187578687,5.707831826945031,5.40650954028229
Basketball,NBA,2026_03_28,df362c645ce96c954aeec281f1951a22,2026-03-28T09:38:03Z,08:10 PM,Memphis Grizzlies,Chicago Bulls,3.5,-3.5,244.5,145,-175,-112,-108,-115,-105,2.45,1.57,1.89,1.93,1.87,1.95,0.387,0.613,118.7,122.9,241.6,1,2025_NBA,,,,,,,,,,,,,,,,,,,,,,,,,under,244.5,-105.0,0.09473402950390852,0.0997200310567457,0.5614020664122608,7.187327060074233,0.024930007764186426,total,nba,,,,,,,,,,,,,,,,,,,,,,,0.43859793358773924,0.5614020664122608,2.279992502062154,1.7812545764048875,2.279992502062154,1.7812545764048875,0.53475935828877,0.5128205128205129,0.5104712041884817,0.4895287958115184,-0.1798218641909276,-0.07187327060074244,0.0,-17.98218641909276,-7.187327060074244,0.09473402950390852,0.07187327060074233,0.0997200310567457,9.473402950390852,7.187327060074233
Basketball,NBA,2026_03_28,61b1ef0450e08478d708e8ab8a384647,2026-03-28T09:38:03Z,03:10 PM,Milwaukee Bucks,San Antonio Spurs,18.5,-18.5,225.5,1100,-2000,-108,-112,-115,-105,12.0,1.05,1.93,1.89,1.87,1.95,0.081,0.919,104.7,119.5,224.2,1,2025_NBA,,,,,,,,,,,,,,,,,,,,,,,,,under,225.5,-105.0,0.02884449963504543,0.030362631194784547,0.5276125639154079,3.808376810388947,0.007590657798696137,total,nba,,,,,,,,,,,,,,,,,,,,,,,0.4723874360845921,0.5276125639154079,2.116906428097564,1.895330150174987,2.116906428097564,1.895330150174987,0.53475935828877,0.5128205128205129,0.5104712041884817,0.4895287958115184,-0.11663549452181277,-0.03808376810388958,0.0,-11.663549452181277,-3.808376810388958,0.02884449963504543,0.03808376810388947,0.030362631194784547,2.884449963504543,3.808376810388947
Basketball,NBA,2026_03_29,ba9f78305e7187a27e22f030883c2c19,2026-03-29T09:38:16Z,06:10 PM,Brooklyn Nets,Sacramento Kings,1.5,-1.5,221.5,100,-120,-115,-105,-110,-110,2.0,1.83,1.87,1.95,1.91,1.91,0.534,0.466,112.1,111.1,223.2,1,2025_NBA,,,,,,,,,,,,,,,,,,,,,,,,,over,221.5,-110.0,0.02392857045777186,0.02629513237117799,0.5360882567841738,3.608825678417382,0.0065737830927944975,total,nba,,,,,,,,,,,,,,,,,,,,,,,0.5360882567841738,0.4639117432158262,1.8653644942694474,2.1555824240792476,1.8653644942694474,2.1555824240792476,0.5235602094240838,0.5235602094240838,0.5,0.5,0.02392857045777186,0.03608825678417382,0.02629513237117799,2.392857045777186,3.608825678417382,-0.11392857045777205,-0.03608825678417382,0.0,-11.392857045777205,-3.608825678417382
Basketball,NBA,2026_03_29,976eb35602aca3acd738ec2621478695,2026-03-29T09:38:16Z,10:10 PM,Denver Nuggets,Golden State Warriors,-11.5,11.5,239.5,-588,440,-115,-105,-105,-115,1.17,5.4,1.87,1.95,1.95,1.87,0.834,0.166,123.3,113.5,236.8,1,2025_NBA,,,,,,,,,,,,,,,,,,,,,,,,,under,239.5,-115.0,0.04195961927130587,0.04822944743828267,0.5571976573643347,4.6726453175852996,0.012057361859570667,total,nba,,,,,,,,,,,,,,,,,,,,,,,0.4428023426356653,0.5571976573643347,2.2583439691121803,1.794695269772339,2.2583439691121803,1.794695269772339,0.5128205128205129,0.53475935828877,0.4895287958115184,0.5104712041884817,-0.1365354318604527,-0.04672645317585311,0.0,-13.653543186045269,-4.672645317585311,0.04195961927130587,0.046726453175853,0.04822944743828267,4.195961927130587,4.6726453175852996
Basketball,NBA,2026_03_29,4a5c2769cf86051e5ed8bdd8a6633ab4,2026-03-29T09:38:16Z,05:10 PM,Indiana Pacers,Miami Heat,9.5,-9.5,245.5,320,-417,-115,-105,-105,-115,4.2,1.24,1.87,1.95,1.95,1.87,0.203,0.797,117.1,126.3,243.4,1,2025_NBA,,,,,,,,,,,,,,,,,,,,,,,,,under,245.5,-115.0,0.01830401615171362,0.02103909902495831,0.5445476022201677,3.407639803168605,0.005259774756239577,total,nba,,,,,,,,,,,,,,,,,,,,,,,0.45545239777983226,0.5445476022201677,2.195619135774985,1.836386747316329,2.195619135774985,1.836386747316329,0.5128205128205129,0.53475935828877,0.4895287958115184,0.5104712041884817,-0.11186782432932707,-0.03407639803168616,0.0,-11.186782432932707,-3.407639803168616,0.01830401615171362,0.03407639803168605,0.02103909902495831,1.830401615171362,3.407639803168605
Basketball,NBA,2026_03_29,f31725bf02115b40d00c134f7f730357,2026-03-29T09:38:16Z,03:40 PM,Milwaukee Bucks,Los Angeles Clippers,14.5,-14.5,222.5,600,-909,-115,-105,-112,-108,7.0,1.11,1.87,1.95,1.89,1.93,0.135,0.865,104.0,115.6,219.6,1,2025_NBA,,,,,,,,,,,,,,,,,,,,,,,,,under,222.5,-108.0,0.08350598817566324,0.08979138513512176,0.5614020664122608,6.663766850650166,0.02244784628378044,total,nba,,,,,,,,,,,,,,,,,,,,,,,0.43859793358773924,0.5614020664122608,2.279992502062154,1.7812545764048875,2.279992502062154,1.7812545764048875,0.5291005291005292,0.5181347150259068,0.5052356020942408,0.4947643979057591,-0.17104990551917287,-0.06663766850650155,0.0,-17.104990551917286,-6.663766850650155,0.08350598817566324,0.06663766850650166,0.08979138513512176,8.350598817566324,6.663766850650166
Basketball,NBA,2026_03_29,f1fe04fb5d59dc4d3b310d56b74a9f2a,2026-03-29T09:38:16Z,07:40 PM,Oklahoma City Thunder,New York Knicks,-8.5,8.5,224.5,-357,285,-108,-112,-105,-115,1.28,3.85,1.93,1.89,1.95,1.87,0.769,0.231,115.1,107.4,222.5,1,2025_NBA,,,,,,,,,,,,,,,,,,,,,,,,,under,224.5,-115.0,0.01435252777909457,0.016497158366775365,0.5424345068337404,3.1963302645258707,0.004124289591693841,total,nba,,,,,,,,,,,,,,,,,,,,,,,0.4575654931662596,0.5424345068337404,2.185479488586879,1.8435405332841523,2.185479488586879,1.8435405332841523,0.5128205128205129,0.53475935828877,0.4895287958115184,0.5104712041884817,-0.10774728832579383,-0.03196330264525882,0.0,-10.774728832579383,-3.1963302645258818,0.01435252777909457,0.03196330264525871,0.016497158366775365,1.435252777909457,3.1963302645258707
Basketball,NBA,2026_03_30,6faf1f26b1e369d008c889f78e15732b,2026-03-30T10:17:25Z,07:40 PM,Atlanta Hawks,Boston Celtics,-1.5,1.5,222.5,-118,-102,-108,-112,-110,-110,1.85,1.98,1.93,1.89,1.91,1.91,0.534,0.466,112.6,111.4,224.0,1,2025_NBA,,,,,,,,,,,,,,,,,,,,,,,,,over,222.5,-110.0,0.015837730970160502,0.01740409996720922,0.5318522151676233,3.1852215167623266,0.004351024991802305,total,nba,,,,,,,,,,,,,,,,,,,,,,,0.5318522151676233,0.46814778483237673,1.8802215568188074,2.1360776071130108,1.8802215568188074,2.1360776071130108,0.5235602094240838,0.5235602094240838,0.5,0.5,0.015837730970160502,0.031852215167623266,0.01740409996720922,1.5837730970160502,3.1852215167623266,-0.10583773097016047,-0.031852215167623266,0.0,-10.583773097016048,-3.1852215167623266
Basketball,NBA,2026_03_30,529b588f29593d9353dc633d814bc188,2026-03-30T10:17:25Z,08:40 PM,Dallas Mavericks,Minnesota Timberwolves,6.5,-6.5,235.5,230,-286,-105,-115,-112,-108,3.3,1.35,1.95,1.87,1.89,1.93,0.28,0.72,113.6,120.7,234.3,1,2025_NBA,,,,,,,,,,,,,,,,,,,,,,,,,under,235.5,-108.0,0.014198661114906086,0.015267377542909771,0.525491534256428,3.0727136350668927,0.003816844385727443,total,nba,,,,,,,,,,,,,,,,,,,,,,,0.47450846574357197,0.525491534256428,2.1074439597889234,1.9029802286253816,2.1074439597889234,1.9029802286253816,0.5291005291005292,0.5181347150259068,0.5052356020942408,0.4947643979057591,-0.10317899974464906,-0.030727136350668816,0.0,-10.317899974464906,-3.0727136350668816,0.014198661114906086,0.030727136350668927,0.015267377542909771,1.4198661114906086,3.0727136350668927
Basketball,NBA,2026_03_30,7d18651bc9124e2b06c6ffbc3af06ee6,2026-03-30T10:17:25Z,08:10 PM,Memphis Grizzlies,Phoenix Suns,13.5,-13.5,229.5,550,-833,-115,-105,-108,-112,6.5,1.12,1.87,1.95,1.93,1.89,0.184,0.816,108.5,118.5,227.0,1,2025_NBA,,,,,,,,,,,,,,,,,,,,,,,,,under,229.5,-112.0,0.04514504688388965,0.0507247717796513,0.5529867972930633,4.775119519882254,0.012681192944912824,total,nba,,,,,,,,,,,,,,,,,,,,,,,0.4470132027069367,0.5529867972930633,2.2370703906381113,1.8083614380942183,2.2370703906381113,1.8083614380942183,0.5181347150259068,0.5291005291005292,0.4947643979057591,0.5052356020942408,-0.1372645187756123,-0.04775119519882243,0.0,-13.72645187756123,-4.775119519882242,0.04514504688388965,0.04775119519882254,0.0507247717796513,4.514504688388965,4.775119519882254
Basketball,NBA,2026_03_30,2ba4ff0cef51aafdf9c5509533b14091,2026-03-30T10:17:25Z,07:10 PM,Miami Heat,Philadelphia 76ers,2.5,-2.5,246.5,114,-135,-115,-105,-108,-112,2.14,1.74,1.87,1.95,1.93,1.89,0.517,0.483,116.6,116.2,232.8,1,2025_NBA,,,,,,,,,,,,,,,,,,,,,,,,,under,246.5,-112.0,0.45020455192496045,0.5058478111516409,0.7673039957274923,26.20683936332515,0.05,total,nba,,,,,,,,,,,,,,,,,,,,,,,0.2326960042725077,0.7673039957274923,4.297452391270592,1.3032644239678242,4.297452391270592,1.3032644239678242,0.5181347150259068,0.5291005291005292,0.4947643979057591,0.5052356020942408,-0.5508967117540602,-0.2620683936332514,0.0,-55.08967117540602,-26.20683936332514,0.45020455192496045,0.2620683936332515,0.5058478111516409,45.020455192496044,26.20683936332515
Basketball,NBA,2026_03_30,e3266348b9f8e04ffa8ca5bbe8e55265,2026-03-30T10:17:25Z,09:40 PM,Oklahoma City Thunder,Detroit Pistons,-13.5,13.5,218.5,-833,550,-108,-112,-115,-105,1.12,6.5,1.93,1.89,1.87,1.95,0.775,0.225,115.1,107.1,222.2,1,2025_NBA,,,,,,,,,,,,,,,,,,,,,,,,,over,218.5,-115.0,0.0811328170080341,0.09325611150348746,0.5781458914481465,6.767468725966486,0.023314027875871866,total,nba,,,,,,,,,,,,,,,,,,,,,,,0.5781458914481465,0.42185410855185346,1.7296672255080605,2.3704877580375205,1.7296672255080605,2.3704877580375205,0.53475935828877,0.5128205128205129,0.5104712041884817,0.4895287958115184,0.0811328170080341,0.06767468725966486,0.09325611150348746,8.113281700803409,6.767468725966486,-0.17738448832388576,-0.06767468725966497,0.0,-17.738448832388578,-6.767468725966497
Basketball,NBA,2026_03_30,99052db19c4b4026e439fcc94cd4f6e8,2026-03-30T10:17:25Z,08:10 PM,San Antonio Spurs,Chicago Bulls,-17.5,17.5,243.5,-1667,1000,-115,-105,-105,-115,1.06,11.0,1.87,1.95,1.95,1.87,0.914,0.086,122.8,109.3,232.1,1,2025_NBA,,,,,,,,,,,,,,,,,,,,,,,,,under,243.5,-115.0,0.3617741019505123,0.41583230109254293,0.7282214448933221,21.77502407048404,0.05,total,nba,,,,,,,,,,,,,,,,,,,,,,,0.2717785551066779,0.7282214448933221,3.67946617277247,1.3732086675180117,3.67946617277247,1.3732086675180117,0.5128205128205129,0.53475935828877,0.4895287958115184,0.5104712041884817,-0.4700318175419781,-0.2177502407048405,0.0,-47.00318175419781,-21.77502407048405,0.3617741019505123,0.2177502407048404,0.41583230109254293,36.17741019505123,21.77502407048404
Basketball,NBA,2026_03_30,2d048fe85c2360eaad38501d77dd41e4,2026-03-30T10:17:25Z,09:10 PM,Utah Jazz,Cleveland Cavaliers,17.5,-17.5,243.5,950,-1667,-108,-112,-110,-110,10.5,1.06,1.93,1.89,1.91,1.91,0.171,0.829,113.8,124.2,238.0,1,2025_NBA,,,,,,,,,,,,,,,,,,,,,,,,,under,243.5,-110.0,0.17515342409698054,0.192476290216462,0.6152635728256443,11.526357282564426,0.0481190725541155,total,nba,,,,,,,,,,,,,,,,,,,,,,,0.38473642717435574,0.6152635728256443,2.599182009731607,1.6253196908886134,2.599182009731607,1.6253196908886134,0.5235602094240838,0.5235602094240838,0.5,0.5,-0.2651534240969805,-0.11526357282564426,0.0,-26.51534240969805,-11.526357282564426,0.17515342409698054,0.11526357282564426,0.192476290216462,17.515342409698054,11.526357282564426
Basketball,NBA,2026_03_31,b6b9e83d82f672bcffebdad2ba67d51d,2026-03-31T10:04:53Z,08:10 PM,Detroit Pistons,Toronto Raptors,-2.5,2.5,219.5,-143,120,-112,-108,-110,-110,1.7,2.2,1.89,1.93,1.91,1.91,0.677,0.323,113.3,108.2,221.5,1,2025_NBA,,,,,,,,,,,,,,,,,,,,,,,,,over,219.5,-110.0,0.036049908052444124,0.039615283574114424,0.5424345068337404,4.243450683374039,0.009903820893528606,total,nba,,,,,,,,,,,,,,,,,,,,,,,0.5424345068337404,0.4575654931662596,1.8435405332841523,2.185479488586879,1.8435405332841523,2.185479488586879,0.5235602094240838,0.5235602094240838,0.5,0.5,0.036049908052444124,0.04243450683374039,0.039615283574114424,3.6049908052444124,4.243450683374039,-0.1260499080524442,-0.04243450683374039,0.0,-12.60499080524442,-4.243450683374039
Basketball,NBA,2026_03_31,0fee871b4f5cc68f4c933d5eb56d25c8,2026-03-31T10:04:53Z,08:10 PM,Houston Rockets,New York Knicks,1.5,-1.5,218.5,-105,-115,-118,-102,-105,-115,1.95,1.87,1.85,1.98,1.95,1.87,0.514,0.486,110.0,109.8,219.8,1,2025_NBA,,,,,,,,,,,,,,,,,,,,,,,,,over,218.5,-105.0,0.02884449963504543,0.030362631194784547,0.5276125639154079,3.808376810388947,0.007590657798696137,total,nba,,,,,,,,,,,,,,,,,,,,,,,0.5276125639154079,0.4723874360845921,1.895330150174987,2.116906428097564,1.895330150174987,2.116906428097564,0.5128205128205129,0.53475935828877,0.4895287958115184,0.5104712041884817,0.02884449963504543,0.03808376810388947,0.030362631194784547,2.884449963504543,3.808376810388947,-0.11663549452181277,-0.03808376810388958,0.0,-11.663549452181277,-3.808376810388958
Basketball,NBA,2026_03_31,4ae1016a615b3bc0fcef523ab3c8933b,2026-03-31T10:04:53Z,11:10 PM,Los Angeles Clippers,Portland Trail Blazers,-5.5,5.5,226.5,-217,180,-115,-105,-115,-105,1.46,2.8,1.87,1.95,1.87,1.95,0.678,0.322,115.5,110.3,225.8,1,2025_NBA,,,,,,,,,,,,,,,,,,,,,,,,,under,226.5,-105.0,0.004009653675851599,0.00422068807984373,0.5148767454747957,2.5347949663277247,0.0010551720199609325,total,nba,,,,,,,,,,,,,,,,,,,,,,,0.48512325452520433,0.5148767454747957,2.0613318175784245,1.942212400907417,2.0613318175784245,1.942212400907417,0.53475935828877,0.5128205128205129,0.5104712041884817,0.4895287958115184,-0.09281951403786781,-0.025347949663277358,0.0,-9.281951403786781,-2.534794966327736,0.004009653675851599,0.025347949663277247,0.00422068807984373,0.4009653675851599,2.5347949663277247
Basketball,NBA,2026_03_31,87dab37c8c29cf1586f973f3fe0ca38a,2026-03-31T10:04:53Z,10:40 PM,Los Angeles Lakers,Cleveland Cavaliers,-1.5,1.5,237.5,-125,105,-112,-108,-105,-115,1.8,2.05,1.89,1.93,1.95,1.87,0.506,0.494,115.6,115.7,231.3,1,2025_NBA,,,,,,,,,,,,,,,,,,,,,,,,,under,237.5,-115.0,0.1770479080349061,0.20350334256885758,0.6294373839758856,11.896617978740387,0.05,total,nba,,,,,,,,,,,,,,,,,,,,,,,0.37056261602411444,0.6294373839758856,2.6985992562588255,1.5887203802281802,2.6985992562588255,1.5887203802281802,0.5128205128205129,0.53475935828877,0.4895287958115184,0.5104712041884817,-0.27740289875297686,-0.11896617978740398,0.0,-27.740289875297684,-11.896617978740398,0.1770479080349061,0.11896617978740387,0.20350334256885758,17.70479080349061,11.896617978740387
Basketball,NBA,2026_04_01,1e9f8048801efb165d39e008270e4942,2026-04-01T10:05:36Z,08:10 PM,Chicago Bulls,Indiana Pacers,-4.5,4.5,247.5,-192,160,-112,-108,-105,-115,1.52,2.6,1.89,1.93,1.95,1.87,0.653,0.347,118.2,113.7,231.9,1,2025_NBA,,,,,,,,,,,,,,,,,,,,,,,,,under,247.5,-115.0,0.49054008009320316,0.563839172520923,0.7970802567343331,28.660905254585145,0.05,total,nba,,,,,,,,,,,,,,,,,,,,,,,0.20291974326566686,0.7970802567343331,4.928056698212843,1.2545788100398276,4.928056698212843,1.2545788100398276,0.5128205128205129,0.53475935828877,0.4895287958115184,0.5104712041884817,-0.6043065006319497,-0.28660905254585156,0.0,-60.43065006319497,-28.660905254585156,0.49054008009320316,0.28660905254585145,0.563839172520923,49.05400800932031,28.660905254585145
Basketball,NBA,2026_04_01,54540a1bafcd2e0cff9b5cd8a09e0bfa,2026-04-01T10:05:36Z,10:00 PM,Golden State Warriors,San Antonio Spurs,13.5,-13.5,226.5,575,-833,-110,-110,-105,-115,6.75,1.12,1.91,1.91,1.95,1.87,0.129,0.871,108.5,120.2,228.7,1,2025_NBA,,,,,,,,,,,,,,,,,,,,,,,,,over,226.5,-105.0,0.06598590424696571,0.0694588465757535,0.5466594380753671,5.713064226384867,0.017364711643938376,total,nba,,,,,,,,,,,,,,,,,,,,,,,0.5466594380753671,0.4533405619246329,1.8292924814775293,2.205847179777062,1.8292924814775293,2.205847179777062,0.5128205128205129,0.53475935828877,0.4895287958115184,0.5104712041884817,0.06598590424696571,0.057130642263848674,0.0694588465757535,6.598590424696571,5.713064226384867,-0.15225314920093647,-0.057130642263848785,0.0,-15.225314920093647,-5.713064226384878
Basketball,NBA,2026_04_01,d1686c3ffba608b202d00ecc3756d422,2026-04-01T10:05:36Z,08:00 PM,Memphis Grizzlies,New York Knicks,14.5,-14.5,227.5,700,-1111,-110,-110,-115,-105,8.0,1.09,1.91,1.91,1.87,1.95,0.134,0.866,109.7,121.3,231.0,1,2025_NBA,,,,,,,,,,,,,,,,,,,,,,,,,over,227.5,-115.0,0.07332751059986164,0.08428449494236963,0.573971930802065,6.350072661358331,0.021071123735592407,total,nba,,,,,,,,,,,,,,,,,,,,,,,0.573971930802065,0.426028069197935,1.7422454763643336,2.3472631788855076,1.7422454763643336,2.3472631788855076,0.53475935828877,0.5128205128205129,0.5104712041884817,0.4895287958115184,0.07332751059986164,0.0635007266135833,0.08428449494236963,7.3327510599861645,6.350072661358331,-0.1692452650640267,-0.06350072661358341,0.0,-16.92452650640267,-6.350072661358341
Basketball,NBA,2026_04_01,333a6fd05a4f8492b95e9d9426450430,2026-04-01T10:05:36Z,08:00 PM,Toronto Raptors,Sacramento Kings,-13.5,13.5,226.5,-833,575,-105,-115,-110,-110,1.12,6.75,1.95,1.87,1.91,1.91,0.862,0.138,117.9,107.2,225.1,1,2025_NBA,,,,,,,,,,,,,,,,,,,,,,,,,under,226.5,-110.0,0.011789668719747848,0.012955679911810883,0.5297328108480356,2.9732810848035585,0.003238919977952721,total,nba,,,,,,,,,,,,,,,,,,,,,,,0.4702671891519644,0.5297328108480356,2.126450713695986,1.8877441221719413,2.126450713695986,1.8877441221719413,0.5235602094240838,0.5235602094240838,0.5,0.5,-0.10178966871974804,-0.029732810848035585,0.0,-10.178966871974804,-2.9732810848035585,0.011789668719747848,0.029732810848035585,0.012955679911810883,1.1789668719747848,2.9732810848035585
Basketball,NBA,2026_04_01,8b86324be55670d1f3c59008ae771dac,2026-04-01T10:05:36Z,09:10 PM,Utah Jazz,Denver Nuggets,16.5,-16.5,249.5,1000,-1667,-105,-115,-108,-112,11.0,1.06,1.95,1.87,1.93,1.89,0.111,0.889,113.8,126.2,240.0,1,2025_NBA,,,,,,,,,,,,,,,,,,,,,,,,,under,249.5,-112.0,0.3109846715816087,0.34942097930517835,0.6936426833765126,18.840708128227178,0.05,total,nba,,,,,,,,,,,,,,,,,,,,,,,0.3063573166234874,0.6936426833765126,3.26416228938641,1.4416644534217558,3.26416228938641,1.4416644534217558,0.5181347150259068,0.5291005291005292,0.4947643979057591,0.5052356020942408,-0.4087303789166693,-0.18840708128227168,0.0,-40.87303789166693,-18.840708128227167,0.3109846715816087,0.1884070812822718,0.34942097930517835,31.09846715816087,18.840708128227178
Basketball,NBA,2026_04_01,ccecac4a3706f43f36fd63ae97cbfc88,2026-04-01T10:05:36Z,07:10 PM,Washington Wizards,Philadelphia 76ers,16.5,-16.5,239.5,900,-1667,-115,-105,-112,-108,10.0,1.06,1.87,1.95,1.89,1.93,0.105,0.895,109.9,123.1,233.0,1,2025_NBA,,,,,,,,,,,,,,,,,,,,,,,,,under,239.5,-108.0,0.22643733089187257,0.24348100095900277,0.6354597569387941,14.069535903303498,0.05,total,nba,,,,,,,,,,,,,,,,,,,,,,,0.3645402430612059,0.6354597569387941,2.74318136072593,1.573663775055259,2.74318136072593,1.573663775055259,0.5291005291005292,0.5181347150259068,0.5052356020942408,0.4947643979057591,-0.3110189406143209,-0.14069535903303487,0.0,-31.10189406143209,-14.069535903303487,0.22643733089187257,0.14069535903303498,0.24348100095900277,22.643733089187258,14.069535903303498
Basketball,NBA,2026_04_02,b70520c84d1db67fb83d5d3666ef1d46,2026-04-02T09:57:54Z,07:10 PM,Detroit Pistons,Minnesota Timberwolves,-3.5,3.5,224.5,-161,136,-105,-115,-112,-108,1.62,2.36,1.95,1.87,1.89,1.93,0.635,0.365,115.9,111.9,227.8,1,2025_NBA,,,,,,,,,,,,,,,,,,,,,,,,,over,224.5,-112.0,0.07690246948239565,0.08640726908134332,0.5697896663928019,6.455406429856114,0.02160181727033583,total,nba,,,,,,,,,,,,,,,,,,,,,,,0.5697896663928019,0.43021033360719807,1.755033583411145,2.3244443981976644,1.755033583411145,2.3244443981976644,0.5291005291005292,0.5181347150259068,0.5052356020942408,0.4947643979057591,0.07690246948239565,0.06455406429856114,0.08640726908134332,7.690246948239565,6.455406429856114,-0.16969405613810773,-0.06455406429856103,0.0,-16.96940561381077,-6.455406429856103
Basketball,NBA,2026_04_02,67a88265216bd48208f38288dba434ba,2026-04-02T09:57:54Z,10:10 PM,Golden State Warriors,Cleveland Cavaliers,10.5,-10.5,227.5,360,-476,-115,-105,-110,-110,4.6,1.21,1.87,1.95,1.91,1.91,0.214,0.786,110.5,119.5,230.0,1,2025_NBA,,,,,,,,,,,,,,,,,,,,,,,,,over,227.5,-110.0,0.05620478282975094,0.061763497615110935,0.5529867972930633,5.298679729306333,0.015440874403777734,total,nba,,,,,,,,,,,,,,,,,,,,,,,0.5529867972930633,0.4470132027069366,1.8083614380942183,2.2370703906381113,1.8083614380942183,2.2370703906381113,0.5235602094240838,0.5235602094240838,0.5,0.5,0.05620478282975094,0.052986797293063326,0.061763497615110935,5.620478282975094,5.298679729306333,-0.14620478282975113,-0.05298679729306338,0.0,-14.620478282975114,-5.298679729306338
Basketball,NBA,2026_04_02,8acdc53c485cd361a907edc8d53091f2,2026-04-02T09:57:54Z,10:40 PM,Los Angeles Clippers,San Antonio Spurs,3.5,-3.5,230.5,145,-175,-102,-118,-115,-105,2.45,1.57,1.98,1.85,1.87,1.95,0.363,0.637,110.6,115.3,225.9,1,2025_NBA,,,,,,,,,,,,,,,,,,,,,,,,,under,230.5,-105.0,0.1637868792423296,0.17240724130771537,0.5968137842268357,10.728498841531732,0.04310181032692884,total,nba,,,,,,,,,,,,,,,,,,,,,,,0.40318621577316427,0.5968137842268357,2.4802435224189505,1.6755645168207478,2.4802435224189505,1.6755645168207478,0.53475935828877,0.5128205128205129,0.5104712041884817,0.4895287958115184,-0.2460417765041828,-0.10728498841531742,0.0,-24.60417765041828,-10.728498841531742,0.1637868792423296,0.1072849884153173,0.17240724130771537,16.37868792423296,10.728498841531732
Basketball,NBA,2026_04_02,52a9bdfa0493e80275ae71f49de1146f,2026-04-02T09:57:54Z,10:10 PM,Portland Trail Blazers,New Orleans Pelicans,-6.5,6.5,232.5,-263,215,-110,-110,-105,-115,1.38,3.15,1.91,1.91,1.95,1.87,0.701,0.299,119.9,114.5,234.4,1,2025_NBA,,,,,,,,,,,,,,,,,,,,,,,,,over,232.5,-105.0,0.05362441183097366,0.05644674929576175,0.5403202111953711,5.079141538385268,0.014111687323940438,total,nba,,,,,,,,,,,,,,,,,,,,,,,0.5403202111953711,0.45967978880462884,1.8507543846780443,2.175427383049499,1.8507543846780443,2.175427383049499,0.5128205128205129,0.53475935828877,0.4895287958115184,0.5104712041884817,0.05362441183097366,0.05079141538385268,0.05644674929576175,5.362441183097366,5.079141538385268,-0.14039879493534402,-0.050791415383852845,0.0,-14.039879493534402,-5.079141538385285
Basketball,NBA,2026_04_03,033717528554996f232e2517ea1ad281,2026-04-03T10:27:46Z,07:10 PM,Charlotte Hornets,Indiana Pacers,-15.5,15.5,236.5,-1429,800,-110,-110,-108,-112,1.07,9.0,1.91,1.91,1.93,1.89,0.883,0.117,119.7,108.2,227.9,1,2025_NBA,,,,,,,,,,,,,,,,,,,,,,,,,under,236.5,-112.0,0.27879715434629904,0.31325522960258323,0.6766122509768778,17.137664888263703,0.05,total,nba,,,,,,,,,,,,,,,,,,,,,,,0.3233877490231222,0.6766122509768778,3.0922630898070915,1.4779513651374507,3.0922630898070915,1.4779513651374507,0.5181347150259068,0.5291005291005292,0.4947643979057591,0.5052356020942408,-0.37586164438537417,-0.17137664888263693,0.0,-37.586164438537416,-17.137664888263693,0.27879715434629904,0.17137664888263704,0.31325522960258323,27.879715434629905,17.137664888263703
Basketball,NBA,2026_04_03,905392b9896b3f0d42e43bc4af97d72e,2026-04-03T10:27:46Z,08:40 PM,Dallas Mavericks,Orlando Magic,6.5,-6.5,237.5,220,-270,-108,-112,-110,-110,3.2,1.37,1.93,1.89,1.91,1.91,0.315,0.685,112.6,118.6,231.2,1,2025_NBA,,,,,,,,,,,,,,,,,,,,,,,,,under,237.5,-110.0,0.20606654420260884,0.22644675187099875,0.6314484524620989,13.14484524620989,0.05,total,nba,,,,,,,,,,,,,,,,,,,,,,,0.3685515475379011,0.6314484524620989,2.7133246534452877,1.583660544421118,2.7133246534452877,1.583660544421118,0.5235602094240838,0.5235602094240838,0.5,0.5,-0.2960665442026089,-0.1314484524620989,0.0,-29.60665442026089,-13.14484524620989,0.20606654420260884,0.1314484524620989,0.22644675187099875,20.606654420260885,13.14484524620989
Basketball,NBA,2026_04_03,e9a2348d7311c62fe296a00ed8c03e29,2026-04-03T10:27:46Z,08:10 PM,Houston Rockets,Utah Jazz,-17.5,17.5,232.5,-1667,1000,-105,-115,-115,-105,1.06,11.0,1.95,1.87,1.87,1.95,0.899,0.101,120.9,108.3,229.2,1,2025_NBA,,,,,,,,,,,,,,,,,,,,,,,,,under,232.5,-105.0,0.11108984946596379,0.11693668364838294,0.5697896663928019,8.02608705812835,0.029234170912095736,total,nba,,,,,,,,,,,,,,,,,,,,,,,0.43021033360719807,0.5697896663928019,2.3244443981976644,1.755033583411145,2.3244443981976644,1.755033583411145,0.53475935828877,0.5128205128205129,0.5104712041884817,0.4895287958115184,-0.19550667615453954,-0.08026087058128362,0.0,-19.550667615453953,-8.026087058128361,0.11108984946596379,0.0802608705812835,0.11693668364838294,11.10898494659638,8.02608705812835
Basketball,NBA,2026_04_03,3880a34134efe663dcdc776fff7cde38,2026-04-03T10:27:46Z,08:10 PM,Memphis Grizzlies,Toronto Raptors,13.5,-13.5,232.5,625,-909,-118,-102,-112,-108,7.25,1.11,1.85,1.98,1.89,1.93,0.151,0.849,108.8,119.9,228.7,1,2025_NBA,,,,,,,,,,,,,,,,,,,,,,,,,under,232.5,-108.0,0.11984315707958393,0.1288636097629936,0.580229615067142,8.546521716138288,0.0322159024407484,total,nba,,,,,,,,,,,,,,,,,,,,,,,0.419770384932858,0.580229615067142,2.3822547656856483,1.7234556355491848,2.3822547656856483,1.7234556355491848,0.5291005291005292,0.5181347150259068,0.5052356020942408,0.4947643979057591,-0.2066339724768984,-0.08546521716138278,0.0,-20.66339724768984,-8.546521716138278,0.11984315707958393,0.08546521716138289,0.1288636097629936,11.984315707958393,8.546521716138288
Basketball,NBA,2026_04_03,d2565f4ec40ef0701e442d56c8d44ff2,2026-04-03T10:27:46Z,07:40 PM,New York Knicks,Chicago Bulls,-15.5,15.5,236.5,-1667,900,-110,-110,-115,-105,1.06,10.0,1.91,1.91,1.87,1.95,0.9,0.1,124.0,111.5,235.5,1,2025_NBA,,,,,,,,,,,,,,,,,,,,,,,,,under,236.5,-105.0,0.016432364936098898,0.017297226248525213,0.5212473666338969,3.17185708223785,0.004324306562131303,total,nba,,,,,,,,,,,,,,,,,,,,,,,0.4787526333661031,0.5212473666338969,2.0887613567136203,1.9184749199939068,2.0887613567136203,1.9184749199939068,0.53475935828877,0.5128205128205129,0.5104712041884817,0.4895287958115184,-0.10473257560538718,-0.03171857082237861,0.0,-10.473257560538718,-3.171857082237861,0.016432364936098898,0.0317185708223785,0.017297226248525213,1.6432364936098898,3.17185708223785
Basketball,NBA,2026_04_04,53273367f28e360f2e7814dd06e29a24,2026-04-04T10:22:04Z,03:10 PM,Denver Nuggets,San Antonio Spurs,2.5,-2.5,242.5,114,-135,-118,-102,-110,-110,2.14,1.74,1.85,1.98,1.91,1.91,0.431,0.569,116.0,118.9,234.9,1,2025_NBA,,,,,,,,,,,,,,,,,,,,,,,,,under,242.5,-110.0,0.2553421950628345,0.2805958187503676,0.6572472225459867,15.724722254598667,0.05,total,nba,,,,,,,,,,,,,,,,,,,,,,,0.34275277745401334,0.6572472225459867,2.917554767690157,1.5214974908928298,2.917554767690157,1.5214974908928298,0.5235602094240838,0.5235602094240838,0.5,0.5,-0.3453421950628346,-0.15724722254598666,0.0,-34.534219506283456,-15.724722254598667,0.2553421950628345,0.15724722254598666,0.2805958187503676,25.53421950628345,15.724722254598667
Basketball,NBA,2026_04_04,b146607a8fe26fe467294dfdbaa0ff2b,2026-04-04T10:22:04Z,03:10 PM,Miami Heat,Washington Wizards,-17.5,17.5,248.5,-2000,1100,-112,-108,-115,-105,1.05,12.0,1.89,1.93,1.87,1.95,0.902,0.098,124.9,112.2,237.1,1,2025_NBA,,,,,,,,,,,,,,,,,,,,,,,,,under,248.5,-105.0,0.42003181754197794,0.4421387553073453,0.7282214448933221,23.869264908180366,0.05,total,nba,,,,,,,,,,,,,,,,,,,,,,,0.2717785551066779,0.7282214448933221,3.67946617277247,1.3732086675180117,3.67946617277247,1.3732086675180117,0.53475935828877,0.5128205128205129,0.5104712041884817,0.4895287958115184,-0.4917741019505123,-0.23869264908180376,0.0,-49.17741019505123,-23.869264908180376,0.42003181754197794,0.23869264908180365,0.4421387553073453,42.0031817541978,23.869264908180366
Basketball,NBA,2026_04_04,dc7b446ad8c325394b7d604d3e17ad7b,2026-04-04T10:22:04Z,07:10 PM,Philadelphia 76ers,Detroit Pistons,2.5,-2.5,228.5,120,-143,-108,-112,-105,-115,2.2,1.7,1.93,1.89,1.95,1.87,0.296,0.704,109.6,115.9,225.5,1,2025_NBA,,,,,,,,,,,,,,,,,,,,,,,,,under,228.5,-115.0,0.05374818989018526,0.061779528609408337,0.5635017058236285,5.303050163514678,0.015444882152352084,total,nba,,,,,,,,,,,,,,,,,,,,,,,0.43649829417637154,0.5635017058236285,2.2909596975330673,1.7746175205244046,2.2909596975330673,1.7746175205244046,0.5128205128205129,0.53475935828877,0.4895287958115184,0.5104712041884817,-0.14882832635607557,-0.05303050163514689,0.0,-14.882832635607556,-5.303050163514689,0.05374818989018526,0.053030501635146776,0.061779528609408337,5.374818989018526,5.303050163514678
Basketball,NBA,2026_04_05,8071f80d106d512c88016b240e766d84,2026-04-05T10:21:52Z,03:40 PM,Chicago Bulls,Phoenix Suns,9.5,-9.5,237.5,390,-526,-102,-118,-110,-110,4.9,1.19,1.98,1.85,1.91,1.91,0.231,0.769,109.9,118.5,228.4,1,2025_NBA,,,,,,,,,,,,,,,,,,,,,,,,,under,237.5,-110.0,0.3104935740460619,0.3412017297209473,0.6861222900764723,18.61222900764723,0.05,total,nba,,,,,,,,,,,,,,,,,,,,,,,0.3138777099235277,0.6861222900764723,3.185954173820235,1.457466131713261,3.185954173820235,1.457466131713261,0.5235602094240838,0.5235602094240838,0.5,0.5,-0.4004935740460621,-0.1861222900764723,0.0,-40.04935740460621,-18.61222900764723,0.3104935740460619,0.1861222900764723,0.3412017297209473,31.04935740460619,18.61222900764723
Basketball,NBA,2026_04_05,4f3d29a0317850ac56b0c6db31223705,2026-04-05T10:21:52Z,06:10 PM,Cleveland Cavaliers,Indiana Pacers,-16.5,16.5,240.5,-2000,1100,-110,-110,-105,-115,1.05,12.0,1.91,1.91,1.95,1.87,0.908,0.092,124.2,111.2,235.4,1,2025_NBA,,,,,,,,,,,,,,,,,,,,,,,,,under,240.5,-115.0,0.13526418680929475,0.15547607679229292,0.6070931480263608,9.662194383787915,0.03886901919807323,total,nba,,,,,,,,,,,,,,,,,,,,,,,0.39290685197363917,0.6070931480263608,2.5451325039938264,1.6471936855999214,2.5451325039938264,1.6471936855999214,0.5128205128205129,0.53475935828877,0.4895287958115184,0.5104712041884817,-0.23383163865140366,-0.09662194383787925,0.0,-23.383163865140368,-9.662194383787925,0.13526418680929475,0.09662194383787914,0.15547607679229292,13.526418680929474,9.662194383787915
Basketball,NBA,2026_04_05,c6dfafffbada89cc908addd3a1f7748b,2026-04-05T10:21:52Z,07:40 PM,Dallas Mavericks,Los Angeles Lakers,1.5,-1.5,232.5,102,-122,-110,-110,-110,-110,2.02,1.82,1.91,1.91,1.91,1.91,0.388,0.612,115.1,119.3,234.4,1,2025_NBA,,,,,,,,,,,,,,,,,,,,,,,,,over,232.5,-110.0,0.03201160338315878,0.03517758613533933,0.5403202111953711,4.03202111953711,0.008794396533834832,total,nba,,,,,,,,,,,,,,,,,,,,,,,0.5403202111953711,0.45967978880462884,1.8507543846780443,2.175427383049499,1.8507543846780443,2.175427383049499,0.5235602094240838,0.5235602094240838,0.5,0.5,0.03201160338315878,0.0403202111953711,0.03517758613533933,3.201160338315878,4.03202111953711,-0.12201160338315897,-0.04032021119537116,0.0,-12.201160338315898,-4.032021119537116
Basketball,NBA,2026_04_05,8516988340b00d09278e04abd65885ad,2026-04-05T10:21:52Z,10:10 PM,Golden State Warriors,Houston Rockets,3.5,-3.5,225.5,136,-161,-108,-112,-112,-108,2.36,1.62,1.93,1.89,1.89,1.93,0.399,0.601,108.8,112.5,221.3,1,2025_NBA,,,,,,,,,,,,,,,,,,,,,,,,,under,225.5,-108.0,0.13588504697284276,0.14611295373423966,0.5885414751154626,9.377707720970353,0.036528238433559915,total,nba,,,,,,,,,,,,,,,,,,,,,,,0.4114585248845374,0.5885414751154626,2.4303786153917164,1.6991155972547485,2.4303786153917164,1.6991155972547485,0.5291005291005292,0.5181347150259068,0.5052356020942408,0.4947643979057591,-0.2223433879682244,-0.09377707720970341,0.0,-22.23433879682244,-9.37770772097034,0.13588504697284276,0.09377707720970352,0.14611295373423966,13.588504697284275,9.377707720970353
Basketball,NBA,2026_04_05,8bce3373da945128589ce3cabae25443,2026-04-05T10:21:52Z,07:10 PM,Minnesota Timberwolves,Charlotte Hornets,1.5,-1.5,229.5,102,-122,-105,-115,-105,-115,2.02,1.82,1.95,1.87,1.95,1.87,0.479,0.521,112.6,113.9,226.5,1,2025_NBA,,,,,,,,,,,,,,,,,,,,,,,,,under,229.5,-115.0,0.05374818989018526,0.061779528609408337,0.5635017058236285,5.303050163514678,0.015444882152352084,total,nba,,,,,,,,,,,,,,,,,,,,,,,0.43649829417637154,0.5635017058236285,2.2909596975330673,1.7746175205244046,2.2909596975330673,1.7746175205244046,0.5128205128205129,0.53475935828877,0.4895287958115184,0.5104712041884817,-0.14882832635607557,-0.05303050163514689,0.0,-14.882832635607556,-5.303050163514689,0.05374818989018526,0.053030501635146776,0.061779528609408337,5.374818989018526,5.303050163514678
Basketball,NBA,2026_04_05,9f54cd277a7d7a9fe0de35d568dfa4af,2026-04-05T10:21:52Z,07:10 PM,New Orleans Pelicans,Orlando Magic,4.5,-4.5,236.5,164,-196,-108,-112,-108,-112,2.64,1.51,1.93,1.89,1.93,1.89,0.42,0.58,114.3,117.5,231.8,1,2025_NBA,,,,,,,,,,,,,,,,,,,,,,,,,under,236.5,-112.0,0.13187424957506177,0.14817331412928303,0.5988752643254296,9.36396622311888,0.03704332853232076,total,nba,,,,,,,,,,,,,,,,,,,,,,,0.4011247356745704,0.5988752643254296,2.4929901127097103,1.6697968000505006,2.4929901127097103,1.6697968000505006,0.5181347150259068,0.5291005291005292,0.4947643979057591,0.5052356020942408,-0.22582926014807914,-0.09363966223118869,0.0,-22.582926014807914,-9.363966223118869,0.13187424957506177,0.0936396622311888,0.14817331412928303,13.187424957506177,9.36396622311888
Basketball,NBA,2026_04_05,5441d9423f924c9a489ca00a7e321466,2026-04-05T10:21:52Z,07:10 PM,Oklahoma City Thunder,Utah Jazz,-22.5,22.5,239.5,-5000,1800,-110,-110,-105,-115,1.02,19.0,1.91,1.91,1.95,1.87,0.965,0.035,126.5,107.6,234.1,1,2025_NBA,,,,,,,,,,,,,,,,,,,,,,,,,under,239.5,-115.0,0.14673187907255136,0.1686573322673004,0.613225603782113,10.27543995936313,0.0421643330668251,total,nba,,,,,,,,,,,,,,,,,,,,,,,0.386774396217887,0.613225603782113,2.5854865517950576,1.6307212122788548,2.5854865517950576,1.6307212122788548,0.5128205128205129,0.53475935828877,0.4895287958115184,0.5104712041884817,-0.2457899273751204,-0.10275439959363142,0.0,-24.57899273751204,-10.275439959363142,0.14673187907255136,0.10275439959363131,0.1686573322673004,14.673187907255137,10.27543995936313
Basketball,NBA,2026_04_05,f01f7ab4597dc0c1a08e837d9b9beae9,2026-04-05T10:21:52Z,09:10 PM,Sacramento Kings,Los Angeles Clippers,11.5,-11.5,230.5,550,-833,-110,-110,-110,-110,6.5,1.12,1.91,1.91,1.91,1.91,0.178,0.822,108.3,118.6,226.9,1,2025_NBA,,,,,,,,,,,,,,,,,,,,,,,,,under,230.5,-110.0,0.1002745574045274,0.11019182132365637,0.5760599776987054,7.605997769870543,0.027547955330914094,total,nba,,,,,,,,,,,,,,,,,,,,,,,0.4239400223012946,0.5760599776987054,2.3588242378524455,1.7359303522436798,2.3588242378524455,1.7359303522436798,0.5235602094240838,0.5235602094240838,0.5,0.5,-0.19027455740452737,-0.07605997769870543,0.0,-19.027455740452737,-7.605997769870543,0.1002745574045274,0.07605997769870543,0.11019182132365637,10.02745574045274,7.605997769870543
Basketball,NBA,2026_04_06,dce0f3f389617fa7daa990c209ee8acc,2026-04-05T10:21:52Z,07:10 PM,Atlanta Hawks,New York Knicks,-1.5,1.5,230.5,-110,-110,100,-120,-110,-110,1.91,1.91,2.0,1.83,1.91,1.91,0.482,0.518,113.7,114.9,228.6,1,2025_NBA,,,,,,,,,,,,,,,,,,,,,,,,,under,230.5,-110.0,0.032011603383159004,0.03517758613533951,0.5403202111953712,4.032021119537122,0.008794396533834877,total,nba,,,,,,,,,,,,,,,,,,,,,,,0.4596797888046288,0.5403202111953712,2.1754273830494992,1.8507543846780439,2.1754273830494992,1.8507543846780439,0.5235602094240838,0.5235602094240838,0.5,0.5,-0.12201160338315908,-0.040320211195371214,0.0,-12.201160338315908,-4.032021119537122,0.032011603383159004,0.040320211195371214,0.03517758613533951,3.2011603383159004,4.032021119537122
Basketball,NBA,2026_04_06,14dede373d304abbddc590d2bcc81e4e,2026-04-05T10:21:52Z,08:10 PM,San Antonio Spurs,Philadelphia 76ers,-8.5,8.5,234.5,-323,260,-110,-110,-110,-110,1.31,3.6,1.91,1.91,1.91,1.91,0.8,0.2,120.5,111.9,232.4,1,2025_NBA,,,,,,,,,,,,,,,,,,,,,,,,,under,234.5,-110.0,0.04008592024052038,0.04405046180276959,0.5445476022201677,4.454760222016773,0.011012615450692398,total,nba,,,,,,,,,,,,,,,,,,,,,,,0.45545239777983226,0.5445476022201677,2.195619135774985,1.836386747316329,2.195619135774985,1.836386747316329,0.5235602094240838,0.5235602094240838,0.5,0.5,-0.13008592024052046,-0.04454760222016774,0.0,-13.008592024052046,-4.454760222016773,0.04008592024052038,0.04454760222016774,0.04405046180276959,4.008592024052038,4.454760222016773
Basketball,NBA,2026_04_07,d669fae8ce6b2ba2ca97fb61dc09e2ce,2026-04-07T09:44:29Z,07:40 PM,Brooklyn Nets,Milwaukee Bucks,2.5,-2.5,220.5,120,-143,-115,-105,-112,-108,2.2,1.7,1.87,1.95,1.89,1.93,0.417,0.583,107.5,110.9,218.4,1,2025_NBA,,,,,,,,,,,,,,,,,,,,,,,,,under,220.5,-108.0,0.05097687228492376,0.05481384116658457,0.5445476022201677,4.978320431440864,0.013703460291646142,total,nba,,,,,,,,,,,,,,,,,,,,,,,0.45545239777983226,0.5445476022201677,2.195619135774985,1.836386747316329,2.195619135774985,1.836386747316329,0.5291005291005292,0.5181347150259068,0.5052356020942408,0.4947643979057591,-0.1391949681961171,-0.049783204314408525,0.0,-13.919496819611709,-4.978320431440853,0.05097687228492376,0.049783204314408636,0.05481384116658457,5.097687228492376,4.978320431440864
Basketball,NBA,2026_04_07,74efed6fa8060207aa1784a960c6141c,2026-04-07T09:44:29Z,10:10 PM,Golden State Warriors,Sacramento Kings,-15.5,15.5,234.5,-1250,750,-110,-110,-110,-110,1.08,8.5,1.91,1.91,1.91,1.91,0.878,0.122,121.4,110.2,231.6,1,2025_NBA,,,,,,,,,,,,,,,,,,,,,,,,,under,234.5,-110.0,0.07227794684741795,0.07942631521694281,0.5614020664122608,6.140206641226076,0.019856578804235702,total,nba,,,,,,,,,,,,,,,,,,,,,,,0.43859793358773924,0.5614020664122608,2.279992502062154,1.7812545764048875,2.279992502062154,1.7812545764048875,0.5235602094240838,0.5235602094240838,0.5,0.5,-0.16227794684741803,-0.06140206641226076,0.0,-16.227794684741802,-6.140206641226076,0.07227794684741795,0.06140206641226076,0.07942631521694281,7.227794684741795,6.140206641226076
Basketball,NBA,2026_04_07,3133467540e08b88d68625ed9e975399,2026-04-07T09:44:29Z,10:40 PM,Los Angeles Clippers,Dallas Mavericks,-11.5,11.5,237.5,-588,425,-110,-110,-110,-110,1.17,5.25,1.91,1.91,1.91,1.91,0.826,0.174,122.7,113.2,235.9,1,2025_NBA,,,,,,,,,,,,,,,,,,,,,,,,,under,237.5,-110.0,0.019884069582918107,0.021850625915294686,0.5339707170591195,3.397071705911947,0.0054626564788236714,total,nba,,,,,,,,,,,,,,,,,,,,,,,0.46602928294088053,0.5339707170591195,2.145787907767285,1.8727618726127322,2.145787907767285,1.8727618726127322,0.5235602094240838,0.5235602094240838,0.5,0.5,-0.10988406958291819,-0.03397071705911947,0.0,-10.988406958291819,-3.397071705911947,0.019884069582918107,0.03397071705911947,0.021850625915294686,1.9884069582918107,3.397071705911947
Basketball,NBA,2026_04_07,9f4ac4d421b28dcb2764f555eb8a8f0c,2026-04-07T09:44:29Z,07:10 PM,Washington Wizards,Chicago Bulls,6.5,-6.5,249.5,205,-250,-112,-108,-115,-105,3.05,1.4,1.89,1.93,1.87,1.95,0.316,0.684,119.2,125.4,244.6,1,2025_NBA,,,,,,,,,,,,,,,,,,,,,,,,,under,249.5,-105.0,0.17583034902581351,0.18508457792190897,0.6029899225773403,11.346112676582187,0.04627114448047724,total,nba,,,,,,,,,,,,,,,,,,,,,,,0.3970100774226597,0.6029899225773403,2.518827749894603,1.6584025081642035,2.518827749894603,1.6584025081642035,0.53475935828877,0.5128205128205129,0.5104712041884817,0.4895287958115184,-0.2575911552196263,-0.11346112676582198,0.0,-25.759115521962627,-11.346112676582198,0.17583034902581351,0.11346112676582187,0.18508457792190897,17.583034902581353,11.346112676582187
Basketball,NBA,2026_04_08,c14b4c18b6b1e91a53302fdcc32910f2,2026-04-08T10:07:53Z,07:10 PM,Detroit Pistons,Milwaukee Bucks,-18.5,18.5,221.5,-1667,1000,-115,-105,-110,-110,1.06,11.0,1.87,1.95,1.91,1.91,0.941,0.059,117.6,101.7,219.3,1,2025_NBA,,,,,,,,,,,,,,,,,,,,,,,,,under,221.5,-110.0,0.04411952672395114,0.04848299639994631,0.5466594380753671,4.66594380753671,0.012120749099986578,total,nba,,,,,,,,,,,,,,,,,,,,,,,0.4533405619246329,0.5466594380753671,2.205847179777062,1.8292924814775293,2.205847179777062,1.8292924814775293,0.5235602094240838,0.5235602094240838,0.5,0.5,-0.13411952672395122,-0.0466594380753671,0.0,-13.411952672395122,-4.66594380753671,0.04411952672395114,0.0466594380753671,0.04848299639994631,4.411952672395114,4.66594380753671
Basketball,NBA,2026_04_08,68ab4a35de88dba88af31eeb3ba710fb,2026-04-08T10:07:53Z,10:10 PM,Los Angeles Clippers,Oklahoma City Thunder,6.5,-6.5,226.5,220,-270,-108,-112,-105,-115,3.2,1.37,1.93,1.89,1.95,1.87,0.265,0.735,108.5,116.1,224.6,1,2025_NBA,,,,,,,,,,,,,,,,,,,,,,,,,under,226.5,-115.0,0.010398794935344124,0.01195263785671751,0.5403202111953712,2.9849007006889527,0.0029881594641793774,total,nba,,,,,,,,,,,,,,,,,,,,,,,0.4596797888046288,0.5403202111953712,2.1754273830494992,1.8507543846780439,2.1754273830494992,1.8507543846780439,0.5128205128205129,0.53475935828877,0.4895287958115184,0.5104712041884817,-0.10362441183097393,-0.02984900700688964,0.0,-10.362441183097392,-2.984900700688964,0.010398794935344124,0.029849007006889527,0.01195263785671751,1.0398794935344124,2.9849007006889527
Basketball,NBA,2026_04_08,3e95057b94b2d930c8cc201db634eaf8,2026-04-08T10:07:53Z,10:10 PM,Phoenix Suns,Dallas Mavericks,-11.5,11.5,230.5,-588,425,-105,-115,-112,-108,1.17,5.25,1.95,1.87,1.89,1.93,0.821,0.179,119.5,110.1,229.6,1,2025_NBA,,,,,,,,,,,,,,,,,,,,,,,,,under,230.5,-108.0,0.0019099930994481706,0.0020537560209118923,0.5191243487561907,2.4359950850431633,0.0005134390052279731,total,nba,,,,,,,,,,,,,,,,,,,,,,,0.48087565124380927,0.5191243487561907,2.0795396843517637,1.9263207406779812,2.0795396843517637,1.9263207406779812,0.5291005291005292,0.5181347150259068,0.5052356020942408,0.4947643979057591,-0.09114501914920059,-0.024359950850431522,0.0,-9.114501914920059,-2.435995085043152,0.0019099930994481706,0.024359950850431633,0.0020537560209118923,0.19099930994481706,2.4359950850431633
Basketball,NBA,2026_04_08,08c9fd2b6b80f1f763e2c2eb3e935208,2026-04-08T10:07:53Z,08:10 PM,San Antonio Spurs,Portland Trail Blazers,-3.5,3.5,233.5,-167,140,-110,-110,-108,-112,1.6,2.4,1.91,1.91,1.93,1.89,0.639,0.361,117.5,113.4,230.9,1,2025_NBA,,,,,,,,,,,,,,,,,,,,,,,,,under,233.5,-112.0,0.04912577839474541,0.05519750381432082,0.5550930044416643,4.985740234742353,0.013799375953580205,total,nba,,,,,,,,,,,,,,,,,,,,,,,0.4449069955583357,0.5550930044416643,2.2476607695166733,1.8014999144257666,2.2476607695166733,1.8014999144257666,0.5181347150259068,0.5291005291005292,0.4947643979057591,0.5052356020942408,-0.14132949857241217,-0.04985740234742342,0.0,-14.132949857241217,-4.985740234742342,0.04912577839474541,0.04985740234742353,0.05519750381432082,4.912577839474541,4.985740234742353
Basketball,NBA,2026_04_09,53b49bbe56f8581f353bbbb5c6179ac5,2026-04-09T10:09:28Z,07:10 PM,Toronto Raptors,Miami Heat,-4.5,4.5,238.5,-169,142,-108,-112,-110,-110,1.59,2.42,1.93,1.89,1.91,1.91,0.62,0.38,120.3,116.7,237.0,1,2025_NBA,,,,,,,,,,,,,,,,,,,,,,,,,under,238.5,-110.0,0.015837730970160502,0.01740409996720922,0.5318522151676233,3.1852215167623266,0.004351024991802305,total,nba,,,,,,,,,,,,,,,,,,,,,,,0.46814778483237673,0.5318522151676233,2.1360776071130108,1.8802215568188074,2.1360776071130108,1.8802215568188074,0.5235602094240838,0.5235602094240838,0.5,0.5,-0.10583773097016047,-0.031852215167623266,0.0,-10.583773097016048,-3.1852215167623266,0.015837730970160502,0.031852215167623266,0.01740409996720922,1.5837730970160502,3.1852215167623266
Basketball,NBA,2026_04_10,70a2274c4f82c7a3f37879b7edf0cfa4,2026-04-10T09:37:06Z,07:10 PM,Atlanta Hawks,Cleveland Cavaliers,-7.5,7.5,233.5,-312,250,-115,-105,-110,-110,1.32,3.5,1.87,1.95,1.91,1.91,0.658,0.342,119.7,115.1,234.8,1,2025_NBA,,,,,,,,,,,,,,,,,,,,,,,,,over,233.5,-110.0,0.007739997078429095,0.008505491294976967,0.5276125639154079,2.7612563915407895,0.0021263728237442417,total,nba,,,,,,,,,,,,,,,,,,,,,,,0.5276125639154079,0.4723874360845921,1.895330150174987,2.116906428097564,1.895330150174987,2.116906428097564,0.5235602094240838,0.5235602094240838,0.5,0.5,0.007739997078429095,0.027612563915407895,0.008505491294976967,0.7739997078429095,2.7612563915407895,-0.09773999707842906,-0.027612563915407895,0.0,-9.773999707842906,-2.7612563915407895
Basketball,NBA,2026_04_10,1126b937945abff19e12dc1ac60f2ecb,2026-04-10T09:37:06Z,07:10 PM,Charlotte Hornets,Detroit Pistons,-4.5,4.5,223.5,-169,142,-108,-112,-110,-110,1.59,2.42,1.93,1.89,1.91,1.91,0.489,0.511,110.7,111.6,222.3,1,2025_NBA,,,,,,,,,,,,,,,,,,,,,,,,,under,223.5,-110.0,0.003688830429777523,0.004053659812942273,0.525491534256428,2.549153425642803,0.0010134149532355682,total,nba,,,,,,,,,,,,,,,,,,,,,,,0.47450846574357197,0.525491534256428,2.1074439597889234,1.9029802286253816,2.1074439597889234,1.9029802286253816,0.5235602094240838,0.5235602094240838,0.5,0.5,-0.0936888304297776,-0.025491534256428028,0.0,-9.36888304297776,-2.549153425642803,0.003688830429777523,0.025491534256428028,0.004053659812942273,0.3688830429777523,2.549153425642803
Basketball,NBA,2026_04_10,ebbf0d3885094991ff36055e753635a3,2026-04-10T09:37:06Z,08:10 PM,Chicago Bulls,Orlando Magic,14.5,-14.5,242.5,675,-1000,-105,-115,-110,-110,7.75,1.1,1.95,1.87,1.91,1.91,0.216,0.784,112.4,121.4,233.8,1,2025_NBA,,,,,,,,,,,,,,,,,,,,,,,,,under,242.5,-110.0,0.29598041009725673,0.32525319790907326,0.6785237749200297,17.85237749200297,0.05,total,nba,,,,,,,,,,,,,,,,,,,,,,,0.3214762250799703,0.6785237749200297,3.110649939202317,1.4737877093810887,3.110649939202317,1.4737877093810887,0.5235602094240838,0.5235602094240838,0.5,0.5,-0.3859804100972567,-0.1785237749200297,0.0,-38.59804100972567,-17.85237749200297,0.29598041009725673,0.1785237749200297,0.32525319790907326,29.598041009725673,17.85237749200297
Basketball,NBA,2026_04_10,1fbdc557471472d90b606f5e50853915,2026-04-10T09:37:06Z,09:40 PM,Houston Rockets,Minnesota Timberwolves,-10.5,10.5,221.5,-417,320,-105,-115,-112,-108,1.24,4.2,1.95,1.87,1.89,1.93,0.668,0.332,114.4,109.4,223.8,1,2025_NBA,,,,,,,,,,,,,,,,,,,,,,,,,over,221.5,-112.0,0.037175215378815185,0.04176990492001694,0.5487699552268863,4.353435313264553,0.010442476230004235,total,nba,,,,,,,,,,,,,,,,,,,,,,,0.5487699552268863,0.4512300447731136,1.8222571962536738,2.2161644854628806,1.8222571962536738,2.2161644854628806,0.5291005291005292,0.5181347150259068,0.5052356020942408,0.4947643979057591,0.037175215378815185,0.04353435313264553,0.04176990492001694,3.7175215378815185,4.353435313264553,-0.12912601358789078,-0.043534353132645476,0.0,-12.912601358789077,-4.353435313264548
Basketball,NBA,2026_04_10,1935906088ec1cf3d2f989ace06a8acb,2026-04-10T09:37:06Z,10:40 PM,Los Angeles Lakers,Phoenix Suns,1.5,-1.5,219.5,110,-130,-110,-110,-110,-110,2.1,1.77,1.91,1.91,1.91,1.91,0.458,0.542,109.4,111.6,221.0,1,2025_NBA,,,,,,,,,,,,,,,,,,,,,,,,,over,219.5,-110.0,0.015837730970160502,0.01740409996720922,0.5318522151676233,3.1852215167623266,0.004351024991802305,total,nba,,,,,,,,,,,,,,,,,,,,,,,0.5318522151676233,0.46814778483237673,1.8802215568188074,2.1360776071130108,1.8802215568188074,2.1360776071130108,0.5235602094240838,0.5235602094240838,0.5,0.5,0.015837730970160502,0.031852215167623266,0.01740409996720922,1.5837730970160502,3.1852215167623266,-0.10583773097016047,-0.031852215167623266,0.0,-10.583773097016048,-3.1852215167623266
Basketball,NBA,2026_04_10,d463e0aa51436ff32f8ee83d6d3893a8,2026-04-10T09:37:06Z,08:10 PM,Milwaukee Bucks,Brooklyn Nets,-9.5,9.5,219.5,-476,370,-110,-110,-105,-115,1.21,4.7,1.91,1.91,1.95,1.87,0.797,0.203,112.2,103.7,215.9,1,2025_NBA,,,,,,,,,,,,,,,,,,,,,,,,,under,219.5,-115.0,0.07723215829657915,0.08877259574319454,0.5760599776987054,6.558877351022375,0.022193148935798636,total,nba,,,,,,,,,,,,,,,,,,,,,,,0.4239400223012946,0.5760599776987054,2.3588242378524455,1.7359303522436798,2.3588242378524455,1.7359303522436798,0.5128205128205129,0.53475935828877,0.4895287958115184,0.5104712041884817,-0.17331695651247558,-0.06558877351022385,0.0,-17.331695651247557,-6.558877351022385,0.07723215829657915,0.06558877351022374,0.08877259574319454,7.7232158296579145,6.558877351022375
Basketball,NBA,2026_04_10,39083e08e7959b0ec516933d574379cd,2026-04-10T09:37:06Z,07:40 PM,New York Knicks,Toronto Raptors,-6.5,6.5,219.5,-263,215,-115,-105,-110,-110,1.38,3.15,1.87,1.95,1.91,1.91,0.64,0.36,113.9,109.7,223.6,1,2025_NBA,,,,,,,,,,,,,,,,,,,,,,,,,over,219.5,-110.0,0.12015211916855173,0.13203529578961729,0.5864670780987182,8.646707809871824,0.03300882394740432,total,nba,,,,,,,,,,,,,,,,,,,,,,,0.5864670780987182,0.4135329219012818,1.7051255515346644,2.4181871552144982,1.7051255515346644,2.4181871552144982,0.5235602094240838,0.5235602094240838,0.5,0.5,0.12015211916855173,0.08646707809871823,0.13203529578961729,12.015211916855172,8.646707809871824,-0.2101521191685517,-0.08646707809871818,0.0,-21.01521191685517,-8.646707809871817
Basketball,NBA,2026_04_10,d6099dffbcac5bbcdf69fd35c6229ff7,2026-04-10T09:37:06Z,10:10 PM,Sacramento Kings,Golden State Warriors,11.5,-11.5,230.5,400,-526,-110,-110,-110,-110,5.0,1.19,1.91,1.91,1.91,1.91,0.199,0.801,108.9,118.3,227.2,1,2025_NBA,,,,,,,,,,,,,,,,,,,,,,,,,under,230.5,-110.0,0.08829826281025155,0.09703105803324359,0.5697896663928019,6.978966639280193,0.024257764508310898,total,nba,,,,,,,,,,,,,,,,,,,,,,,0.43021033360719807,0.5697896663928019,2.3244443981976644,1.755033583411145,2.3244443981976644,1.755033583411145,0.5235602094240838,0.5235602094240838,0.5,0.5,-0.17829826281025174,-0.06978966639280193,0.0,-17.829826281025174,-6.978966639280193,0.08829826281025155,0.06978966639280193,0.09703105803324359,8.829826281025156,6.978966639280193
Basketball,NBA,2026_04_10,88bf78be502ce70dd7e5e669cd9f95df,2026-04-10T09:37:06Z,09:40 PM,Utah Jazz,Memphis Grizzlies,-3.5,3.5,248.5,-169,142,-118,-102,-108,-112,1.59,2.42,1.85,1.98,1.93,1.89,0.667,0.333,123.0,118.2,241.2,1,2025_NBA,,,,,,,,,,,,,,,,,,,,,,,,,under,248.5,-112.0,0.23105762227562798,0.25961530592767207,0.6513532392992741,14.611763720503335,0.05,total,nba,,,,,,,,,,,,,,,,,,,,,,,0.34864676070072587,0.6513532392992741,2.868232585870453,1.5352652595629985,2.868232585870453,1.5352652595629985,0.5181347150259068,0.5291005291005292,0.4947643979057591,0.5052356020942408,-0.3271117518475991,-0.14611763720503324,0.0,-32.71117518475991,-14.611763720503323,0.23105762227562798,0.14611763720503335,0.25961530592767207,23.1057622275628,14.611763720503335
Basketball,NBA,2026_04_10,f47d78a747510d6ef00500f74872372d,2026-04-10T09:37:06Z,07:10 PM,Washington Wizards,Miami Heat,18.5,-18.5,249.5,1000,-1667,-115,-105,-110,-110,11.0,1.06,1.87,1.95,1.91,1.91,0.08,0.92,112.4,127.2,239.6,1,2025_NBA,,,,,,,,,,,,,,,,,,,,,,,,,under,249.5,-110.0,0.3390673413740066,0.3726014740373698,0.701082377682726,20.108237768272595,0.05,total,nba,,,,,,,,,,,,,,,,,,,,,,,0.29891762231727403,0.701082377682726,3.3454032995705765,1.4263659048245951,3.3454032995705765,1.4263659048245951,0.5235602094240838,0.5235602094240838,0.5,0.5,-0.4290673413740066,-0.20108237768272597,0.0,-42.90673413740066,-20.108237768272595,0.3390673413740066,0.20108237768272597,0.3726014740373698,33.90673413740066,20.108237768272595
Basketball,NBA,2026_04_12,c8cde1aa908581185caf0bb87659055a,2026-04-12T09:53:29Z,08:40 PM,Dallas Mavericks,Chicago Bulls,-6.5,6.5,246.5,-278,225,-108,-112,-108,-112,1.36,3.25,1.93,1.89,1.93,1.89,0.694,0.306,123.8,118.5,242.3,1,2025_NBA,,,,,,,,,,,,,,,,,,,,,,,,,under,246.5,-112.0,0.1123433879682243,0.1262285258069936,0.5885414751154626,8.330587302122183,0.0315571314517484,total,nba,,,,,,,,,,,,,,,,,,,,,,,0.4114585248845374,0.5885414751154626,2.4303786153917164,1.6991155972547485,2.4303786153917164,1.6991155972547485,0.5181347150259068,0.5291005291005292,0.4947643979057591,0.5052356020942408,-0.20588504697284293,-0.08330587302122172,0.0,-20.588504697284293,-8.330587302122172,0.1123433879682243,0.08330587302122183,0.1262285258069936,11.23433879682243,8.330587302122183
Basketball,NBA,2026_04_12,fdd561cce076bab5eb0f0651d1d0f8e4,2026-04-12T09:53:29Z,08:40 PM,Houston Rockets,Memphis Grizzlies,-13.5,13.5,225.5,-833,550,-108,-112,-112,-108,1.12,6.5,1.93,1.89,1.89,1.93,0.893,0.107,119.6,107.5,227.1,1,2025_NBA,,,,,,,,,,,,,,,,,,,,,,,,,over,225.5,-112.0,0.009204655241735749,0.010342309260377247,0.5339707170591195,2.8735114964878683,0.0025855773150943117,total,nba,,,,,,,,,,,,,,,,,,,,,,,0.5339707170591195,0.4660292829408806,1.8727618726127322,2.1457879077672843,1.8727618726127322,2.1457879077672843,0.5291005291005292,0.5181347150259068,0.5052356020942408,0.4947643979057591,0.009204655241735749,0.028735114964878683,0.010342309260377247,0.9204655241735749,2.8735114964878683,-0.10056348392410053,-0.028735114964878516,0.0,-10.056348392410053,-2.8735114964878514
Basketball,NBA,2026_04_12,06ccc7d0ba2acaf031c7d42eea09672c,2026-04-12T09:53:29Z,08:40 PM,Los Angeles Clippers,Golden State Warriors,-5.5,5.5,225.5,-244,200,-118,-102,-108,-112,1.41,3.0,1.85,1.98,1.93,1.89,0.681,0.319,114.3,109.1,223.4,1,2025_NBA,,,,,,,,,,,,,,,,,,,,,,,,,under,225.5,-112.0,0.029194968196117,0.0328033350518168,0.5445476022201677,3.931200012592695,0.0082008337629542,total,nba,,,,,,,,,,,,,,,,,,,,,,,0.45545239777983226,0.5445476022201677,2.195619135774985,1.836386747316329,2.195619135774985,1.836386747316329,0.5181347150259068,0.5291005291005292,0.4947643979057591,0.5052356020942408,-0.12097687228492371,-0.03931200012592684,0.0,-12.09768722849237,-3.931200012592684,0.029194968196117,0.03931200012592695,0.0328033350518168,2.9194968196117,3.931200012592695
Basketball,NBA,2026_04_12,3f3bec3a69985062b105b5fe8bf06fe9,2026-04-12T09:53:29Z,08:40 PM,Los Angeles Lakers,Utah Jazz,-14.5,14.5,236.5,-1250,750,-108,-112,-110,-110,1.08,8.5,1.93,1.89,1.91,1.91,0.867,0.133,122.7,111.8,234.5,1,2025_NBA,,,,,,,,,,,,,,,,,,,,,,,,,under,236.5,-110.0,0.036049908052444124,0.039615283574114424,0.5424345068337404,4.243450683374039,0.009903820893528606,total,nba,,,,,,,,,,,,,,,,,,,,,,,0.4575654931662596,0.5424345068337404,2.185479488586879,1.8435405332841523,2.185479488586879,1.8435405332841523,0.5235602094240838,0.5235602094240838,0.5,0.5,-0.1260499080524442,-0.04243450683374039,0.0,-12.60499080524442,-4.243450683374039,0.036049908052444124,0.04243450683374039,0.039615283574114424,3.6049908052444124,4.243450683374039
Basketball,NBA,2026_04_12,47ede7b5685ae38218b5c2ea1ffd1699,2026-04-12T09:53:29Z,08:40 PM,Minnesota Timberwolves,New Orleans Pelicans,-6.5,6.5,236.5,-270,220,-105,-115,-108,-112,1.37,3.2,1.95,1.87,1.93,1.89,0.635,0.365,118.6,114.5,233.1,1,2025_NBA,,,,,,,,,,,,,,,,,,,,,,,,,under,236.5,-112.0,0.0808566169705689,0.09085013142760538,0.5718818079209359,6.664620582669512,0.022712532856901346,total,nba,,,,,,,,,,,,,,,,,,,,,,,0.4281181920790641,0.5718818079209359,2.3358035666359207,1.7486130633101946,2.3358035666359207,1.7486130633101946,0.5181347150259068,0.5291005291005292,0.4947643979057591,0.5052356020942408,-0.17373188928740635,-0.066646205826695,0.0,-17.373188928740635,-6.6646205826695,0.0808566169705689,0.06664620582669512,0.09085013142760538,8.085661697056889,6.664620582669512
Basketball,NBA,2026_04_12,38b10a0526d5b246097a502269bcdf71,2026-04-12T09:53:29Z,06:10 PM,New York Knicks,Charlotte Hornets,13.5,-13.5,219.5,525,-769,-115,-105,-112,-108,6.25,1.13,1.87,1.95,1.89,1.93,0.149,0.851,103.2,114.4,217.6,1,2025_NBA,,,,,,,,,,,,,,,,,,,,,,,,,under,219.5,-108.0,0.04281800760706633,0.0460408683946951,0.5403202111953712,4.555581328961211,0.011510217098673775,total,nba,,,,,,,,,,,,,,,,,,,,,,,0.4596797888046288,0.5403202111953712,2.1754273830494992,1.8507543846780439,2.1754273830494992,1.8507543846780439,0.5291005291005292,0.5181347150259068,0.5052356020942408,0.4947643979057591,-0.13120519915925166,-0.045555813289612,0.0,-13.120519915925167,-4.5555813289612,0.04281800760706633,0.04555581328961211,0.0460408683946951,4.281800760706633,4.555581328961211
Basketball,NBA,2026_04_12,23c66e71d25675800d939e532e38bcd2,2026-04-12T09:53:29Z,06:10 PM,Philadelphia 76ers,Milwaukee Bucks,-15.5,15.5,226.5,-1111,700,-105,-115,-115,-105,1.09,8.0,1.95,1.87,1.87,1.95,0.943,0.057,120.4,104.5,224.9,1,2025_NBA,,,,,,,,,,,,,,,,,,,,,,,,,under,226.5,-105.0,0.041242898265283046,0.04341357712135046,0.5339707170591195,4.444192124760105,0.010853394280337615,total,nba,,,,,,,,,,,,,,,,,,,,,,,0.46602928294088053,0.5339707170591195,2.145787907767285,1.8727618726127322,2.145787907767285,1.8727618726127322,0.53475935828877,0.5128205128205129,0.5104712041884817,0.4895287958115184,-0.1285252409005534,-0.04444192124760116,0.0,-12.85252409005534,-4.444192124760116,0.041242898265283046,0.044441921247601046,0.04341357712135046,4.124289826528305,4.444192124760105
Basketball,NBA,2026_04_12,3f5adb3e93b0c63eb14ed1d0e8b90a43,2026-04-12T09:53:29Z,08:40 PM,Portland Trail Blazers,Sacramento Kings,-16.5,16.5,228.5,-1429,850,-112,-108,-110,-110,1.07,9.5,1.89,1.93,1.91,1.91,0.897,0.103,121.7,109.4,231.1,1,2025_NBA,,,,,,,,,,,,,,,,,,,,,,,,,over,228.5,-110.0,0.060227638483578705,0.06618421811382288,0.5550930044416643,5.509300444166431,0.01654605452845572,total,nba,,,,,,,,,,,,,,,,,,,,,,,0.5550930044416643,0.4449069955583357,1.8014999144257666,2.2476607695166733,1.8014999144257666,2.2476607695166733,0.5235602094240838,0.5235602094240838,0.5,0.5,0.060227638483578705,0.05509300444166432,0.06618421811382288,6.0227638483578705,5.509300444166431,-0.1502276384835789,-0.05509300444166432,0.0,-15.02276384835789,-5.509300444166431
Basketball,NBA,2026_04_12,09604d4c311c1eb2215317d12154f42a,2026-04-12T09:53:29Z,08:40 PM,San Antonio Spurs,Denver Nuggets,-11.5,11.5,233.5,-526,390,-105,-115,-108,-112,1.19,4.9,1.95,1.87,1.93,1.89,0.732,0.268,121.2,114.3,235.5,1,2025_NBA,,,,,,,,,,,,,,,,,,,,,,,,,over,233.5,-108.0,0.04689859818911901,0.05042860020335366,0.5424345068337404,4.76701089279813,0.012607150050838414,total,nba,,,,,,,,,,,,,,,,,,,,,,,0.5424345068337404,0.4575654931662596,1.8435405332841523,2.185479488586879,1.8435405332841523,2.185479488586879,0.5181347150259068,0.5291005291005292,0.4947643979057591,0.5052356020942408,0.04689859818911901,0.04767010892798129,0.05042860020335366,4.689859818911901,4.76701089279813,-0.13520121791576933,-0.04767010892798118,0.0,-13.520121791576933,-4.767010892798118
Basketball,NBA,2026_04_14,25f53495c4044a1d8fb682e3715eb7b3,2026-04-14T09:52:37Z,07:40 PM,Charlotte Hornets,Miami Heat,-5.5,5.5,228.5,-217,180,-110,-110,-110,-110,1.46,2.8,1.91,1.91,1.91,1.91,0.648,0.352,115.1,110.7,225.8,1,2025_NBA,,,,,,,,,,,,,,,,,,,,,,,,,under,228.5,-110.0,0.0642475255658792,0.07060167644602111,0.5571976573643347,5.719765736433469,0.017650419111505278,total,nba,,,,,,,,,,,,,,,,,,,,,,,0.4428023426356653,0.5571976573643347,2.2583439691121803,1.794695269772339,2.2583439691121803,1.794695269772339,0.5235602094240838,0.5235602094240838,0.5,0.5,-0.15424752556587928,-0.057197657364334686,0.0,-15.42475255658793,-5.719765736433469,0.0642475255658792,0.057197657364334686,0.07060167644602111,6.42475255658792,5.719765736433469
Basketball,NBA,2026_04_14,0999cb23cd03811476b378dd4045ea16,2026-04-14T09:52:37Z,10:10 PM,Phoenix Suns,Portland Trail Blazers,-3.5,3.5,217.5,-161,136,-110,-110,-110,-110,1.62,2.36,1.91,1.91,1.91,1.91,0.58,0.42,108.9,106.4,215.3,1,2025_NBA,,,,,,,,,,,,,,,,,,,,,,,,,under,217.5,-110.0,0.04411952672395114,0.04848299639994631,0.5466594380753671,4.66594380753671,0.012120749099986578,total,nba,,,,,,,,,,,,,,,,,,,,,,,0.4533405619246329,0.5466594380753671,2.205847179777062,1.8292924814775293,2.205847179777062,1.8292924814775293,0.5235602094240838,0.5235602094240838,0.5,0.5,-0.13411952672395122,-0.0466594380753671,0.0,-13.411952672395122,-4.66594380753671,0.04411952672395114,0.0466594380753671,0.04848299639994631,4.411952672395114,4.66594380753671
Basketball,NBA,2026_04_15,7cfae0891b99865ef7fc9d357b69ca28,2026-04-15T10:06:15Z,10:10 PM,Los Angeles Clippers,Golden State Warriors,-5.5,5.5,221.5,-204,170,-105,-115,-110,-110,1.49,2.7,1.95,1.87,1.91,1.91,0.606,0.394,110.7,107.6,218.3,1,2025_NBA,,,,,,,,,,,,,,,,,,,,,,,,,under,221.5,-110.0,0.08429852671514104,0.09263574364301226,0.5676955637252048,6.76955637252048,0.023158935910753065,total,nba,,,,,,,,,,,,,,,,,,,,,,,0.4323044362747952,0.5676955637252048,2.3131846821121864,1.761507511945353,2.3131846821121864,1.761507511945353,0.5235602094240838,0.5235602094240838,0.5,0.5,-0.17429852671514123,-0.0676955637252048,0.0,-17.429852671514123,-6.76955637252048,0.08429852671514104,0.0676955637252048,0.09263574364301226,8.429852671514105,6.76955637252048
Basketball,NBA,2026_04_15,f7264c00c662a127d58f4ab12fc498bc,2026-04-15T10:06:15Z,07:40 PM,Philadelphia 76ers,Orlando Magic,-2.5,2.5,222.5,-130,110,-105,-115,-110,-110,1.77,2.1,1.95,1.87,1.91,1.91,0.471,0.529,109.7,111.5,221.2,1,2025_NBA,,,,,,,,,,,,,,,,,,,,,,,,,under,222.5,-110.0,0.007739997078429095,0.008505491294976967,0.5276125639154079,2.7612563915407895,0.0021263728237442417,total,nba,,,,,,,,,,,,,,,,,,,,,,,0.4723874360845921,0.5276125639154079,2.116906428097564,1.895330150174987,2.116906428097564,1.895330150174987,0.5235602094240838,0.5235602094240838,0.5,0.5,-0.09773999707842906,-0.027612563915407895,0.0,-9.773999707842906,-2.7612563915407895,0.007739997078429095,0.027612563915407895,0.008505491294976967,0.7739997078429095,2.7612563915407895
Basketball,NBA,2026_04_17,fc16dfbe5b438857b93902fa811dd8f6,2026-04-17T10:05:38Z,07:40 PM,Orlando Magic,Charlotte Hornets,3.5,-3.5,217.5,136,-161,-115,-105,-115,-105,2.36,1.62,1.87,1.95,1.87,1.95,0.404,0.596,106.5,110.3,216.8,1,2025_NBA,,,,,,,,,,,,,,,,,,,,,,,,,under,217.5,-105.0,0.004009653675851599,0.00422068807984373,0.5148767454747957,2.5347949663277247,0.0010551720199609325,total,nba,,,,,,,,,,,,,,,,,,,,,,,0.48512325452520433,0.5148767454747957,2.0613318175784245,1.942212400907417,2.0613318175784245,1.942212400907417,0.53475935828877,0.5128205128205129,0.5104712041884817,0.4895287958115184,-0.09281951403786781,-0.025347949663277358,0.0,-9.281951403786781,-2.534794966327736,0.004009653675851599,0.025347949663277247,0.00422068807984373,0.4009653675851599,2.5347949663277247
Basketball,NBA,2026_04_17,c8d1b7fd06c21e259b9416daf596f023,2026-04-17T10:05:38Z,10:10 PM,Phoenix Suns,Golden State Warriors,-3.5,3.5,219.5,-154,130,-112,-108,-112,-108,1.65,2.3,1.89,1.93,1.89,1.93,0.607,0.393,105.9,102.7,208.6,1,2025_NBA,,,,,,,,,,,,,,,,,,,,,,,,,under,219.5,-108.0,0.38827323375128686,0.4174981008078355,0.7193125563478171,22.4548158442058,0.05,total,nba,,,,,,,,,,,,,,,,,,,,,,,0.2806874436521829,0.7193125563478171,3.562681632596154,1.3902162435163428,3.562681632596154,1.3902162435163428,0.5291005291005292,0.5181347150259068,0.5052356020942408,0.4947643979057591,-0.46950073149737437,-0.2245481584420579,0.0,-46.950073149737435,-22.45481584420579,0.38827323375128686,0.224548158442058,0.4174981008078355,38.827323375128685,22.4548158442058
Basketball,NBA,2026_04_18,2a8e5a45f1bcb477a6f9cbd7739d005e,2026-04-18T09:29:27Z,01:10 PM,Cleveland Cavaliers,Toronto Raptors,-8.5,8.5,219.5,-357,280,-105,-115,-115,-105,1.28,3.8,1.95,1.87,1.87,1.95,0.725,0.275,112.0,105.4,217.4,1,2025_NBA,,,,,,,,,,,,,,,,,,,,,,,,,under,219.5,-105.0,0.06186782432932714,0.06512402560981792,0.5445476022201677,5.501880640864931,0.01628100640245448,total,nba,,,,,,,,,,,,,,,,,,,,,,,0.45545239777983226,0.5445476022201677,2.195619135774985,1.836386747316329,2.195619135774985,1.836386747316329,0.53475935828877,0.5128205128205129,0.5104712041884817,0.4895287958115184,-0.14830401615171362,-0.05501880640864942,0.0,-14.830401615171363,-5.501880640864942,0.06186782432932714,0.05501880640864931,0.06512402560981792,6.186782432932714,5.501880640864931
Basketball,NBA,2026_04_18,526f783434e5dabca25ee032d8fee612,2026-04-18T09:29:27Z,03:40 PM,Denver Nuggets,Minnesota Timberwolves,-6.5,6.5,231.5,-256,210,-115,-105,-110,-110,1.39,3.1,1.87,1.95,1.91,1.91,0.72,0.28,118.2,111.8,230.0,1,2025_NBA,,,,,,,,,,,,,,,,,,,,,,,,,under,231.5,-110.0,0.015837730970160502,0.01740409996720922,0.5318522151676233,3.1852215167623266,0.004351024991802305,total,nba,,,,,,,,,,,,,,,,,,,,,,,0.46814778483237673,0.5318522151676233,2.1360776071130108,1.8802215568188074,2.1360776071130108,1.8802215568188074,0.5235602094240838,0.5235602094240838,0.5,0.5,-0.10583773097016047,-0.031852215167623266,0.0,-10.583773097016048,-3.1852215167623266,0.015837730970160502,0.031852215167623266,0.01740409996720922,1.5837730970160502,3.1852215167623266
Basketball,NBA,2026_04_18,bee2c9ea4bf8df373aa45af7005b583d,2026-04-18T09:29:27Z,06:10 PM,New York Knicks,Atlanta Hawks,-5.5,5.5,216.5,-227,185,-105,-115,-110,-110,1.44,2.85,1.95,1.87,1.91,1.91,0.63,0.37,109.4,105.6,215.0,1,2025_NBA,,,,,,,,,,,,,,,,,,,,,,,,,under,216.5,-110.0,0.015837730970160502,0.01740409996720922,0.5318522151676233,3.1852215167623266,0.004351024991802305,total,nba,,,,,,,,,,,,,,,,,,,,,,,0.46814778483237673,0.5318522151676233,2.1360776071130108,1.8802215568188074,2.1360776071130108,1.8802215568188074,0.5235602094240838,0.5235602094240838,0.5,0.5,-0.10583773097016047,-0.031852215167623266,0.0,-10.583773097016048,-3.1852215167623266,0.015837730970160502,0.031852215167623266,0.01740409996720922,1.5837730970160502,3.1852215167623266
Basketball,NBA,2026_04_19,00d1efd43d0790297fb68684a9171191,2026-04-19T10:47:51Z,01:10 PM,Boston Celtics,Philadelphia 76ers,-12.5,12.5,213.5,-833,550,-110,-110,-110,-110,1.12,6.5,1.91,1.91,1.91,1.91,0.792,0.208,110.3,101.9,212.2,1,2025_NBA,,,,,,,,,,,,,,,,,,,,,,,,,under,213.5,-110.0,0.007739997078429095,0.008505491294976967,0.5276125639154079,2.7612563915407895,0.0021263728237442417,total,nba,,,,,,,,,,,,,,,,,,,,,,,0.4723874360845921,0.5276125639154079,2.116906428097564,1.895330150174987,2.116906428097564,1.895330150174987,0.5235602094240838,0.5235602094240838,0.5,0.5,-0.09773999707842906,-0.027612563915407895,0.0,-9.773999707842906,-2.7612563915407895,0.007739997078429095,0.027612563915407895,0.008505491294976967,0.7739997078429095,2.7612563915407895
Basketball,NBA,2026_04_19,ef6021edff80a85fe2dae5cf3530d9d4,2026-04-19T10:47:51Z,03:40 PM,Oklahoma City Thunder,Phoenix Suns,-14.5,14.5,215.5,-1111,700,-102,-118,-110,-110,1.09,8.0,1.98,1.85,1.91,1.91,0.855,0.145,108.7,98.1,206.8,1,2025_NBA,,,,,,,,,,,,,,,,,,,,,,,,,under,215.5,-110.0,0.29598041009725673,0.32525319790907326,0.6785237749200297,17.85237749200297,0.05,total,nba,,,,,,,,,,,,,,,,,,,,,,,0.3214762250799703,0.6785237749200297,3.110649939202317,1.4737877093810887,3.110649939202317,1.4737877093810887,0.5235602094240838,0.5235602094240838,0.5,0.5,-0.3859804100972567,-0.1785237749200297,0.0,-38.59804100972567,-17.85237749200297,0.29598041009725673,0.1785237749200297,0.32525319790907326,29.598041009725673,17.85237749200297
Basketball,NBA,2026_04_20,273905d6a4ae9217ec0734b66a0eb28b,2026-04-20T10:04:07Z,07:10 PM,Cleveland Cavaliers,Toronto Raptors,-8.5,8.5,222.5,-345,275,-110,-110,-110,-110,1.29,3.75,1.91,1.91,1.91,1.91,0.731,0.269,113.1,106.3,219.4,1,2025_NBA,,,,,,,,,,,,,,,,,,,,,,,,,under,222.5,-110.0,0.080295154998824,0.08823643406464177,0.5655995575910073,6.559955759100733,0.02205910851616044,total,nba,,,,,,,,,,,,,,,,,,,,,,,0.43440044240899267,0.5655995575910073,2.3020234382231344,1.7680353291986015,2.3020234382231344,1.7680353291986015,0.5235602094240838,0.5235602094240838,0.5,0.5,-0.17029515499882408,-0.06559955759100733,0.0,-17.029515499882407,-6.559955759100733,0.080295154998824,0.06559955759100733,0.08823643406464177,8.0295154998824,6.559955759100733
Basketball,NBA,2026_04_20,a1b444bd00a27cbae3cf7ca3bf75a3f0,2026-04-20T10:04:07Z,08:10 PM,New York Knicks,Atlanta Hawks,-5.5,5.5,216.5,-233,190,-115,-105,-115,-105,1.43,2.9,1.87,1.95,1.87,1.95,0.642,0.358,109.1,104.9,214.0,1,2025_NBA,,,,,,,,,,,,,,,,,,,,,,,,,under,216.5,-105.0,0.07832425472147353,0.08244658391734044,0.5529867972930633,6.34580014815449,0.02061164597933511,total,nba,,,,,,,,,,,,,,,,,,,,,,,0.4470132027069367,0.5529867972930633,2.2370703906381113,1.8083614380942183,2.2370703906381113,1.8083614380942183,0.53475935828877,0.5128205128205129,0.5104712041884817,0.4895287958115184,-0.16408531093802836,-0.06345800148154501,0.0,-16.408531093802836,-6.345800148154501,0.07832425472147353,0.0634580014815449,0.08244658391734044,7.832425472147353,6.34580014815449
Basketball,NBA,2026_04_21,d1a7a6e7b024f888e922a62b14fcf466,2026-04-21T10:05:48Z,07:10 PM,Boston Celtics,Philadelphia 76ers,-13.5,13.5,216.5,-833,575,-110,-110,-110,-110,1.12,6.75,1.91,1.91,1.91,1.91,0.837,0.163,109.7,99.8,209.5,1,2025_NBA,,,,,,,,,,,,,,,,,,,,,,,,,under,216.5,-110.0,0.2327569641991818,0.2557768837353645,0.6454224943451213,14.542249434512133,0.05,total,nba,,,,,,,,,,,,,,,,,,,,,,,0.35457750565487867,0.6454224943451213,2.8202578676080234,1.5493727113038587,2.8202578676080234,1.5493727113038587,0.5235602094240838,0.5235602094240838,0.5,0.5,-0.32275696419918176,-0.14542249434512133,0.0,-32.27569641991818,-14.542249434512133,0.2327569641991818,0.14542249434512133,0.2557768837353645,23.27569641991818,14.542249434512133
Basketball,NBA,2026_04_21,680084e4612c197a1cf4170d82ba6f10,2026-04-21T10:05:48Z,08:00 PM,San Antonio Spurs,Portland Trail Blazers,-11.5,11.5,219.5,-667,470,-105,-115,-112,-108,1.15,5.7,1.95,1.87,1.89,1.93,0.794,0.206,113.2,104.8,218.0,1,2025_NBA,,,,,,,,,,,,,,,,,,,,,,,,,under,219.5,-108.0,0.02647477527351283,0.02846750029409988,0.5318522151676233,3.7087817261864164,0.00711687507352497,total,nba,,,,,,,,,,,,,,,,,,,,,,,0.46814778483237673,0.5318522151676233,2.1360776071130108,1.8802215568188074,2.1360776071130108,1.8802215568188074,0.5291005291005292,0.5181347150259068,0.5052356020942408,0.4947643979057591,-0.11520068666680805,-0.03708781726186405,0.0,-11.520068666680805,-3.7087817261864053,0.02647477527351283,0.037087817261864164,0.02846750029409988,2.647477527351283,3.7087817261864164
Basketball,NBA,2026_04_22,c9bc6bcae048283407d1cb53995eee8e,2026-04-22T13:14:48Z,07:10 PM,Detroit Pistons,Orlando Magic,-8.5,8.5,218.5,-400,310,-118,-102,-110,-110,1.25,4.1,1.85,1.98,1.91,1.91,0.769,0.231,112.0,104.2,216.2,1,2025_NBA,,,,,,,,,,,,,,,,,,,,,,,,,under,218.5,-110.0,0.048150614483353005,0.05291276316851985,0.5487699552268864,4.8769955226886434,0.013228190792129963,total,nba,,,,,,,,,,,,,,,,,,,,,,,0.45123004477311357,0.5487699552268864,2.216164485462881,1.8222571962536736,2.216164485462881,1.8222571962536736,0.5235602094240838,0.5235602094240838,0.5,0.5,-0.13815061448335308,-0.04876995522688643,0.0,-13.815061448335308,-4.8769955226886434,0.048150614483353005,0.04876995522688643,0.05291276316851985,4.8150614483353005,4.8769955226886434
Basketball,NBA,2026_04_22,0ce48ecb61f40bc3bd784adfe7f8e811,2026-04-22T13:14:48Z,09:40 PM,Oklahoma City Thunder,Phoenix Suns,-17.5,17.5,215.5,-2000,1100,-110,-110,-108,-112,1.05,12.0,1.91,1.91,1.93,1.89,0.882,0.118,111.8,100.5,212.3,1,2025_NBA,,,,,,,,,,,,,,,,,,,,,,,,,under,215.5,-112.0,0.07294461544063702,0.08196024206813149,0.5676955637252048,6.245996163096401,0.020490060517032872,total,nba,,,,,,,,,,,,,,,,,,,,,,,0.4323044362747952,0.5676955637252048,2.3131846821121864,1.761507511945353,2.3131846821121864,1.761507511945353,0.5181347150259068,0.5291005291005292,0.4947643979057591,0.5052356020942408,-0.16565243798964524,-0.0624599616309639,0.0,-16.565243798964524,-6.24599616309639,0.07294461544063702,0.06245996163096401,0.08196024206813149,7.294461544063702,6.245996163096401
Basketball,NBA,2026_04_23,c548073cbcde990c77986a123bd2d5bd,2026-04-23T10:45:21Z,09:30 PM,Minnesota Timberwolves,Denver Nuggets,2.5,-2.5,233.5,114,-135,-112,-108,-112,-108,2.14,1.74,1.89,1.93,1.89,1.93,0.448,0.552,113.5,116.1,229.6,1,2025_NBA,,,,,,,,,,,,,,,,,,,,,,,,,under,233.5,-108.0,0.12386040709018409,0.13318323343030536,0.582311091756572,8.754669385081293,0.03329580835757634,total,nba,,,,,,,,,,,,,,,,,,,,,,,0.41768890824342797,0.582311091756572,2.3941262989373007,1.7172951265335636,2.3941262989373007,1.7172951265335636,0.5291005291005292,0.5181347150259068,0.5052356020942408,0.4947643979057591,-0.21056796341992112,-0.08754669385081282,0.0,-21.05679634199211,-8.754669385081282,0.12386040709018409,0.08754669385081293,0.13318323343030536,12.38604070901841,8.754669385081293
Basketball,NBA,2026_04_23,b754568efb2036d7f3b661cc8093e66f,2026-04-23T10:45:21Z,08:10 PM,Toronto Raptors,Cleveland Cavaliers,2.5,-2.5,219.5,130,-154,-105,-115,-115,-105,2.3,1.65,1.95,1.87,1.87,1.95,0.401,0.599,107.4,111.1,218.5,1,2025_NBA,,,,,,,,,,,,,,,,,,,,,,,,,under,219.5,-105.0,0.016432364936098898,0.017297226248525213,0.5212473666338969,3.17185708223785,0.004324306562131303,total,nba,,,,,,,,,,,,,,,,,,,,,,,0.4787526333661031,0.5212473666338969,2.0887613567136203,1.9184749199939068,2.0887613567136203,1.9184749199939068,0.53475935828877,0.5128205128205129,0.5104712041884817,0.4895287958115184,-0.10473257560538718,-0.03171857082237861,0.0,-10.473257560538718,-3.171857082237861,0.016432364936098898,0.0317185708223785,0.017297226248525213,1.6432364936098898,3.17185708223785
Basketball,NBA,2026_04_24,5000a9f1dd7ba71de7ae6ceef836aa48,2026-04-24T10:29:41Z,08:10 PM,Houston Rockets,Los Angeles Lakers,-8.5,8.5,206.5,-345,270,-112,-108,-110,-110,1.29,3.7,1.89,1.93,1.91,1.91,0.685,0.315,105.0,99.7,204.7,1,2025_NBA,,,,,,,,,,,,,,,,,,,,,,,,,under,206.5,-110.0,0.027971119650625376,0.030737494121566348,0.5382047746861913,3.8204774686191323,0.007684373530391587,total,nba,,,,,,,,,,,,,,,,,,,,,,,0.4617952253138087,0.5382047746861913,2.165461973584632,1.8580288526482611,2.165461973584632,1.8580288526482611,0.5235602094240838,0.5235602094240838,0.5,0.5,-0.11797111965062546,-0.03820477468619132,0.0,-11.797111965062545,-3.8204774686191323,0.027971119650625376,0.03820477468619132,0.030737494121566348,2.7971119650625376,3.8204774686191323
Basketball,NBA,2026_04_24,8d8ab21ae69d529ee4bd01fb8ace8276,2026-04-24T10:29:41Z,07:10 PM,Philadelphia 76ers,Boston Celtics,6.5,-6.5,215.5,230,-286,-105,-115,-110,-110,3.3,1.35,1.95,1.87,1.91,1.91,0.285,0.715,103.0,109.9,212.9,1,2025_NBA,,,,,,,,,,,,,,,,,,,,,,,,,under,215.5,-110.0,0.060227638483578705,0.06618421811382288,0.5550930044416643,5.509300444166431,0.01654605452845572,total,nba,,,,,,,,,,,,,,,,,,,,,,,0.4449069955583357,0.5550930044416643,2.2476607695166733,1.8014999144257666,2.2476607695166733,1.8014999144257666,0.5235602094240838,0.5235602094240838,0.5,0.5,-0.1502276384835789,-0.05509300444166432,0.0,-15.02276384835789,-5.509300444166431,0.060227638483578705,0.05509300444166432,0.06618421811382288,6.0227638483578705,5.509300444166431
Basketball,NBA,2026_04_25,b24e970fd53cf667dd009e54d107d4b1,2026-04-25T10:11:37Z,08:40 PM,Minnesota Timberwolves,Denver Nuggets,1.5,-1.5,229.5,102,-122,-108,-112,-112,-108,2.02,1.82,1.93,1.89,1.89,1.93,0.451,0.549,112.9,115.3,228.2,1,2025_NBA,,,,,,,,,,,,,,,,,,,,,,,,,under,229.5,-108.0,0.01829224835673715,0.019669084254556136,0.5276125639154079,3.2848166009648794,0.004917271063639034,total,nba,,,,,,,,,,,,,,,,,,,,,,,0.4723874360845921,0.5276125639154079,2.116906428097564,1.895330150174987,2.116906428097564,1.895330150174987,0.5291005291005292,0.5181347150259068,0.5052356020942408,0.4947643979057591,-0.10718774580012091,-0.03284816600964868,0.0,-10.718774580012091,-3.2848166009648683,0.01829224835673715,0.032848166009648794,0.019669084254556136,1.829224835673715,3.2848166009648794
Basketball,NBA,2026_04_25,9f41c322eb6aa09683dc241cacc31d7c,2026-04-25T10:11:37Z,03:40 PM,Phoenix Suns,Oklahoma City Thunder,9.5,-9.5,214.5,310,-400,-110,-110,-110,-110,4.1,1.25,1.91,1.91,1.91,1.91,0.242,0.758,101.8,110.1,211.9,1,2025_NBA,,,,,,,,,,,,,,,,,,,,,,,,,under,214.5,-110.0,0.060227638483578705,0.06618421811382288,0.5550930044416643,5.509300444166431,0.01654605452845572,total,nba,,,,,,,,,,,,,,,,,,,,,,,0.4449069955583357,0.5550930044416643,2.2476607695166733,1.8014999144257666,2.2476607695166733,1.8014999144257666,0.5235602094240838,0.5235602094240838,0.5,0.5,-0.1502276384835789,-0.05509300444166432,0.0,-15.02276384835789,-5.509300444166431,0.060227638483578705,0.05509300444166432,0.06618421811382288,6.0227638483578705,5.509300444166431
Basketball,NBA,2026_04_26,d94d967f8600a3fb8b869f32c31a7357,2026-04-26T10:34:57Z,01:10 PM,Toronto Raptors,Cleveland Cavaliers,3.5,-3.5,220.5,142,-169,-105,-115,-112,-108,2.42,1.59,1.95,1.87,1.89,1.93,0.391,0.609,107.6,111.6,219.2,1,2025_NBA,,,,,,,,,,,,,,,,,,,,,,,,,under,220.5,-108.0,0.01829224835673715,0.019669084254556136,0.5276125639154079,3.2848166009648794,0.004917271063639034,total,nba,,,,,,,,,,,,,,,,,,,,,,,0.4723874360845921,0.5276125639154079,2.116906428097564,1.895330150174987,2.116906428097564,1.895330150174987,0.5291005291005292,0.5181347150259068,0.5052356020942408,0.4947643979057591,-0.10718774580012091,-0.03284816600964868,0.0,-10.718774580012091,-3.2848166009648683,0.01829224835673715,0.032848166009648794,0.019669084254556136,1.829224835673715,3.2848166009648794
Basketball,NBA,2026_04_27,846b0e9b691b5a291619fa22f96c7dfa,2026-04-27T09:53:43Z,08:10 PM,Orlando Magic,Detroit Pistons,2.5,-2.5,214.5,124,-147,-105,-115,-108,-112,2.24,1.68,1.95,1.87,1.93,1.89,0.398,0.602,104.5,108.3,212.8,1,2025_NBA,,,,,,,,,,,,,,,,,,,,,,,,,under,214.5,-112.0,0.0132068053220884,0.014839107103470176,0.5360882567841738,3.0852654689933035,0.003709776775867544,total,nba,,,,,,,,,,,,,,,,,,,,,,,0.4639117432158262,0.5360882567841738,2.1555824240792476,1.8653644942694474,2.1555824240792476,1.8653644942694474,0.5181347150259068,0.5291005291005292,0.4947643979057591,0.5052356020942408,-0.10465033559345549,-0.030852654689932923,0.0,-10.46503355934555,-3.0852654689932923,0.0132068053220884,0.030852654689933035,0.014839107103470176,1.32068053220884,3.0852654689933035
Basketball,NBA,2026_04_27,b3eb8f644d05290981f8805f5410f24a,2026-04-27T09:53:43Z,09:40 PM,Phoenix Suns,Oklahoma City Thunder,10.5,-10.5,213.5,380,-500,-108,-112,-110,-110,4.8,1.2,1.93,1.89,1.91,1.91,0.212,0.788,101.0,110.1,211.1,1,2025_NBA,,,,,,,,,,,,,,,,,,,,,,,,,under,213.5,-110.0,0.052179070712890185,0.057339638146033295,0.5508790946140787,5.087909461407869,0.014334909536508324,total,nba,,,,,,,,,,,,,,,,,,,,,,,0.4491209053859213,0.5508790946140787,2.2265719275318934,1.8152803578443204,2.2265719275318934,1.8152803578443204,0.5235602094240838,0.5235602094240838,0.5,0.5,-0.14217907071289038,-0.05087909461407869,0.0,-14.217907071289037,-5.087909461407869,0.052179070712890185,0.05087909461407869,0.057339638146033295,5.2179070712890185,5.087909461407869
Basketball,NBA,2026_04_29,912bee9cc9d36b6017819f012c0c56f1,2026-04-29T09:42:10Z,07:10 PM,Detroit Pistons,Orlando Magic,-10.5,10.5,211.5,-417,320,-105,-115,-108,-112,1.24,4.2,1.95,1.87,1.93,1.89,0.766,0.234,110.3,102.6,212.9,1,2025_NBA,,,,,,,,,,,,,,,,,,,,,,,,,over,211.5,-108.0,0.02238432493670861,0.02406916659861147,0.5297328108480356,3.4968412942276483,0.006017291649652867,total,nba,,,,,,,,,,,,,,,,,,,,,,,0.5297328108480356,0.4702671891519644,1.8877441221719413,2.126450713695986,1.8877441221719413,2.126450713695986,0.5181347150259068,0.5291005291005292,0.4947643979057591,0.5052356020942408,0.02238432493670861,0.03496841294227648,0.02406916659861147,2.238432493670861,3.4968412942276483,-0.1111950125027873,-0.03496841294227637,0.0,-11.119501250278729,-3.4968412942276372
Basketball,NBA,2026_04_30,b981ac0f551b6f109cd18fa31de439b4,2026-04-30T10:23:31Z,09:40 PM,Minnesota Timberwolves,Denver Nuggets,5.5,-5.5,224.5,200,-244,-105,-115,-110,-110,3.0,1.41,1.95,1.87,1.91,1.91,0.333,0.667,108.8,114.4,223.2,1,2025_NBA,,,,,,,,,,,,,,,,,,,,,,,,,under,224.5,-110.0,0.007739997078429095,0.008505491294976967,0.5276125639154079,2.7612563915407895,0.0021263728237442417,total,nba,,,,,,,,,,,,,,,,,,,,,,,0.4723874360845921,0.5276125639154079,2.116906428097564,1.895330150174987,2.116906428097564,1.895330150174987,0.5235602094240838,0.5235602094240838,0.5,0.5,-0.09773999707842906,-0.027612563915407895,0.0,-9.773999707842906,-2.7612563915407895,0.007739997078429095,0.027612563915407895,0.008505491294976967,0.7739997078429095,2.7612563915407895
Basketball,NBA,2026_04_30,b2f1e46d7adfcf49fa68a52df4938626,2026-04-30T10:23:31Z,08:10 PM,Philadelphia 76ers,Boston Celtics,5.5,-5.5,212.5,190,-233,-105,-115,-110,-110,2.9,1.43,1.95,1.87,1.91,1.91,0.323,0.677,102.5,108.4,210.9,1,2025_NBA,,,,,,,,,,,,,,,,,,,,,,,,,under,212.5,-110.0,0.019884069582918107,0.021850625915294686,0.5339707170591195,3.397071705911947,0.0054626564788236714,total,nba,,,,,,,,,,,,,,,,,,,,,,,0.46602928294088053,0.5339707170591195,2.145787907767285,1.8727618726127322,2.145787907767285,1.8727618726127322,0.5235602094240838,0.5235602094240838,0.5,0.5,-0.10988406958291819,-0.03397071705911947,0.0,-10.988406958291819,-3.397071705911947,0.019884069582918107,0.03397071705911947,0.021850625915294686,1.9884069582918107,3.397071705911947
Basketball,NBA,2026_05_01,d1938a9c13602a661e894f996f2680e8,2026-05-01T10:53:27Z,07:40 PM,Toronto Raptors,Cleveland Cavaliers,3.5,-3.5,218.5,145,-175,-105,-115,-112,-108,2.45,1.57,1.95,1.87,1.89,1.93,0.345,0.655,105.9,111.4,217.3,1,2025_NBA,,,,,,,,,,,,,,,,,,,,,,,,,under,218.5,-108.0,0.014198661114906086,0.015267377542909771,0.525491534256428,3.0727136350668927,0.003816844385727443,total,nba,,,,,,,,,,,,,,,,,,,,,,,0.47450846574357197,0.525491534256428,2.1074439597889234,1.9029802286253816,2.1074439597889234,1.9029802286253816,0.5291005291005292,0.5181347150259068,0.5052356020942408,0.4947643979057591,-0.10317899974464906,-0.030727136350668816,0.0,-10.317899974464906,-3.0727136350668816,0.014198661114906086,0.030727136350668927,0.015267377542909771,1.4198661114906086,3.0727136350668927
Basketball,NBA,2026_05_05,0d7933fbc3dd3e384f9b709cff4e882c,2026-05-05T09:09:39Z,07:10 PM,Detroit Pistons,Cleveland Cavaliers,-3.5,3.5,215.5,-147,124,-105,-115,-105,-115,1.68,2.24,1.95,1.87,1.95,1.87,0.561,0.439,109.1,107.1,216.2,1,2025_NBA,,,,,,,,,,,,,,,,,,,,,,,,,over,215.5,-105.0,0.004009653675851599,0.00422068807984373,0.5148767454747957,2.5347949663277247,0.0010551720199609325,total,nba,,,,,,,,,,,,,,,,,,,,,,,0.5148767454747957,0.48512325452520433,1.942212400907417,2.0613318175784245,1.942212400907417,2.0613318175784245,0.5128205128205129,0.53475935828877,0.4895287958115184,0.5104712041884817,0.004009653675851599,0.025347949663277247,0.00422068807984373,0.4009653675851599,2.5347949663277247,-0.09281951403786781,-0.025347949663277358,0.0,-9.281951403786781,-2.534794966327736
Basketball,NBA,2026_05_05,689b4554b0b10e67f46872eb2e74b98d,2026-05-05T09:09:39Z,08:40 PM,Oklahoma City Thunder,Los Angeles Lakers,-15.5,15.5,213.5,-1000,675,-110,-110,-110,-110,1.1,7.75,1.91,1.91,1.91,1.91,0.85,0.15,110.8,100.6,211.4,1,2025_NBA,,,,,,,,,,,,,,,,,,,,,,,,,under,213.5,-110.0,0.04008592024052038,0.04405046180276959,0.5445476022201677,4.454760222016773,0.011012615450692398,total,nba,,,,,,,,,,,,,,,,,,,,,,,0.45545239777983226,0.5445476022201677,2.195619135774985,1.836386747316329,2.195619135774985,1.836386747316329,0.5235602094240838,0.5235602094240838,0.5,0.5,-0.13008592024052046,-0.04454760222016774,0.0,-13.008592024052046,-4.454760222016773,0.04008592024052038,0.04454760222016774,0.04405046180276959,4.008592024052038,4.454760222016773
Basketball,NBA,2026_05_06,d146e10295545e18ac8915a1f5860317,2026-05-06T09:08:40Z,07:10 PM,New York Knicks,Philadelphia 76ers,-6.5,6.5,215.5,-270,220,-115,-105,-110,-110,1.37,3.2,1.87,1.95,1.91,1.91,0.733,0.267,109.3,102.5,211.8,1,2025_NBA,,,,,,,,,,,,,,,,,,,,,,,,,under,215.5,-110.0,0.1042586526659599,0.11456994798457133,0.5781458914481465,7.814589144814654,0.028642486996142833,total,nba,,,,,,,,,,,,,,,,,,,,,,,0.42185410855185346,0.5781458914481465,2.3704877580375205,1.7296672255080605,2.3704877580375205,1.7296672255080605,0.5235602094240838,0.5235602094240838,0.5,0.5,-0.19425865266595999,-0.07814589144814654,0.0,-19.425865266596,-7.814589144814654,0.1042586526659599,0.07814589144814654,0.11456994798457133,10.425865266595991,7.814589144814654
Basketball,NBA,2026_05_06,246001ab42d44857430f7fe63f423461,2026-05-06T09:08:40Z,09:40 PM,San Antonio Spurs,Minnesota Timberwolves,-9.5,9.5,215.5,-417,330,-115,-105,-110,-110,1.24,4.3,1.87,1.95,1.91,1.91,0.786,0.214,113.1,104.9,218.0,1,2025_NBA,,,,,,,,,,,,,,,,,,,,,,,,,over,215.5,-110.0,0.05620478282975094,0.061763497615110935,0.5529867972930633,5.298679729306333,0.015440874403777734,total,nba,,,,,,,,,,,,,,,,,,,,,,,0.5529867972930633,0.4470132027069366,1.8083614380942183,2.2370703906381113,1.8083614380942183,2.2370703906381113,0.5235602094240838,0.5235602094240838,0.5,0.5,0.05620478282975094,0.052986797293063326,0.061763497615110935,5.620478282975094,5.298679729306333,-0.14620478282975113,-0.05298679729306338,0.0,-14.620478282975114,-5.298679729306338
Basketball,NBA,2026_05_07,a306b74e13d87d2f8d64b1e01c2cf958,2026-05-07T09:10:24Z,09:40 PM,Oklahoma City Thunder,Los Angeles Lakers,-15.5,15.5,209.5,-909,600,-110,-110,-105,-115,1.11,7.0,1.91,1.91,1.95,1.87,0.849,0.151,110.9,100.6,211.5,1,2025_NBA,,,,,,,,,,,,,,,,,,,,,,,,,over,209.5,-105.0,0.05774728832579368,0.060786619290309256,0.5424345068337404,5.290571102222197,0.015196654822577314,total,nba,,,,,,,,,,,,,,,,,,,,,,,0.5424345068337404,0.4575654931662596,1.8435405332841523,2.185479488586879,1.8435405332841523,2.185479488586879,0.5128205128205129,0.53475935828877,0.4895287958115184,0.5104712041884817,0.05774728832579368,0.05290571102222197,0.060786619290309256,5.774728832579368,5.290571102222197,-0.14435252777909446,-0.05290571102222208,0.0,-14.435252777909447,-5.2905711022222075
Basketball,NBA,2026_05_08,1b5c084f510006e8f30cd6cac40e231d,2026-05-08T09:09:54Z,09:40 PM,Minnesota Timberwolves,San Antonio Spurs,4.5,-4.5,215.5,164,-196,-115,-105,-115,-105,2.64,1.51,1.87,1.95,1.87,1.95,0.323,0.677,105.8,111.8,217.6,1,2025_NBA,,,,,,,,,,,,,,,,,,,,,,,,,over,215.5,-115.0,0.01830401615171362,0.02103909902495831,0.5445476022201677,3.407639803168605,0.005259774756239577,total,nba,,,,,,,,,,,,,,,,,,,,,,,0.5445476022201677,0.45545239777983226,1.836386747316329,2.195619135774985,1.836386747316329,2.195619135774985,0.53475935828877,0.5128205128205129,0.5104712041884817,0.4895287958115184,0.01830401615171362,0.03407639803168605,0.02103909902495831,1.830401615171362,3.407639803168605,-0.11186782432932707,-0.03407639803168616,0.0,-11.186782432932707,-3.407639803168616
Basketball,NBA,2026_05_10,878243c543236baba132ad43ae333aae,2026-05-10T09:09:38Z,03:40 PM,Philadelphia 76ers,New York Knicks,1.5,-1.5,212.5,102,-122,-110,-110,-110,-110,2.02,1.82,1.91,1.91,1.91,1.91,0.437,0.563,104.1,107.0,211.1,1,2025_NBA,,,,,,,,,,,,,,,,,,,,,,,,,under,212.5,-110.0,0.011789668719747848,0.012955679911810883,0.5297328108480356,2.9732810848035585,0.003238919977952721,total,nba,,,,,,,,,,,,,,,,,,,,,,,0.4702671891519644,0.5297328108480356,2.126450713695986,1.8877441221719413,2.126450713695986,1.8877441221719413,0.5235602094240838,0.5235602094240838,0.5,0.5,-0.10178966871974804,-0.029732810848035585,0.0,-10.178966871974804,-2.9732810848035585,0.011789668719747848,0.029732810848035585,0.012955679911810883,1.1789668719747848,2.9732810848035585
Basketball,NBA,2026_05_11,b537062ee0483d20ae932052628b663d,2026-05-11T09:09:20Z,08:00 PM,Cleveland Cavaliers,Detroit Pistons,-3.5,3.5,212.5,-154,130,-110,-110,-110,-110,1.65,2.3,1.91,1.91,1.91,1.91,0.594,0.406,108.4,105.6,214.0,1,2025_NBA,,,,,,,,,,,,,,,,,,,,,,,,,over,212.5,-110.0,0.015837730970160502,0.01740409996720922,0.5318522151676233,3.1852215167623266,0.004351024991802305,total,nba,,,,,,,,,,,,,,,,,,,,,,,0.5318522151676233,0.46814778483237673,1.8802215568188074,2.1360776071130108,1.8802215568188074,2.1360776071130108,0.5235602094240838,0.5235602094240838,0.5,0.5,0.015837730970160502,0.031852215167623266,0.01740409996720922,1.5837730970160502,3.1852215167623266,-0.10583773097016047,-0.031852215167623266,0.0,-10.583773097016048,-3.1852215167623266
Basketball,NBA,2026_05_11,0db68bfa022e22873f48b8539addd5ae,2026-05-11T09:09:20Z,10:40 PM,Los Angeles Lakers,Oklahoma City Thunder,10.5,-10.5,214.5,390,-526,-105,-115,-112,-108,4.9,1.19,1.95,1.87,1.89,1.93,0.216,0.784,101.1,110.1,211.2,1,2025_NBA,,,,,,,,,,,,,,,,,,,,,,,,,under,214.5,-108.0,0.09969405613810767,0.10719790982592223,0.5697896663928019,7.502526848704283,0.026799477456480557,total,nba,,,,,,,,,,,,,,,,,,,,,,,0.43021033360719807,0.5697896663928019,2.3244443981976644,1.755033583411145,2.3244443981976644,1.755033583411145,0.5291005291005292,0.5181347150259068,0.5052356020942408,0.4947643979057591,-0.18690246948239564,-0.07502526848704272,0.0,-18.690246948239565,-7.502526848704272,0.09969405613810767,0.07502526848704283,0.10719790982592223,9.969405613810768,7.502526848704283
Basketball,NBA,2026_05_13,c3531530e77a4ada542bdbff23de5409,2026-05-13T13:58:22Z,08:10 PM,Detroit Pistons,Cleveland Cavaliers,-4.5,4.5,212.5,-175,145,-105,-115,-112,-108,1.57,2.45,1.95,1.87,1.89,1.93,0.57,0.43,108.2,105.9,214.1,1,2025_NBA,,,,,,,,,,,,,,,,,,,,,,,,,over,212.5,-112.0,0.009204655241735749,0.010342309260377247,0.5339707170591195,2.8735114964878683,0.0025855773150943117,total,nba,,,,,,,,,,,,,,,,,,,,,,,0.5339707170591195,0.4660292829408806,1.8727618726127322,2.1457879077672843,1.8727618726127322,2.1457879077672843,0.5291005291005292,0.5181347150259068,0.5052356020942408,0.4947643979057591,0.009204655241735749,0.028735114964878683,0.010342309260377247,0.9204655241735749,2.8735114964878683,-0.10056348392410053,-0.028735114964878516,0.0,-10.056348392410053,-2.8735114964878514
Basketball,NBA,2026_05_17,465746f51ad349641512f36c52306968,2026-05-17T09:10:02Z,08:10 PM,Detroit Pistons,Cleveland Cavaliers,-4.5,4.5,206.5,-179,150,-110,-110,-105,-115,1.56,2.5,1.91,1.91,1.95,1.87,0.57,0.43,105.1,102.8,207.9,1,2025_NBA,,,,,,,,,,,,,,,,,,,,,,,,,over,206.5,-105.0,0.03297898115366937,0.0347147170038625,0.5297328108480356,4.020401503651716,0.008678679250965625,total,nba,,,,,,,,,,,,,,,,,,,,,,,0.5297328108480356,0.4702671891519644,1.8877441221719413,2.126450713695986,1.8877441221719413,2.126450713695986,0.5128205128205129,0.53475935828877,0.4895287958115184,0.5104712041884817,0.03297898115366937,0.04020401503651716,0.0347147170038625,3.2978981153669373,4.020401503651716,-0.12060035628582644,-0.04020401503651727,0.0,-12.060035628582643,-4.020401503651727
Basketball,NBA,2026_05_18,924fe1c270c7ccb9e7a9cfa3002bdf05,2026-05-18T16:12:41Z,08:40 PM,Oklahoma City Thunder,San Antonio Spurs,-6.5,6.5,221.5,-244,200,-110,-110,-105,-115,1.41,3.0,1.91,1.91,1.95,1.87,0.694,0.306,111.4,106.1,217.5,1,2025_NBA,,,,,,,,,,,,,,,,,,,,,,,,,under,221.5,-115.0,0.09280979537438316,0.1066779257176819,0.5843902649060873,7.391906071760557,0.026669481429420477,total,nba,,,,,,,,,,,,,,,,,,,,,,,0.41560973509391275,0.5843902649060873,2.406103407982097,1.7111852473461413,2.406103407982097,1.7111852473461413,0.5128205128205129,0.53475935828877,0.4895287958115184,0.5104712041884817,-0.1895610165668702,-0.07391906071760568,0.0,-18.956101656687018,-7.391906071760568,0.09280979537438316,0.07391906071760557,0.1066779257176819,9.280979537438316,7.391906071760557
Basketball,NBA,2026_05_19,7e2d40a6d3b163e318b7abbe026c40c1,2026-05-19T09:09:52Z,08:10 PM,New York Knicks,Cleveland Cavaliers,-7.5,7.5,217.5,-263,215,-105,-115,-110,-110,1.38,3.15,1.95,1.87,1.91,1.91,0.569,0.431,108.5,106.4,214.9,1,2025_NBA,,,,,,,,,,,,,,,,,,,,,,,,,under,217.5,-110.0,0.060227638483578705,0.06618421811382288,0.5550930044416643,5.509300444166431,0.01654605452845572,total,nba,,,,,,,,,,,,,,,,,,,,,,,0.4449069955583357,0.5550930044416643,2.2476607695166733,1.8014999144257666,2.2476607695166733,1.8014999144257666,0.5235602094240838,0.5235602094240838,0.5,0.5,-0.1502276384835789,-0.05509300444166432,0.0,-15.02276384835789,-5.509300444166431,0.060227638483578705,0.05509300444166432,0.06618421811382288,6.0227638483578705,5.509300444166431
Basketball,NBA,2026_05_21,dc45982e3723fb38d8477a1a75395594,2026-05-21T09:10:07Z,08:10 PM,New York Knicks,Cleveland Cavaliers,-6.5,6.5,216.5,-217,180,-105,-115,-110,-110,1.46,2.8,1.95,1.87,1.91,1.91,0.644,0.356,109.5,105.4,214.9,1,2025_NBA,,,,,,,,,,,,,,,,,,,,,,,,,under,216.5,-110.0,0.019884069582918107,0.021850625915294686,0.5339707170591195,3.397071705911947,0.0054626564788236714,total,nba,,,,,,,,,,,,,,,,,,,,,,,0.46602928294088053,0.5339707170591195,2.145787907767285,1.8727618726127322,2.145787907767285,1.8727618726127322,0.5235602094240838,0.5235602094240838,0.5,0.5,-0.10988406958291819,-0.03397071705911947,0.0,-10.988406958291819,-3.397071705911947,0.019884069582918107,0.03397071705911947,0.021850625915294686,1.9884069582918107,3.397071705911947
Basketball,NBA,2026_05_22,7b814a0bc57622abcbc708d9e9a27fca,2026-05-22T14:34:58Z,08:40 PM,San Antonio Spurs,Oklahoma City Thunder,-1.5,1.5,217.5,-125,105,-115,-105,-110,-110,1.8,2.05,1.87,1.95,1.91,1.91,0.481,0.519,107.2,108.5,215.7,1,2025_NBA,,,,,,,,,,,,,,,,,,,,,,,,,under,217.5,-110.0,0.027971119650625376,0.030737494121566348,0.5382047746861913,3.8204774686191323,0.007684373530391587,total,nba,,,,,,,,,,,,,,,,,,,,,,,0.4617952253138087,0.5382047746861913,2.165461973584632,1.8580288526482611,2.165461973584632,1.8580288526482611,0.5235602094240838,0.5235602094240838,0.5,0.5,-0.11797111965062546,-0.03820477468619132,0.0,-11.797111965062545,-3.8204774686191323,0.027971119650625376,0.03820477468619132,0.030737494121566348,2.7971119650625376,3.8204774686191323
Basketball,NBA,2026_05_24,74cd3b630383a2e3eff3afd92006ebb3,2026-05-24T09:09:38Z,08:10 PM,San Antonio Spurs,Oklahoma City Thunder,-2.5,2.5,218.5,-135,114,-110,-110,-110,-110,1.74,2.14,1.91,1.91,1.91,1.91,0.496,0.504,107.6,108.1,215.7,1,2025_NBA,,,,,,,,,,,,,,,,,,,,,,,,,under,218.5,-110.0,0.06826433221939165,0.07501574969163907,0.5593006974970637,5.930069749706368,0.018753937422909768,total,nba,,,,,,,,,,,,,,,,,,,,,,,0.4406993025029363,0.5593006974970637,2.2691209047088,1.787946992512467,2.2691209047088,1.787946992512467,0.5235602094240838,0.5235602094240838,0.5,0.5,-0.15826433221939162,-0.05930069749706368,0.0,-15.826433221939162,-5.930069749706368,0.06826433221939165,0.05930069749706368,0.07501574969163907,6.8264332219391655,5.930069749706368
Basketball,NBA,2026_05_25,a752ca36635e2ccb1bb5a9f387282e1c,2026-05-25T12:31:46Z,08:10 PM,Cleveland Cavaliers,New York Knicks,2.5,-2.5,217.5,120,-143,-105,-115,-110,-110,2.2,1.7,1.95,1.87,1.91,1.91,0.474,0.526,106.5,108.0,214.5,1,2025_NBA,,,,,,,,,,,,,,,,,,,,,,,,,under,217.5,-110.0,0.07628825812313034,0.08383325068475862,0.5635017058236285,6.350170582362846,0.020958312671189656,total,nba,,,,,,,,,,,,,,,,,,,,,,,0.43649829417637154,0.5635017058236285,2.2909596975330673,1.7746175205244046,2.2909596975330673,1.7746175205244046,0.5235602094240838,0.5235602094240838,0.5,0.5,-0.16628825812313042,-0.06350170582362846,0.0,-16.628825812313043,-6.350170582362846,0.07628825812313034,0.06350170582362846,0.08383325068475862,7.628825812313034,6.350170582362846
Basketball,NBA,2026_05_26,197dd95ba7880a2cd6a00df88014610b,2026-05-26T09:10:18Z,08:40 PM,Oklahoma City Thunder,San Antonio Spurs,-5.5,5.5,216.5,-196,164,-105,-115,-110,-110,1.51,2.64,1.95,1.87,1.91,1.91,0.64,0.36,109.0,104.8,213.8,1,2025_NBA,,,,,,,,,,,,,,,,,,,,,,,,,under,216.5,-110.0,0.0642475255658792,0.07060167644602111,0.5571976573643347,5.719765736433469,0.017650419111505278,total,nba,,,,,,,,,,,,,,,,,,,,,,,0.4428023426356653,0.5571976573643347,2.2583439691121803,1.794695269772339,2.2583439691121803,1.794695269772339,0.5235602094240838,0.5235602094240838,0.5,0.5,-0.15424752556587928,-0.057197657364334686,0.0,-15.42475255658793,-5.719765736433469,0.0642475255658792,0.057197657364334686,0.07060167644602111,6.42475255658792,5.719765736433469
Basketball,NBA,2026_05_28,78fd894a8789f5fd7f2318cc85b2fc44,2026-05-28T09:10:15Z,08:40 PM,San Antonio Spurs,Oklahoma City Thunder,-3.5,3.5,219.5,-161,136,-110,-110,-108,-112,1.62,2.36,1.91,1.91,1.93,1.89,0.506,0.494,108.1,108.1,216.2,1,2025_NBA,,,,,,,,,,,,,,,,,,,,,,,,,under,219.5,-112.0,0.07690246948239565,0.08640726908134332,0.5697896663928019,6.455406429856114,0.02160181727033583,total,nba,,,,,,,,,,,,,,,,,,,,,,,0.43021033360719807,0.5697896663928019,2.3244443981976644,1.755033583411145,2.3244443981976644,1.755033583411145,0.5181347150259068,0.5291005291005292,0.4947643979057591,0.5052356020942408,-0.16969405613810773,-0.06455406429856103,0.0,-16.96940561381077,-6.455406429856103,0.07690246948239565,0.06455406429856114,0.08640726908134332,7.690246948239565,6.455406429856114
Basketball,NBA,2026_06_03,1aae688472781f1a1aaf3efdb38e884b,2026-06-03T20:16:54Z,08:30 PM,San Antonio Spurs,New York Knicks,-4.5,4.5,217.5,-185,154,-112,-108,-110,-110,1.54,2.54,1.89,1.93,1.91,1.91,0.642,0.358,110.2,106.0,216.2,1,2025_NBA,,,,,,,,,,,,,,,,,,,,,,,,,under,217.5,-110.0,0.007739997078429095,0.008505491294976967,0.5276125639154079,2.7612563915407895,0.0021263728237442417,total,nba,,,,,,,,,,,,,,,,,,,,,,,0.4723874360845921,0.5276125639154079,2.116906428097564,1.895330150174987,2.116906428097564,1.895330150174987,0.5235602094240838,0.5235602094240838,0.5,0.5,-0.09773999707842906,-0.027612563915407895,0.0,-9.773999707842906,-2.7612563915407895,0.007739997078429095,0.027612563915407895,0.008505491294976967,0.7739997078429095,2.7612563915407895
Basketball,NBA,2026_06_05,2852e944f8ef0bc3eba79f883b9101ba,2026-06-05T09:09:09Z,08:40 PM,San Antonio Spurs,New York Knicks,-6.5,6.5,214.5,-217,180,-102,-118,-112,-108,1.46,2.8,1.98,1.85,1.89,1.93,0.635,0.365,110.1,106.1,216.2,1,2025_NBA,,,,,,,,,,,,,,,,,,,,,,,,,over,214.5,-112.0,0.0132068053220884,0.014839107103470176,0.5360882567841738,3.0852654689933035,0.003709776775867544,total,nba,,,,,,,,,,,,,,,,,,,,,,,0.5360882567841738,0.4639117432158262,1.8653644942694474,2.1555824240792476,1.8653644942694474,2.1555824240792476,0.5291005291005292,0.5181347150259068,0.5052356020942408,0.4947643979057591,0.0132068053220884,0.030852654689933035,0.014839107103470176,1.32068053220884,3.0852654689933035,-0.10465033559345549,-0.030852654689932923,0.0,-10.46503355934555,-3.0852654689932923
Basketball,NBA,2026_06_08,70505016,2026-06-08T22:55:39.71Z,08:30 PM,New York Knicks,San Antonio Spurs,-1.5,1.5,215.5,-123,106,-118,-104,-112,-108,1.81,2.06,1.85,1.96,1.89,1.93,0.517,0.483,106.9,106.4,213.3,1,2025_NBA,,,,,,,,,,,,,,,,,,,,,,,,,under,215.5,-108.0,0.05505271548545854,0.059196468263933794,0.5466594380753671,5.1895040169608,0.014799117065983448,total,nba,,,,,,,,,,,,,,,,,,,,,,,0.4533405619246329,0.5466594380753671,2.205847179777062,1.8292924814775293,2.205847179777062,1.8292924814775293,0.5291005291005292,0.5181347150259068,0.5052356020942408,0.4947643979057591,-0.14318633796244384,-0.05189504016960789,0.0,-14.318633796244384,-5.189504016960789,0.05505271548545854,0.051895040169608,0.059196468263933794,5.505271548545854,5.1895040169608
